0 0.691406 0.011967 0.022908 0.023935
0 0.470313 0.020833 0.027619 0.036364
0 0.101562 0.03125 0.02933 0.037214
0 0.948438 0.029167 0.025124 0.02956
0 0.124219 0.06875 0.023556 0.02766
0 0.771094 0.086458 0.02848 0.051261
0 0.904687 0.077083 0.027679 0.031706
0 0.513281 0.084375 0.03 0.041071
0 0.592187 0.086458 0.026083 0.03037
0 0.686719 0.097917 0.027465 0.041121
0 0.780469 0.109375 0.03829 0.028295
0 0.7375 0.154167 0.0206 0.052091
0 0.10625 0.145833 0.0184 0.026183
0 0.771094 0.147917 0.021141 0.030558
0 0.782031 0.198958 0.028742 0.04308
0 0.044531 0.2 0.03014 0.03652
0 0.796094 0.216667 0.024945 0.046973
0 0.665625 0.209375 0.022828 0.030437
0 0.905469 0.261458 0.039865 0.030624
0 0.210938 0.266667 0.030073 0.034335
0 0.739062 0.282292 0.040914 0.070454
0 0.701562 0.271875 0.028703 0.041842
0 0.717969 0.332292 0.018442 0.024589
0 0.771094 0.35 0.031375 0.051391
0 0.849219 0.35625 0.036749 0.034689
0 0.946094 0.354167 0.019247 0.026491
0 0.577344 0.382292 0.03628 0.060853
0 0.734375 0.366667 0.020081 0.033397
0 0.057813 0.363542 0.019638 0.024534
0 0.454688 0.376042 0.018939 0.024442
0 0.74375 0.3875 0.026904 0.039801
0 0.621875 0.388542 0.025464 0.040136
0 0.658594 0.446875 0.022918 0.028188
0 0.445312 0.453125 0.019638 0.024534
0 0.834375 0.459375 0.023533 0.029266
0 0.595313 0.473958 0.032384 0.038537
0 0.752344 0.477083 0.024211 0.032811
0 0.79375 0.517708 0.031091 0.045265
0 0.338281 0.520833 0.019627 0.024405
0 0.803125 0.546875 0.023345 0.03313
0 0.564844 0.552083 0.035164 0.030408
0 0.607812 0.604167 0.033909 0.047882
0 0.813281 0.609375 0.02942 0.041119
0 0.742188 0.620833 0.021556 0.031475
0 0.721875 0.633333 0.018331 0.025253
0 0.817187 0.64375 0.028205 0.039343
0 0.670312 0.65625 0.020313 0.026042
0 0.386719 0.667708 0.027129 0.042413
0 0.878125 0.690625 0.027905 0.034571
0 0.801562 0.701042 0.022878 0.036693
0 0.941406 0.734375 0.032106 0.030436
0 0.792969 0.740625 0.026308 0.031809
0 0.709375 0.751042 0.023345 0.03313
0 0.970313 0.75 0.031255 0.026419
0 0.942969 0.783333 0.021203 0.030662
0 0.657813 0.8 0.021911 0.030893
0 0.269531 0.805208 0.026048 0.031808
0 0.671875 0.852083 0.029495 0.043218
0 0.732031 0.854167 0.02018 0.026907
0 0.948438 0.879167 0.023902 0.038808
0 0.150781 0.909375 0.024404 0.037062
0 0.426563 0.927083 0.018406 0.026178
0 0.082031 0.945833 0.025564 0.0345
0 0.174219 0.988175 0.023597 0.02365