0 0.55625 0.059375 0.021993 0.031331
0 0.549219 0.076042 0.01946 0.033373
0 0.348438 0.102083 0.01733 0.02503
0 0.295312 0.194792 0.018939 0.024442
0 0.946094 0.221875 0.02422 0.023155
0 0.623437 0.223958 0.021128 0.024499
0 0.627344 0.245833 0.018773 0.023107
0 0.646094 0.259375 0.028217 0.036605
0 0.435937 0.2625 0.018331 0.025253
0 0.753906 0.271875 0.020604 0.028373
0 0.635938 0.309375 0.019552 0.024083
0 0.557813 0.3125 0.018153 0.026097
0 0.233594 0.335417 0.020579 0.030481
0 0.578906 0.348958 0.017317 0.024011
0 0.554688 0.351042 0.018331 0.025253
0 0.372656 0.353125 0.019574 0.023676
0 0.41875 0.360417 0.026563 0.022305
0 0.367969 0.398958 0.020441 0.025129
0 0.719531 0.420833 0.024321 0.028636
0 0.396875 0.423958 0.020339 0.023705
0 0.085938 0.428125 0.018846 0.02378
0 0.332031 0.436458 0.019627 0.024405
0 0.7625 0.445833 0.0184 0.026183
0 0.767188 0.445833 0.018304 0.026169
0 0.565625 0.467708 0.01902 0.024748
0 0.8 0.472917 0.018354 0.027152
0 0.804688 0.483333 0.018406 0.026178
0 0.332813 0.501042 0.018331 0.025253
0 0.511719 0.515625 0.019574 0.023676
0 0.671875 0.519792 0.018939 0.024442
0 0.292969 0.539583 0.022815 0.027608
0 0.885156 0.539583 0.021886 0.023736
0 0.589844 0.55 0.019445 0.029302
0 0.548438 0.577083 0.018304 0.026169
0 0.542188 0.616667 0.017778 0.027118
0 0.542188 0.632292 0.018384 0.029201
0 0.609375 0.648958 0.01902 0.024748
0 0.321094 0.653125 0.019733 0.025046
0 0.727344 0.661458 0.01813 0.025093
0 0.745313 0.671875 0.018442 0.024589
0 0.457813 0.682292 0.018939 0.024442
0 0.235937 0.685417 0.017757 0.026099
0 0.721875 0.685417 0.018784 0.026311
0 0.713281 0.710417 0.019768 0.025593
0 0.46875 0.715625 0.018442 0.024589
0 0.623437 0.761458 0.019332 0.028307
0 0.645312 0.771875 0.023037 0.030715
0 0.067969 0.791667 0.018769 0.023116
0 0.117188 0.801042 0.019693 0.024852
0 0.220312 0.822917 0.018756 0.022285
0 0.164062 0.844792 0.017345 0.026058
0 0.167187 0.859375 0.019543 0.023126
0 0.382031 0.882292 0.018773 0.023107
0 0.257812 0.884375 0.018561 0.025359
0 0.23125 0.934375 0.022669 0.026114
0 0.45625 0.935417 0.021884 0.025104
0 0.029687 0.966667 0.021314 0.02663
0 0.264062 0.967708 0.018442 0.024589
0 0.260937 0.973958 0.01882 0.024173
0 0.335938 0.979167 0.017353 0.027093
0 0.432031 0.9869 0.028935 0.026199