0 0.866406 0.008706 0.019247 0.017412
0 0.246094 0.067708 0.024736 0.037004
0 0.721094 0.096875 0.024508 0.031695
0 0.792188 0.098958 0.018304 0.026169
0 0.8125 0.178125 0.02588 0.029593
0 0.639062 0.205208 0.024886 0.03407
0 0.9125 0.238542 0.023992 0.032586
0 0.272656 0.239583 0.023244 0.031704
0 0.132031 0.255208 0.027266 0.033333
0 0.03125 0.271875 0.027566 0.0384
0 0.987864 0.351042 0.024272 0.032372
0 0.971875 0.376042 0.020666 0.028723
0 0.711719 0.398958 0.02487 0.038844
0 0.420312 0.402083 0.022876 0.031243
0 0.014844 0.4125 0.025244 0.038977
0 0.128125 0.420833 0.02688 0.041311
0 0.464062 0.419792 0.027905 0.034571
0 0.589844 0.45 0.020479 0.026286
0 0.25625 0.482292 0.026787 0.037786
0 0.4375 0.529167 0.021239 0.025868
0 0.059375 0.541667 0.028268 0.034657
0 0.571094 0.553125 0.026823 0.032782
0 0.471875 0.558333 0.028906 0.037105
0 0.513281 0.565625 0.03924 0.038884
0 0.892969 0.559375 0.018939 0.024442
0 0.992179 0.564583 0.015642 0.026311
0 0.602344 0.634375 0.019792 0.025321
0 0.525 0.635417 0.018756 0.022285
0 0.340625 0.647917 0.021112 0.025088
0 0.94375 0.659375 0.025327 0.040945
0 0.823438 0.6625 0.024668 0.03021
0 0.58125 0.691667 0.028208 0.031587
0 0.296094 0.695833 0.025149 0.035616
0 0.38125 0.751042 0.031604 0.041528
0 0.577344 0.759375 0.038612 0.03852
0 0.396875 0.780208 0.019543 0.023126
0 0.054688 0.815625 0.01902 0.024748
0 0.102344 0.822917 0.026107 0.033377
0 0.669531 0.823958 0.024886 0.03407
0 0.707031 0.820833 0.0201 0.026364
0 0.321094 0.822917 0.019429 0.026567
0 0.56875 0.851042 0.027912 0.039544
0 0.032813 0.876042 0.025552 0.034516
0 0.291406 0.888542 0.019792 0.025321
0 0.147656 0.95 0.024631 0.032058
0 0.332031 0.957292 0.022828 0.027821
0 0.178125 0.957292 0.01902 0.024748
0 0.315625 0.970833 0.022551 0.029062