0 0.648438 0.013132 0.024508 0.026264
0 0.500781 0.020833 0.029506 0.037314
0 0.457031 0.019792 0.024274 0.028304
0 0.628906 0.055208 0.022883 0.028677
0 0.792969 0.085417 0.020058 0.027568
0 0.728125 0.117708 0.017317 0.024011
0 0.79375 0.1375 0.027467 0.034263
0 0.645312 0.145833 0.018124 0.023544
0 0.040625 0.155208 0.024975 0.031796
0 0.700781 0.157292 0.0197 0.025227
0 0.723437 0.161458 0.023533 0.029266
0 0.394531 0.175 0.023491 0.027306
0 0.671875 0.179167 0.030671 0.034338
0 0.919531 0.179167 0.020627 0.027503
0 0.147656 0.185417 0.023867 0.032182
0 0.878906 0.186458 0.022828 0.027821
0 0.173437 0.197917 0.030373 0.045869
0 0.355469 0.194792 0.027758 0.041531
0 0.15625 0.201042 0.025323 0.037101
0 0.592187 0.205208 0.03919 0.035644
0 0.338281 0.230208 0.027268 0.039696
0 0.064062 0.228125 0.024309 0.027699
0 0.810937 0.236458 0.023396 0.036804
0 0.192969 0.241667 0.02077 0.027051
0 0.946094 0.244792 0.025072 0.030368
0 0.372656 0.248958 0.024668 0.03021
0 0.905469 0.260417 0.022937 0.028155
0 0.139844 0.266667 0.026588 0.036075
0 0.35625 0.28125 0.025685 0.038911
0 0.276562 0.297917 0.025695 0.03914
0 0.557813 0.317708 0.034371 0.047498
0 0.647656 0.311458 0.023451 0.027139
0 0.251563 0.326042 0.027956 0.043365
0 0.427344 0.336458 0.029307 0.034742
0 0.5375 0.344792 0.01902 0.024748
0 0.165625 0.353125 0.027266 0.033333
0 0.078125 0.360417 0.02619 0.035643
0 0.5875 0.376042 0.025866 0.032394
0 0.1125 0.390625 0.022874 0.032977
0 0.128906 0.419792 0.020416 0.025301
0 0.499219 0.448958 0.033016 0.037221
0 0.099219 0.45 0.020697 0.026524
0 0.045312 0.457292 0.025477 0.035
0 0.45625 0.477083 0.029428 0.044514
0 0.274219 0.495833 0.026703 0.039582
0 0.217188 0.504167 0.028751 0.043481
0 0.135156 0.519792 0.026399 0.044968
0 0.088281 0.514583 0.025161 0.030661
0 0.304688 0.539583 0.040753 0.062022
0 0.786719 0.540625 0.02032 0.023137
0 0.049219 0.544792 0.019574 0.023676
0 0.9625 0.551042 0.023502 0.033261
0 0.174219 0.558333 0.024396 0.034961
0 0.751563 0.565625 0.023421 0.033
0 0.704688 0.565625 0.018442 0.024589
0 0.685156 0.583333 0.030111 0.041853
0 0.936719 0.577083 0.023055 0.028598
0 0.164844 0.580208 0.017317 0.024011
0 0.357812 0.61875 0.029385 0.03693
0 0.375781 0.660417 0.030462 0.042716
0 0.43125 0.655208 0.019774 0.03233
0 0.347656 0.682292 0.029834 0.038239
0 0.105469 0.689583 0.02648 0.033546
0 0.951562 0.691667 0.025905 0.033963
0 0.482031 0.719792 0.036002 0.039748
0 0.792969 0.728125 0.028468 0.034445
0 0.882031 0.733333 0.026209 0.039335
0 0.972656 0.735417 0.025014 0.029203
0 0.075781 0.744792 0.019633 0.024542
0 0.904687 0.780208 0.037119 0.038422
0 0.172656 0.785417 0.029963 0.045945
0 0.472656 0.801042 0.033717 0.055643
0 0.558594 0.803125 0.031892 0.039969
0 0.039844 0.803125 0.025528 0.036047
0 0.814063 0.81875 0.025077 0.038096
0 0.438281 0.864583 0.026593 0.033416
0 0.13125 0.885417 0.040027 0.038369
0 0.160938 0.888542 0.030361 0.039445
0 0.822656 0.915625 0.025309 0.034228
0 0.176563 0.95625 0.027752 0.040405