0 0.694531 0.040625 0.024578 0.029591
0 0.68125 0.039583 0.018008 0.02309
0 0.764062 0.059375 0.028966 0.029126
0 0.897656 0.064583 0.024214 0.037762
0 0.217188 0.140625 0.019178 0.025168
0 0.246875 0.142708 0.030471 0.027161
0 0.042188 0.160417 0.022152 0.027355
0 0.599219 0.1625 0.019792 0.025321
0 0.641406 0.261458 0.02513 0.028344
0 0.589844 0.269792 0.022778 0.034777
0 0.980919 0.3125 0.038161 0.047089
0 0.528906 0.330208 0.03229 0.045351
0 0.034375 0.352083 0.021176 0.031534
0 0.670312 0.348958 0.018442 0.024589
0 0.939844 0.413542 0.023484 0.033368
0 0.694531 0.411458 0.019925 0.025905
0 0.839844 0.423958 0.023857 0.035077
0 0.025 0.423958 0.022128 0.030307
0 0.935937 0.432292 0.018406 0.031267
0 0.645312 0.471875 0.030525 0.030047
0 0.278906 0.484375 0.019627 0.024405
0 0.782031 0.501042 0.020395 0.028324
0 0.402344 0.5625 0.023557 0.030821
0 0.902344 0.621875 0.021816 0.032581
0 0.654687 0.625 0.024436 0.029089
0 0.488281 0.638542 0.023489 0.025902
0 0.510156 0.651042 0.026688 0.028933
0 0.985156 0.657292 0.019012 0.028214
0 0.399219 0.66875 0.028036 0.038744
0 0.3625 0.69375 0.027973 0.037669
0 0.527344 0.703125 0.017317 0.024011
0 0.017969 0.715625 0.02599 0.029485
0 0.830469 0.714583 0.019446 0.026546
0 0.811719 0.725 0.026491 0.032644
0 0.321094 0.741667 0.025934 0.031502
0 0.588281 0.804167 0.026901 0.032323
0 0.260937 0.822917 0.027276 0.035402
0 0.167187 0.869792 0.023778 0.030992
0 0.66875 0.932292 0.036265 0.039293
0 0.513281 0.936458 0.028697 0.041086
0 0.63125 0.935417 0.03753 0.030372
0 0.21875 0.958333 0.024784 0.031536
0 0.465625 0.969792 0.031356 0.040168