0 0.834375 0.009959 0.018331 0.019918
0 0.467187 0.016667 0.017721 0.025103
0 0.757031 0.098958 0.02032 0.023137
0 0.146094 0.232292 0.017317 0.024011
0 0.760938 0.247917 0.022707 0.026328
0 0.565625 0.261458 0.025336 0.04701
0 0.489063 0.342708 0.018442 0.024589
0 0.650781 0.757292 0.019633 0.024542
0 0.578125 0.759375 0.021098 0.023144
0 0.875781 0.76875 0.018784 0.026311
0 0.95625 0.875 0.02118 0.025185
0 0.342969 0.969792 0.026141 0.037264
0 0.467187 0.971875 0.01882 0.024173
0 0.5 0.5 1.0 1.0
0 0.5 0.5 1.0 1.0
0 0.5 0.5 1.0 1.0
0 0.834375 0.009959 0.018331 0.019918
0 0.467187 0.016667 0.017721 0.025103
0 0.757031 0.098958 0.02032 0.023137
0 0.146094 0.232292 0.017317 0.024011
0 0.760938 0.247917 0.022707 0.026328
0 0.565625 0.261458 0.025336 0.04701
0 0.489063 0.342708 0.018442 0.024589
0 0.650781 0.757292 0.019633 0.024542
0 0.578125 0.759375 0.021098 0.023144
0 0.875781 0.76875 0.018784 0.026311
0 0.95625 0.875 0.02118 0.025185
0 0.342969 0.969792 0.026141 0.037264
0 0.467187 0.971875 0.01882 0.024173