0 0.545312 0.03125 0.018991 0.026389
0 0.697656 0.051042 0.019792 0.025321
0 0.472656 0.053125 0.01882 0.024173
0 0.292187 0.067708 0.023345 0.03313
0 0.399219 0.121875 0.018406 0.026178
0 0.358594 0.141667 0.019832 0.026443
0 0.454688 0.216667 0.022161 0.036631
0 0.582031 0.215625 0.021267 0.029091
0 0.682813 0.240625 0.032063 0.029119
0 0.330469 0.241667 0.021887 0.025097
0 0.223438 0.248958 0.019638 0.024534
0 0.45 0.269792 0.017337 0.025026
0 0.147656 0.273958 0.019633 0.024542
0 0.0625 0.2875 0.020072 0.030358
0 0.360938 0.352083 0.02422 0.023155
0 0.400781 0.380208 0.032856 0.029705
0 0.416406 0.403125 0.019792 0.025321
0 0.416406 0.43125 0.019992 0.026974
0 0.035156 0.441667 0.019992 0.026974
0 0.00926 0.451042 0.01852 0.028999
0 0.117188 0.464583 0.022947 0.027986
0 0.041406 0.470833 0.019818 0.02843
0 0.451562 0.504167 0.020231 0.026656
0 0.298438 0.515625 0.018048 0.02325
0 0.272656 0.525 0.019909 0.025929
0 0.307031 0.526042 0.019593 0.02836
0 0.7125 0.546875 0.019643 0.029203
0 0.642969 0.555208 0.023444 0.023751
0 0.75 0.5625 0.028193 0.030617
0 0.050781 0.567708 0.016714 0.025008
0 0.298438 0.590625 0.018124 0.023544
0 0.032031 0.6 0.02018 0.026907
0 0.025 0.632292 0.019774 0.03233
0 0.532813 0.646875 0.021575 0.028766
0 0.514062 0.670833 0.028476 0.032359
0 0.546094 0.679167 0.019683 0.026728
0 0.313281 0.685417 0.026843 0.031498
0 0.192969 0.684375 0.019627 0.024405
0 0.427344 0.698958 0.024588 0.035168
0 0.857812 0.728125 0.01998 0.028483
0 0.396875 0.742708 0.019543 0.023126
0 0.555469 0.752083 0.019429 0.026567
0 0.545312 0.765625 0.025935 0.028892
0 0.194531 0.7875 0.022768 0.026762
0 0.10625 0.789583 0.017345 0.026058
0 0.473438 0.80625 0.028176 0.03453
0 0.579688 0.820833 0.020566 0.026042
0 0.207031 0.821875 0.01902 0.024748
0 0.807031 0.828125 0.019792 0.025321
0 0.188281 0.866667 0.019446 0.026546
0 0.891406 0.870833 0.019429 0.026567
0 0.174219 0.896875 0.019601 0.028352
0 0.208594 0.894792 0.017721 0.025103
0 0.91875 0.916667 0.021198 0.026257
0 0.303906 0.946875 0.023908 0.033445
0 0.616406 0.944792 0.018773 0.023107
0 0.173437 0.989218 0.020314 0.021565