0 0.43125 0.047917 0.018921 0.024472
0 0.660937 0.065625 0.022633 0.032689
0 0.679688 0.071875 0.02101 0.028935
0 0.104688 0.110417 0.021259 0.033505
0 0.484375 0.110417 0.029521 0.034756
0 0.704688 0.108333 0.021259 0.028345
0 0.101562 0.129167 0.019195 0.026357
0 0.132031 0.163542 0.019733 0.025046
0 0.577344 0.255208 0.039285 0.047224
0 0.388281 0.298958 0.030491 0.0314
0 0.351562 0.308333 0.037286 0.042641
0 0.733594 0.328125 0.043896 0.062507
0 0.889062 0.341667 0.026778 0.037343
0 0.848437 0.353125 0.025564 0.0345
0 0.571094 0.373958 0.019792 0.025321
0 0.609375 0.392708 0.02648 0.033546
0 0.128125 0.4125 0.021239 0.025868
0 0.397656 0.435417 0.02688 0.033904
0 0.775 0.525 0.035346 0.043934
0 0.864062 0.54375 0.032739 0.047065
0 0.964844 0.666667 0.02736 0.027369
0 0.067969 0.760417 0.019992 0.026974
0 0.250781 0.84375 0.0184 0.026183
0 0.978906 0.923958 0.023511 0.028281
0 0.521875 0.960417 0.02486 0.031