0 0.891406 0.023527 0.040404 0.047055
0 0.454688 0.009716 0.024247 0.019432
0 0.146094 0.0119 0.025187 0.023799
0 0.61875 0.015334 0.025162 0.030668
0 0.475 0.014884 0.026083 0.029769
0 0.371875 0.023958 0.02804 0.047133
0 0.81875 0.022917 0.025866 0.032394
0 0.192188 0.026042 0.025323 0.037101
0 0.540625 0.029167 0.029044 0.035673
0 0.061719 0.029167 0.024898 0.035495
0 0.564063 0.033333 0.033019 0.046121
0 0.867969 0.032292 0.033101 0.040087
0 0.289844 0.039583 0.035419 0.049983
0 0.611719 0.028125 0.021701 0.028014
0 0.071094 0.036458 0.024095 0.033396
0 0.223438 0.040625 0.022726 0.025872
0 0.252344 0.048958 0.024421 0.029117
0 0.176563 0.048958 0.021924 0.029232
0 0.895312 0.05 0.022766 0.03074
0 0.802344 0.057292 0.02732 0.042103
0 0.119531 0.051042 0.019613 0.024433
0 0.736719 0.058333 0.026753 0.035531
0 0.336719 0.059375 0.027408 0.028239
0 0.219531 0.060417 0.022768 0.026762
0 0.475 0.061458 0.024436 0.029089
0 0.653906 0.071875 0.02365 0.028234
0 0.11875 0.078125 0.023345 0.03313
0 0.447656 0.075 0.019592 0.025156
0 0.705469 0.077083 0.023867 0.032182
0 0.627344 0.085417 0.02018 0.026907
0 0.665625 0.0875 0.026013 0.031157
0 0.864844 0.089583 0.022673 0.031282
0 0.892969 0.086458 0.018442 0.024589
0 0.851562 0.095833 0.028247 0.033675
0 0.527344 0.095833 0.019992 0.026974
0 0.767188 0.114583 0.027077 0.039383
0 0.78125 0.119792 0.021885 0.028544
0 0.900781 0.117708 0.019792 0.025321
0 0.358594 0.119792 0.021935 0.025224
0 0.292187 0.120833 0.024247 0.026365
0 0.848437 0.126042 0.031419 0.034185
0 0.088281 0.126042 0.024383 0.028296
0 0.222656 0.126042 0.026081 0.030374
0 0.477344 0.123958 0.018939 0.024442
0 0.888281 0.130208 0.019401 0.028319
0 0.110937 0.144792 0.024491 0.037045
0 0.896094 0.148958 0.024164 0.040804
0 0.863281 0.144792 0.019446 0.026546
0 0.622656 0.144792 0.020371 0.024457
0 0.225781 0.147917 0.021546 0.027548
0 0.041406 0.151042 0.02018 0.026907
0 0.264844 0.158333 0.026551 0.036368
0 0.032031 0.157292 0.022947 0.027986
0 0.852344 0.15625 0.020479 0.026286
0 0.352344 0.158333 0.022768 0.026762
0 0.942969 0.1625 0.025709 0.032024
0 0.180469 0.164583 0.020866 0.027821
0 0.25 0.164583 0.022768 0.026762
0 0.417969 0.164583 0.022768 0.026762
0 0.64375 0.175 0.031414 0.044917
0 0.869531 0.170833 0.023344 0.031678
0 0.1875 0.175 0.024578 0.029591
0 0.404687 0.177083 0.025865 0.032349
0 0.560937 0.172917 0.025022 0.026377
0 0.85625 0.179167 0.024669 0.036072
0 0.725781 0.185417 0.027276 0.041128
0 0.019531 0.190625 0.02752 0.030504
0 0.200781 0.190625 0.021924 0.029232
0 0.828125 0.197917 0.03139 0.040148
0 0.947656 0.198958 0.030493 0.041558
0 0.096094 0.196875 0.023556 0.02766
0 0.800781 0.2 0.026 0.030914
0 0.885156 0.196875 0.019552 0.024083
0 0.083594 0.202083 0.022094 0.027539
0 0.599219 0.204167 0.020328 0.024087
0 0.378125 0.208333 0.025022 0.026377
0 0.357031 0.2125 0.022768 0.026762
0 0.86875 0.227083 0.027486 0.046232
0 0.720313 0.223958 0.026724 0.034099
0 0.279687 0.222917 0.022067 0.026726
0 0.39375 0.222917 0.021701 0.028014
0 0.040625 0.234375 0.02336 0.033114
0 0.89375 0.242708 0.02482 0.037121
0 0.784375 0.238542 0.018048 0.02325
0 0.560156 0.245833 0.023244 0.031704
0 0.757812 0.24375 0.019534 0.022292
0 0.441406 0.248958 0.018354 0.025228
0 0.491406 0.264583 0.029829 0.052471
0 0.369531 0.253125 0.022758 0.028319
0 0.702344 0.255208 0.023026 0.028919
0 0.614062 0.267708 0.030371 0.041607
0 0.042188 0.265625 0.022226 0.031538
0 0.386719 0.284375 0.03908 0.056245
0 0.144531 0.279167 0.025841 0.035267
0 0.134375 0.282292 0.022874 0.032977
0 0.6 0.285417 0.019681 0.02538
0 0.853906 0.291667 0.018756 0.022285
0 0.875781 0.301042 0.026421 0.03234
0 0.942187 0.309375 0.024079 0.030374
0 0.757812 0.313542 0.023542 0.03254
0 0.029687 0.317708 0.024679 0.030191
0 0.882031 0.319792 0.022657 0.03289
0 0.611719 0.319792 0.019925 0.025905
0 0.792188 0.321875 0.019531 0.027421
0 0.082031 0.323958 0.01998 0.028483
0 0.921875 0.327083 0.022376 0.031057
0 0.936719 0.340625 0.032053 0.046933
0 0.802344 0.332292 0.018939 0.024442
0 0.865625 0.3375 0.021701 0.028014
0 0.346094 0.341667 0.018342 0.027161
0 0.264844 0.344792 0.025984 0.029621
0 0.138281 0.346875 0.020072 0.030358
0 0.658594 0.359375 0.034985 0.053871
0 0.532813 0.35 0.024226 0.026124
0 0.403125 0.360417 0.045194 0.048066
0 0.148438 0.360417 0.022523 0.030827
0 0.803906 0.367708 0.023234 0.02937
0 0.111719 0.371875 0.02269 0.029686
0 0.519531 0.38125 0.025984 0.029621
0 0.475781 0.383333 0.022828 0.027821
0 0.582812 0.3875 0.028198 0.035453
0 0.877344 0.39375 0.024209 0.038794
0 0.360938 0.39375 0.025574 0.035632
0 0.485156 0.404167 0.043431 0.044107
0 0.089063 0.405208 0.029119 0.034989
0 0.557813 0.407292 0.024706 0.039753
0 0.760156 0.409375 0.023933 0.036696
0 0.146094 0.404167 0.01875 0.022917
0 0.929688 0.416667 0.025712 0.035203
0 0.530469 0.417708 0.025043 0.028321
0 0.666406 0.41875 0.022947 0.027986
0 0.828906 0.417708 0.02032 0.023137
0 0.007118 0.421875 0.014237 0.028728
0 0.057031 0.420833 0.022798 0.02679
0 0.549219 0.429167 0.027985 0.039341
0 0.600781 0.423958 0.024336 0.03118
0 0.053125 0.435417 0.039693 0.045061
0 0.430469 0.427083 0.025784 0.025116
0 0.08125 0.432292 0.02758 0.034919
0 0.491406 0.434375 0.025857 0.028661
0 0.879687 0.44375 0.019534 0.022292
0 0.713281 0.469792 0.022828 0.027821
0 0.439844 0.472917 0.021202 0.026349
0 0.495312 0.478125 0.02217 0.02922
0 0.146094 0.478125 0.019531 0.027421
0 0.373437 0.4875 0.027157 0.038174
0 0.09375 0.49375 0.02237 0.031064
0 0.028125 0.495833 0.021094 0.025
0 0.127344 0.509375 0.021901 0.024512
0 0.701562 0.510417 0.021701 0.028014
0 0.542969 0.511458 0.017438 0.024063
0 0.552344 0.519792 0.023319 0.029672
0 0.755469 0.525 0.032524 0.037274
0 0.336719 0.535417 0.037169 0.040695
0 0.011719 0.532292 0.019574 0.023676
0 0.676562 0.555208 0.036742 0.057327
0 0.065625 0.54375 0.021976 0.025927
0 0.792188 0.548958 0.025513 0.033411
0 0.124219 0.551042 0.020416 0.025301
0 0.840625 0.55625 0.026825 0.036613
0 0.048438 0.564583 0.021198 0.026257
0 0.8 0.571875 0.026124 0.031426
0 0.639844 0.575 0.028938 0.031386
0 0.228125 0.579167 0.022815 0.027608
0 0.473438 0.578125 0.022689 0.025403
0 0.541406 0.580208 0.036726 0.02746
0 0.90625 0.579167 0.022152 0.027355
0 0.15 0.584375 0.030829 0.034019
0 0.302344 0.579167 0.019574 0.023676
0 0.2875 0.588542 0.026275 0.033933
0 0.30625 0.586458 0.022658 0.023151
0 0.309375 0.597917 0.022169 0.033669
0 0.8625 0.602083 0.029428 0.044514
0 0.827344 0.59375 0.019574 0.023676
0 0.725781 0.596875 0.019909 0.025929
0 0.139063 0.597917 0.024247 0.026365
0 0.294531 0.613542 0.022828 0.030437
0 0.932031 0.6125 0.020566 0.026042
0 0.929688 0.625 0.023451 0.027139
0 0.839063 0.623958 0.018939 0.024442
0 0.038281 0.628125 0.02032 0.023137
0 0.816406 0.640625 0.043807 0.051958
0 0.632812 0.630208 0.020566 0.026042
0 0.592187 0.639583 0.024223 0.025111
0 0.860938 0.64375 0.02588 0.029593
0 0.457031 0.645833 0.022777 0.026557
0 0.539062 0.653125 0.027045 0.039035
0 0.790625 0.653125 0.024988 0.032589
0 0.364063 0.65625 0.029025 0.035484
0 0.525781 0.657292 0.025307 0.033133
0 0.103125 0.657292 0.021636 0.02966
0 0.870313 0.657292 0.022729 0.02728
0 0.032813 0.657292 0.021875 0.023958
0 0.480469 0.657292 0.019119 0.025492
0 0.486719 0.664583 0.028246 0.03104
0 0.935937 0.6625 0.021479 0.027243
0 0.225 0.666667 0.02507 0.027729
0 0.9 0.66875 0.024623 0.030229
0 0.335938 0.66875 0.025032 0.027341
0 0.878906 0.666667 0.016702 0.023976
0 0.572656 0.675 0.028726 0.039257
0 0.807031 0.679167 0.026107 0.033377
0 0.6375 0.6875 0.025379 0.035044
0 0.940625 0.688542 0.018827 0.023629
0 0.271875 0.694792 0.021915 0.02956
0 0.607031 0.696875 0.025149 0.032864
0 0.486719 0.708333 0.033298 0.052313
0 0.136719 0.698958 0.025788 0.027151
0 0.254688 0.697917 0.021459 0.027275
0 0.842969 0.70625 0.022768 0.026762
0 0.232813 0.714583 0.018769 0.023116
0 0.353906 0.720833 0.024494 0.031715
0 0.638281 0.720833 0.018048 0.02325
0 0.074219 0.726042 0.02139 0.029072
0 0.405469 0.729167 0.025836 0.027678
0 0.428125 0.730208 0.023958 0.029808
0 0.467187 0.74375 0.039427 0.054082
0 0.877344 0.753125 0.032544 0.037532
0 0.646094 0.752083 0.025938 0.031646
0 0.254688 0.7625 0.024652 0.030465
0 0.584375 0.766667 0.020566 0.026042
0 0.970313 0.770833 0.021198 0.026257
0 0.236719 0.772917 0.022707 0.026328
0 0.85625 0.776042 0.022017 0.028277
0 0.582031 0.782292 0.029674 0.035698
0 0.71875 0.783333 0.023778 0.030992
0 0.480469 0.791667 0.023592 0.030549
0 0.901563 0.795833 0.025334 0.035549
0 0.610938 0.796875 0.026159 0.03105
0 0.549219 0.801042 0.023781 0.028969
0 0.944531 0.798958 0.018048 0.02325
0 0.0625 0.8125 0.031363 0.031051
0 0.451562 0.81875 0.024668 0.03021
0 0.864844 0.822917 0.022657 0.03289
0 0.973437 0.820833 0.021819 0.028356
0 0.834375 0.819792 0.020371 0.024457
0 0.76875 0.832292 0.026432 0.038346
0 0.811719 0.83125 0.038594 0.038283
0 0.388281 0.829167 0.02203 0.026707
0 0.267188 0.839583 0.02752 0.039646
0 0.011719 0.835417 0.020537 0.027934
0 0.205469 0.838542 0.020432 0.028638
0 0.675 0.841667 0.024436 0.029089
0 0.942969 0.841667 0.023402 0.030544
0 0.797656 0.852083 0.024232 0.030858
0 0.210938 0.8625 0.022861 0.027439
0 0.964063 0.8625 0.021198 0.026257
0 0.954688 0.875 0.02755 0.030493
0 0.909375 0.890625 0.02992 0.045642
0 0.5 0.8875 0.022815 0.027608
0 0.829688 0.890625 0.025905 0.033963
0 0.809375 0.892708 0.026624 0.028684
0 0.935156 0.897917 0.025021 0.038856
0 0.765625 0.902083 0.021887 0.025097
0 0.258594 0.904167 0.020566 0.026042
0 0.440625 0.908333 0.024698 0.032251
0 0.267188 0.910417 0.021788 0.030078
0 0.496875 0.917708 0.022849 0.032869
0 0.79375 0.920833 0.021976 0.025927
0 0.892969 0.926042 0.024625 0.036744
0 0.032031 0.926042 0.023097 0.028871
0 0.627344 0.93125 0.031624 0.034716
0 0.300781 0.928125 0.024229 0.024547
0 0.092188 0.93125 0.018756 0.022285
0 0.066406 0.941667 0.023931 0.031351
0 0.86875 0.941667 0.021542 0.027554
0 0.928906 0.946875 0.023768 0.032356
0 0.741406 0.948958 0.020371 0.024457
0 0.540625 0.958333 0.020938 0.027401
0 0.422656 0.9625 0.023826 0.034994
0 0.353125 0.965625 0.025467 0.03084
0 0.44375 0.966667 0.021701 0.028014
0 0.121094 0.972917 0.020328 0.024087
0 0.76875 0.98125 0.018921 0.024472
0 0.259375 0.985417 0.021112 0.025088
0 0.289844 0.991451 0.018846 0.017098