0 0.209375 0.032292 0.018442 0.024589
0 0.233594 0.096875 0.028972 0.042032
0 0.855469 0.095833 0.020046 0.026244
0 0.753125 0.108333 0.023055 0.030355
0 0.579688 0.15 0.030285 0.038538
0 0.773438 0.1875 0.026304 0.031816
0 0.096875 0.2 0.02325 0.033147
0 0.974219 0.203125 0.020372 0.028564
0 0.644531 0.2125 0.022673 0.031282
0 0.578906 0.235417 0.029113 0.034806
0 0.6125 0.265625 0.02771 0.031989
0 0.584375 0.31875 0.024436 0.029089
0 0.160156 0.344792 0.02989 0.035805
0 0.246094 0.35 0.02237 0.031064
0 0.548438 0.370833 0.024652 0.030465
0 0.346875 0.375 0.019429 0.026567
0 0.664844 0.390625 0.020231 0.026656
0 0.06875 0.396875 0.021804 0.02852
0 0.050781 0.405208 0.02003 0.029373
0 0.933594 0.477083 0.022152 0.027355
0 0.232031 0.4875 0.032176 0.032809
0 0.563281 0.507292 0.019558 0.02407
0 0.552344 0.534375 0.021176 0.031534
0 0.501563 0.536458 0.027624 0.03239
0 0.86875 0.544792 0.02217 0.02922
0 0.689844 0.617708 0.024229 0.027144
0 0.138281 0.632292 0.022828 0.027821
0 0.149219 0.65 0.019792 0.025321
0 0.882031 0.735417 0.023268 0.032258
0 0.3625 0.761458 0.018342 0.027161
0 0.215625 0.830208 0.023951 0.036884
0 0.102344 0.867708 0.024371 0.03362
0 0.492969 0.897917 0.027136 0.043294
0 0.658594 0.898958 0.026436 0.037088
0 0.2625 0.902083 0.022027 0.030978
0 0.586719 0.944792 0.025552 0.033182
0 0.726562 0.973958 0.02143 0.027648
0 0.14375 0.98125 0.027239 0.033549
0 0.5125 0.984001 0.022309 0.031998
0 0.753906 0.98744 0.02198 0.02512