0 0.814063 0.267708 0.019792 0.025321
0 0.707812 0.489583 0.023447 0.026119
0 0.484375 0.526042 0.017317 0.024011
0 0.932813 0.636458 0.021593 0.032602
0 0.321875 0.648958 0.019119 0.025492
0 0.673438 0.661458 0.021131 0.02449
0 0.440625 0.690625 0.034183 0.043908
0 0.928125 0.701042 0.025469 0.031621
0 0.921875 0.720833 0.018354 0.027152
0 0.526563 0.744792 0.056842 0.0614
0 0.386719 0.760417 0.019633 0.024542
0 0.396875 0.763542 0.019401 0.028319
0 0.276562 0.779167 0.017757 0.026099
0 0.605469 0.821875 0.020364 0.024472
0 0.232813 0.820833 0.017982 0.022269
0 0.845313 0.859375 0.017835 0.025128
0 0.219531 0.861458 0.017438 0.024063
0 0.84375 0.865625 0.017759 0.024215
0 0.74375 0.90625 0.0184 0.026183
0 0.808594 0.91875 0.020627 0.027503
0 0.764844 0.923958 0.020341 0.025073
0 0.33125 0.944792 0.018096 0.024127
0 0.6625 0.970833 0.018991 0.026389
0 0.667188 0.975 0.020314 0.022296
0 0.494531 0.983333 0.021504 0.027927