0 0.389062 0.010862 0.021999 0.021724
0 0.4875 0.027083 0.017757 0.026099
0 0.678906 0.039583 0.020789 0.026845
0 0.3 0.048958 0.01902 0.024748
0 0.299219 0.077083 0.018756 0.022285
0 0.515625 0.085417 0.022143 0.027371
0 0.261719 0.089583 0.021972 0.025937
0 0.520312 0.108333 0.0184 0.026183
0 0.902344 0.110417 0.019531 0.027421
0 0.364844 0.145833 0.020566 0.026042
0 0.420312 0.151042 0.018442 0.024589
0 0.714063 0.166667 0.021242 0.026567
0 0.938281 0.167708 0.021242 0.026567
0 0.609375 0.175 0.021198 0.026257
0 0.171875 0.245833 0.022656 0.031302
0 0.846875 0.244792 0.018785 0.024068
0 0.203906 0.253125 0.019574 0.023676
0 0.404687 0.2625 0.018324 0.026151
0 0.482812 0.282292 0.018888 0.028239
0 0.930469 0.325 0.023244 0.031704
0 0.430469 0.333333 0.020697 0.026524
0 0.829688 0.334375 0.021658 0.029319
0 0.517188 0.34375 0.025974 0.029329
0 0.780469 0.352083 0.020046 0.026244
0 0.453906 0.370833 0.01902 0.024748
0 0.708594 0.436458 0.022729 0.02728
0 0.405469 0.472917 0.021176 0.031534
0 0.417187 0.479167 0.021083 0.029623
0 0.421094 0.529167 0.022523 0.030827
0 0.732812 0.544792 0.019638 0.024534
0 0.29375 0.630208 0.01882 0.024173
0 0.157031 0.638542 0.017317 0.024011
0 0.967969 0.679167 0.020627 0.027503
0 0.142969 0.717708 0.017317 0.024011
0 0.2125 0.717708 0.018939 0.024442
0 0.214844 0.728125 0.029043 0.036562
0 0.209375 0.753125 0.023847 0.0333
0 0.222656 0.757292 0.019574 0.023676
0 0.882031 0.7625 0.019683 0.026728
0 0.344531 0.766667 0.019446 0.026546
0 0.639844 0.773958 0.019543 0.023126
0 0.632812 0.839583 0.018867 0.026122
0 0.167969 0.863542 0.019543 0.023126
0 0.878906 0.865625 0.018442 0.024589
0 0.529687 0.89375 0.020231 0.026656
0 0.125781 0.894792 0.01902 0.024748
0 0.229687 0.940625 0.017337 0.025026
0 0.236719 0.94375 0.019992 0.026974
0 0.313281 0.967708 0.02118 0.025185
0 0.482812 0.98125 0.019195 0.026357
0 0.746094 0.989351 0.019909 0.021298