0 0.742969 0.023958 0.02765 0.031959
0 0.872656 0.052083 0.020758 0.034448
0 0.594531 0.119792 0.02203 0.026707
0 0.348438 0.135417 0.020231 0.026656
0 0.835156 0.178125 0.026698 0.02992
0 0.008564 0.178125 0.017128 0.029672
0 0.702344 0.215625 0.026441 0.033085
0 0.175 0.272917 0.023141 0.036646
0 0.688281 0.307292 0.025799 0.031271
0 0.679688 0.321875 0.018008 0.02309
0 0.485156 0.354167 0.028651 0.034173
0 0.253906 0.405208 0.024291 0.029293
0 0.964063 0.413542 0.022522 0.039672
0 0.250781 0.416667 0.019683 0.026728
0 0.651563 0.426042 0.017759 0.024215
0 0.061719 0.435417 0.053938 0.035529
0 0.024219 0.436458 0.025323 0.037101
0 0.240625 0.697917 0.02752 0.030504
0 0.4 0.755208 0.02197 0.032388
0 0.102344 0.975 0.026146 0.031074
0 0.971094 0.98794 0.02389 0.024121