0 0.725 0.014583 0.020341 0.025073
0 0.917969 0.033333 0.019247 0.026491
0 0.048438 0.103125 0.021556 0.031475
0 0.167969 0.103125 0.021172 0.028874
0 0.548438 0.119792 0.017721 0.025103
0 0.300781 0.129167 0.019768 0.025593
0 0.154688 0.136458 0.018939 0.024442
0 0.989062 0.151042 0.018442 0.024589
0 0.153906 0.15625 0.02237 0.031064
0 0.196094 0.158333 0.02018 0.026907
0 0.454688 0.172917 0.022152 0.027355
0 0.973437 0.202083 0.019609 0.026145
0 0.828906 0.213542 0.022828 0.027821
0 0.89375 0.219792 0.021128 0.024499
0 0.970313 0.219792 0.018939 0.024442
0 0.841406 0.24375 0.022918 0.028188
0 0.691406 0.265625 0.019613 0.024433
0 0.9375 0.303125 0.024258 0.025926
0 0.175781 0.31875 0.023161 0.029971
0 0.077344 0.31875 0.025022 0.026377
0 0.566406 0.31875 0.02123 0.025887
0 0.0375 0.336458 0.020339 0.023705
0 0.040625 0.370833 0.02428 0.026751
0 0.1 0.377083 0.018784 0.026311
0 0.838281 0.411458 0.022415 0.034671
0 0.6 0.409375 0.019558 0.02407
0 0.360938 0.45625 0.018008 0.02309
0 0.032813 0.465625 0.018384 0.029201
0 0.047656 0.4875 0.018787 0.026105
0 0.540625 0.4875 0.018324 0.026151
0 0.467187 0.496875 0.02127 0.026124
0 0.235937 0.555208 0.021171 0.025078
0 0.129688 0.575 0.025469 0.031621
0 0.634375 0.577083 0.021239 0.025868
0 0.357031 0.584375 0.023461 0.030231
0 0.516406 0.590625 0.019401 0.028319
0 0.560156 0.614583 0.019071 0.027215
0 0.19375 0.613542 0.018442 0.024589
0 0.669531 0.617708 0.019733 0.025046
0 0.621094 0.642708 0.020371 0.024457
0 0.489063 0.65 0.019401 0.028319
0 0.570312 0.6625 0.018784 0.026311
0 0.054688 0.7125 0.019534 0.022292
0 0.241406 0.728125 0.019627 0.024405
0 0.934375 0.745833 0.01813 0.025093
0 0.084375 0.759375 0.019693 0.024852
0 0.189062 0.761458 0.018374 0.028171
0 0.025 0.771875 0.022042 0.028455
0 0.538281 0.773958 0.019972 0.028419
0 0.776563 0.777083 0.021362 0.02664
0 0.607812 0.778125 0.018442 0.024589
0 0.448437 0.814583 0.018442 0.027169
0 0.932031 0.827083 0.020046 0.026244
0 0.9875 0.829167 0.02222 0.030535
0 0.313281 0.857292 0.017301 0.024027
0 0.560937 0.978125 0.019633 0.024542
0 0.713281 0.987122 0.020521 0.025756