0 0.415625 0.055208 0.020525 0.036516
0 0.688281 0.095833 0.019119 0.025492
0 0.121875 0.109375 0.018442 0.024589
0 0.580469 0.129167 0.020661 0.028728
0 0.826562 0.196875 0.017721 0.025103
0 0.416406 0.48125 0.021972 0.025937
0 0.70625 0.555208 0.022594 0.036612
0 0.305469 0.636458 0.043575 0.049513
0 0.69375 0.704167 0.018867 0.026122
0 0.69375 0.717708 0.017793 0.028147
0 0.960938 0.751042 0.022716 0.0344
0 0.634375 0.7625 0.021198 0.026257
0 0.089844 0.784375 0.026749 0.031919
0 0.521094 0.827083 0.016719 0.026046
0 0.690625 0.838542 0.023063 0.030344
0 0.503906 0.971875 0.018048 0.02325