0 0.959375 0.010979 0.021648 0.021958
0 0.890625 0.040625 0.021999 0.028864
0 0.86875 0.04375 0.020866 0.030437
0 0.117188 0.063542 0.031551 0.038089
0 0.48125 0.065625 0.021885 0.028544
0 0.825 0.111458 0.019178 0.025168
0 0.179688 0.120833 0.027883 0.03315
0 0.632031 0.142708 0.028405 0.031779
0 0.339844 0.196875 0.026221 0.032529
0 0.3625 0.210417 0.02443 0.036107
0 0.785156 0.219792 0.017438 0.024063
0 0.698438 0.297917 0.025135 0.03905
0 0.410938 0.366667 0.023862 0.035072
0 0.765625 0.3625 0.018442 0.024589
0 0.685937 0.372917 0.021949 0.026392
0 0.651563 0.405208 0.024436 0.029089
0 0.776563 0.448958 0.024274 0.028304
0 0.953125 0.565625 0.01733 0.02503
0 0.072656 0.578125 0.019638 0.024534
0 0.935937 0.60625 0.021701 0.028014
0 0.8625 0.620833 0.021563 0.029929
0 0.176563 0.6875 0.023903 0.032879
0 0.96875 0.720833 0.024377 0.029518
0 0.703125 0.738542 0.02139 0.029072
0 0.330469 0.740625 0.01902 0.024748
0 0.546094 0.755208 0.026299 0.033348
0 0.024219 0.772917 0.024483 0.035321
0 0.202344 0.777083 0.027854 0.033377
0 0.014844 0.79375 0.026584 0.036397
0 0.792188 0.841667 0.022129 0.030969
0 0.177344 0.844792 0.022171 0.030594
0 0.374219 0.85 0.020231 0.026656
0 0.334375 0.936458 0.019638 0.024534
0 0.307031 0.95625 0.029304 0.033308