0 0.267188 0.021875 0.018442 0.024589
0 0.333594 0.027083 0.017802 0.029182
0 0.307031 0.026042 0.020371 0.024457
0 0.153125 0.041667 0.01998 0.028483
0 0.532813 0.046875 0.019071 0.027215
0 0.390625 0.085417 0.040938 0.055588
0 0.591406 0.083333 0.023486 0.025911
0 0.939844 0.119792 0.018846 0.02378
0 0.006927 0.126042 0.013853 0.025253
0 0.385937 0.126042 0.01882 0.024173
0 0.008608 0.134375 0.017217 0.024457
0 0.545312 0.145833 0.018769 0.023116
0 0.041406 0.160417 0.026251 0.035002
0 0.2 0.183333 0.033675 0.034971
0 0.311719 0.178125 0.019693 0.024852
0 0.142187 0.180208 0.020371 0.024457
0 0.48125 0.211458 0.018153 0.026097
0 0.4125 0.217708 0.028944 0.033478
0 0.439063 0.213542 0.018939 0.024442
0 0.207031 0.289583 0.020313 0.022917
0 0.592187 0.319792 0.019733 0.025046
0 0.389062 0.326042 0.021171 0.025078
0 0.564844 0.376042 0.019574 0.023676
0 0.9 0.376042 0.021878 0.023148
0 0.411719 0.390625 0.019401 0.028319
0 0.234375 0.4 0.02427 0.028385
0 0.250781 0.407292 0.023489 0.025902
0 0.421875 0.423958 0.018161 0.023679
0 0.583594 0.429167 0.019534 0.022292
0 0.110937 0.4375 0.017982 0.022269
0 0.692187 0.447917 0.020314 0.022296
0 0.023438 0.448958 0.019552 0.024083
0 0.675781 0.489583 0.019832 0.026443
0 0.807031 0.492708 0.018882 0.032321
0 0.45625 0.507292 0.021172 0.028874
0 0.574219 0.553125 0.022675 0.024528
0 0.116406 0.580208 0.018096 0.024127
0 0.932813 0.619792 0.018921 0.024472
0 0.297656 0.634375 0.018396 0.030233
0 0.960156 0.630208 0.019733 0.025046
0 0.441406 0.635417 0.019429 0.026567
0 0.804688 0.634375 0.01882 0.024173
0 0.371094 0.639583 0.019683 0.026728
0 0.910156 0.65625 0.019071 0.027215
0 0.592187 0.657292 0.019543 0.023126
0 0.776563 0.675 0.021333 0.026872
0 0.788281 0.69375 0.019446 0.026546
0 0.729688 0.7 0.021924 0.025492
0 0.684375 0.736458 0.018846 0.02378
0 0.735156 0.7375 0.018406 0.026178
0 0.571875 0.751042 0.021989 0.028877
0 0.327344 0.759375 0.017317 0.024011
0 0.446875 0.759375 0.021128 0.024499
0 0.328125 0.765625 0.018442 0.024589
0 0.421875 0.769792 0.02143 0.027648
0 0.485156 0.779167 0.024377 0.029703
0 0.617969 0.776042 0.019543 0.023126
0 0.753906 0.789583 0.021761 0.031624
0 0.3 0.83125 0.020046 0.026244
0 0.8125 0.834375 0.019768 0.025593
0 0.589844 0.859375 0.02111 0.023724
0 0.182031 0.871875 0.017317 0.024011
0 0.246094 0.876042 0.021901 0.024512
0 0.79375 0.880208 0.023782 0.028969
0 0.255469 0.894792 0.022768 0.026762
0 0.446094 0.905208 0.019633 0.024542
0 0.621875 0.905208 0.019627 0.024405
0 0.897656 0.935417 0.020583 0.030478
0 0.980469 0.938542 0.019574 0.023676
0 0.392969 0.954167 0.02055 0.034465
0 0.79375 0.955208 0.020364 0.024472
0 0.689844 0.958333 0.02273 0.025968
0 0.183594 0.964583 0.022858 0.027444
0 0.682813 0.971875 0.018048 0.02325
0 0.190625 0.986458 0.019627 0.024405
0 0.982812 0.990311 0.01882 0.019378