0 0.971094 0.019792 0.026146 0.031074
0 0.959375 0.026042 0.024394 0.028127
0 0.128125 0.033333 0.021653 0.030795
0 0.907813 0.042708 0.020955 0.032501
0 0.723437 0.071875 0.018939 0.024442
0 0.757031 0.105208 0.019818 0.02843
0 0.371875 0.213542 0.021145 0.028907
0 0.588281 0.234375 0.023668 0.036768
0 0.6375 0.242708 0.031347 0.031508
0 0.754687 0.247917 0.021946 0.026299
0 0.591406 0.277083 0.021076 0.032495
0 0.689844 0.345833 0.022876 0.031243
0 0.934375 0.351042 0.024736 0.037004
0 0.610156 0.351042 0.020945 0.028672
0 0.65625 0.436458 0.021222 0.032511
0 0.142187 0.463542 0.018442 0.024589
0 0.014844 0.488542 0.022489 0.033625
0 0.732031 0.491667 0.018991 0.026389
0 0.541406 0.569792 0.026202 0.031339
0 0.507031 0.577083 0.021911 0.030893
0 0.161719 0.604167 0.019909 0.025929
0 0.98838 0.629167 0.023239 0.030433
0 0.79375 0.671875 0.026441 0.033085
0 0.48125 0.717708 0.027487 0.029578
0 0.427344 0.761458 0.02217 0.02922
0 0.50625 0.782292 0.025343 0.032814
0 0.453906 0.834375 0.026966 0.034781
0 0.727344 0.838542 0.019714 0.027305
0 0.173437 0.842708 0.02752 0.030504
0 0.365625 0.8875 0.019429 0.026567
0 0.708594 0.933333 0.041396 0.051942
0 0.178906 0.922917 0.023583 0.030562
0 0.540625 0.938542 0.022111 0.027748
0 0.135156 0.95625 0.019627 0.024405
0 0.055469 0.967708 0.02101 0.028935