0 0.139844 0.047917 0.023491 0.027306
0 0.571875 0.055208 0.024565 0.029737
0 0.267969 0.064583 0.02599 0.029485
0 0.204687 0.069792 0.018939 0.024442
0 0.986719 0.11875 0.023557 0.030821
0 0.322656 0.138542 0.018442 0.024589
0 0.835156 0.233333 0.022861 0.027439
0 0.120313 0.255208 0.021648 0.029332
0 0.973437 0.253125 0.018442 0.024589
0 0.311719 0.273958 0.026358 0.034584
0 0.108594 0.282292 0.01998 0.028483
0 0.796094 0.284375 0.022012 0.032718
0 0.290625 0.294792 0.0254 0.035358
0 0.477344 0.317708 0.02101 0.028935
0 0.396094 0.329167 0.030602 0.04395
0 0.510156 0.354167 0.022254 0.031093
0 0.555469 0.352083 0.019992 0.026974
0 0.353906 0.421875 0.020147 0.028452
0 0.401562 0.453125 0.021272 0.037524
0 0.713281 0.463542 0.019638 0.024534
0 0.473438 0.478125 0.024733 0.030499
0 0.942969 0.519792 0.022067 0.026726
0 0.421875 0.530208 0.025982 0.033258
0 0.148438 0.553125 0.020313 0.023958
0 0.517969 0.563542 0.028853 0.03738
0 0.178906 0.564583 0.018304 0.026169
0 0.091406 0.640625 0.024341 0.028597
0 0.252344 0.64375 0.022908 0.031203
0 0.669531 0.686458 0.02434 0.033657
0 0.835156 0.713542 0.022828 0.027821
0 0.924219 0.720833 0.020566 0.026042
0 0.625781 0.738542 0.022346 0.029794
0 0.0875 0.745833 0.022945 0.029561
0 0.360156 0.747917 0.019992 0.026974
0 0.778125 0.760417 0.01733 0.02503
0 0.214844 0.8625 0.029458 0.035323
0 0.496094 0.866667 0.024692 0.030786
0 0.133594 0.917708 0.024371 0.028101
0 0.246094 0.961458 0.025865 0.032349