0 0.134375 0.007606 0.01882 0.015212
0 0.842187 0.036458 0.019374 0.029294
0 0.300781 0.044792 0.018827 0.023629
0 0.083594 0.072917 0.019733 0.025046
0 0.036719 0.075 0.020627 0.027503
0 0.159375 0.09375 0.019918 0.030369
0 0.689844 0.09375 0.019534 0.022292
0 0.372656 0.115625 0.019768 0.025593
0 0.153906 0.121875 0.020774 0.032412
0 0.391406 0.125 0.022758 0.026784
0 0.482031 0.133333 0.020231 0.026656
0 0.946875 0.135417 0.018354 0.025228
0 0.355469 0.157292 0.019531 0.027421
0 0.170313 0.159375 0.018331 0.025253
0 0.153125 0.16875 0.021259 0.028345
0 0.76875 0.167708 0.02032 0.023137
0 0.540625 0.170833 0.018773 0.023107
0 0.604688 0.180208 0.018096 0.024127
0 0.078125 0.188542 0.019693 0.024852
0 0.719531 0.198958 0.021921 0.025381
0 0.239844 0.205208 0.021171 0.025078
0 0.49375 0.2375 0.018406 0.026178
0 0.657031 0.242708 0.01902 0.024748
0 0.485938 0.245833 0.018756 0.022285
0 0.352344 0.289583 0.019925 0.028323
0 0.348438 0.334375 0.01902 0.024748
0 0.0375 0.358333 0.017757 0.026099
0 0.4125 0.361458 0.018827 0.023629
0 0.104688 0.375 0.018304 0.026169
0 0.699219 0.386458 0.019792 0.025321
0 0.5625 0.395833 0.018769 0.023116
0 0.16875 0.4 0.019453 0.029296
0 0.757812 0.405208 0.018331 0.025253
0 0.064844 0.414583 0.020604 0.028373
0 0.0375 0.421875 0.018976 0.027221
0 0.6875 0.422917 0.022861 0.027439
0 0.044531 0.421875 0.021231 0.025776
0 0.064062 0.426042 0.01902 0.024748
0 0.394531 0.433333 0.02503 0.035043
0 0.110156 0.4375 0.019792 0.025321
0 0.394531 0.45 0.023592 0.027504
0 0.491406 0.452083 0.019638 0.024534
0 0.365625 0.460417 0.024351 0.028784
0 0.819531 0.466667 0.019832 0.026443
0 0.296094 0.467708 0.019925 0.025905
0 0.375 0.485417 0.017353 0.027093
0 0.482812 0.508333 0.017721 0.025103
0 0.553906 0.508333 0.019733 0.025046
0 0.170313 0.51875 0.021901 0.024512
0 0.725781 0.520833 0.020328 0.024087
0 0.666406 0.529167 0.019415 0.028306
0 0.6375 0.530208 0.019733 0.025046
0 0.221875 0.535417 0.020313 0.021875
0 0.35 0.54375 0.018991 0.026389
0 0.586719 0.560417 0.019035 0.026241
0 0.432812 0.573958 0.019558 0.02407
0 0.779687 0.577083 0.018561 0.025359
0 0.602344 0.59375 0.018784 0.026311
0 0.153906 0.597917 0.022707 0.026328
0 0.427344 0.602083 0.020566 0.027421
0 0.105469 0.60625 0.016722 0.027086
0 0.558594 0.607292 0.017301 0.024027
0 0.504687 0.620833 0.018784 0.026311
0 0.471094 0.621875 0.020441 0.025129
0 0.217188 0.623958 0.019552 0.024083
0 0.242188 0.638542 0.018442 0.024589
0 0.325781 0.657292 0.020521 0.026513
0 0.190625 0.659375 0.01894 0.025253
0 0.972656 0.677083 0.017982 0.022269
0 0.827344 0.686458 0.019613 0.024433
0 0.570312 0.691667 0.021242 0.026567
0 0.026562 0.70625 0.020509 0.025821
0 0.315625 0.708333 0.018784 0.026311
0 0.228125 0.716667 0.018342 0.027161
0 0.045312 0.733333 0.025799 0.026387
0 0.6 0.734375 0.019543 0.023126
0 0.357812 0.736458 0.018442 0.024589
0 0.620313 0.744792 0.018331 0.025253
0 0.442969 0.754167 0.017345 0.026058
0 0.953125 0.759375 0.017759 0.024215
0 0.210156 0.763542 0.018084 0.031255
0 0.765625 0.770833 0.017757 0.026099
0 0.297656 0.775 0.019574 0.023676
0 0.336719 0.783333 0.018304 0.026169
0 0.411719 0.804167 0.018784 0.026311
0 0.903906 0.803125 0.018029 0.025068
0 0.378906 0.810417 0.020583 0.030478
0 0.047656 0.826042 0.019574 0.023676
0 0.894531 0.828125 0.022656 0.023958
0 0.935156 0.839583 0.019558 0.02407
0 0.485156 0.84375 0.019733 0.025046
0 0.175 0.844792 0.018096 0.024127
0 0.871875 0.848958 0.017759 0.024215
0 0.364844 0.857292 0.017658 0.024165
0 0.3 0.871875 0.018442 0.024589
0 0.663281 0.884375 0.020866 0.030437
0 0.394531 0.890625 0.020364 0.024472
0 0.160156 0.895833 0.020676 0.026744
0 0.142969 0.905208 0.01882 0.024173
0 0.420312 0.925 0.021459 0.027275
0 0.494531 0.932292 0.020113 0.031353
0 0.028906 0.941667 0.020521 0.026513
0 0.682031 0.94375 0.022768 0.026762
0 0.678906 0.953125 0.019733 0.025046
0 0.797656 0.980208 0.017317 0.024011
0 0.654687 0.988775 0.018785 0.02245