0 0.679688 0.059375 0.02325 0.033147
0 0.903125 0.066667 0.022209 0.027663
0 0.977344 0.078125 0.021582 0.032612
0 0.282031 0.145833 0.023475 0.026349
0 0.639062 0.167708 0.016702 0.023976
0 0.955469 0.179167 0.024459 0.028776
0 0.014844 0.185417 0.026048 0.031808
0 0.976562 0.194792 0.020432 0.028638
0 0.278906 0.20625 0.029999 0.038527
0 0.525 0.214583 0.0217 0.035584
0 0.020313 0.270833 0.025275 0.02982
0 0.779687 0.330208 0.024229 0.027144
0 0.839063 0.332292 0.021339 0.026862
0 0.900781 0.354167 0.024568 0.035303
0 0.553125 0.357292 0.023339 0.03403
0 0.191406 0.390625 0.020866 0.030437
0 0.548438 0.50625 0.036764 0.033923
0 0.06875 0.51875 0.024847 0.031127
0 0.196875 0.547917 0.020354 0.031269
0 0.20625 0.582292 0.019178 0.025168
0 0.325781 0.607292 0.028906 0.042584
0 0.102344 0.605208 0.023597 0.02855
0 0.213281 0.68125 0.018784 0.026311
0 0.825 0.701042 0.024515 0.038981
0 0.928125 0.713542 0.024224 0.033196
0 0.0375 0.715625 0.022346 0.029794
0 0.489063 0.840625 0.018124 0.023544
0 0.057813 0.867708 0.021145 0.028907
0 0.933594 0.871875 0.02269 0.029686
0 0.717187 0.886458 0.018561 0.025359
0 0.938281 0.978125 0.023097 0.028871
0 0.959375 0.986026 0.028205 0.027949