0 0.414844 0.015077 0.025548 0.030154
0 0.557813 0.016052 0.028638 0.032103
0 0.839844 0.015973 0.027003 0.031946
0 0.877344 0.012941 0.022768 0.025881
0 0.679688 0.020833 0.021362 0.02664
0 0.348438 0.029167 0.020697 0.026524
0 0.705469 0.033333 0.023185 0.034666
0 0.623437 0.039583 0.028276 0.040035
0 0.916406 0.041667 0.024837 0.032478
0 0.048438 0.048958 0.01902 0.024748
0 0.196094 0.053125 0.020325 0.024095
0 0.578125 0.057292 0.032062 0.03068
0 0.524219 0.054167 0.02032 0.023137
0 0.484375 0.057292 0.019733 0.025046
0 0.682813 0.071875 0.02507 0.027729
0 0.827344 0.08125 0.023654 0.029634
0 0.353906 0.082292 0.022729 0.02728
0 0.53125 0.090625 0.021896 0.030747
0 0.424219 0.090625 0.019792 0.025321
0 0.813281 0.091667 0.023444 0.025108
0 0.488281 0.103125 0.025211 0.033309
0 0.410938 0.10625 0.021333 0.026872
0 0.439844 0.108333 0.024736 0.030494
0 0.240625 0.111458 0.026823 0.032782
0 0.759375 0.110417 0.022254 0.031093
0 0.321094 0.114583 0.02966 0.037702
0 0.139844 0.1125 0.020566 0.026042
0 0.195312 0.11875 0.018827 0.023629
0 0.803125 0.120833 0.021479 0.027243
0 0.790625 0.132292 0.022138 0.032503
0 0.859375 0.133333 0.02378 0.036905
0 0.716406 0.134375 0.021882 0.024105
0 0.603906 0.138542 0.020661 0.028728
0 0.672656 0.15 0.036472 0.05265
0 0.961719 0.15 0.019992 0.026974
0 0.521875 0.154167 0.021653 0.030795
0 0.833594 0.155208 0.022781 0.032106
0 0.755469 0.157292 0.022828 0.030437
0 0.379688 0.161458 0.026048 0.031808
0 0.944531 0.167708 0.025964 0.041001
0 0.335156 0.166667 0.019909 0.025929
0 0.864062 0.167708 0.021701 0.028014
0 0.949219 0.195833 0.02739 0.033936
0 0.471094 0.2 0.020627 0.027503
0 0.114844 0.207292 0.020371 0.024457
0 0.513281 0.207292 0.01902 0.024748
0 0.133594 0.219792 0.022519 0.029368
0 0.946875 0.226042 0.028883 0.039956
0 0.784375 0.227083 0.024038 0.035041
0 0.385937 0.233333 0.025899 0.036038
0 0.883594 0.254167 0.028004 0.039954
0 0.79375 0.251042 0.021131 0.02449
0 0.742969 0.260417 0.022026 0.038568
0 0.232813 0.258333 0.021172 0.028874
0 0.803125 0.2625 0.025032 0.034809
0 0.414844 0.26875 0.022828 0.027821
0 0.450781 0.275 0.025129 0.029733
0 0.81875 0.278125 0.025778 0.03734
0 0.034375 0.280208 0.034376 0.027164
0 0.983594 0.28125 0.023668 0.031558
0 0.56875 0.285417 0.026275 0.033933
0 0.941406 0.302083 0.034329 0.064915
0 0.9625 0.2875 0.020938 0.027401
0 0.423438 0.292708 0.02743 0.02908
0 0.210156 0.29375 0.021946 0.026299
0 0.242969 0.294792 0.024229 0.027144
0 0.815625 0.3 0.02828 0.039543
0 0.43125 0.3 0.022689 0.025403
0 0.158594 0.315625 0.021259 0.029733
0 0.729688 0.31875 0.022796 0.034721
0 0.501563 0.336458 0.021648 0.029332
0 0.820312 0.3375 0.022027 0.030978
0 0.4875 0.338542 0.023758 0.031125
0 0.079687 0.341667 0.022643 0.032905
0 0.1625 0.346875 0.020364 0.024472
0 0.992376 0.358333 0.015248 0.02407
0 0.111719 0.366667 0.024332 0.035222
0 0.252344 0.373958 0.020364 0.024472
0 0.551562 0.373958 0.018939 0.024442
0 0.923438 0.377083 0.020579 0.030481
0 0.555469 0.379167 0.022728 0.025973
0 0.434375 0.386458 0.021816 0.032581
0 0.950781 0.3875 0.021761 0.031624
0 0.689063 0.391667 0.026245 0.031768
0 0.203125 0.404167 0.022067 0.026726
0 0.707031 0.413542 0.022558 0.029051
0 0.672656 0.432292 0.025585 0.041099
0 0.417969 0.440625 0.02145 0.029128
0 0.761719 0.445833 0.029863 0.034842
0 0.528906 0.446875 0.023645 0.033053
0 0.019531 0.448958 0.02032 0.023137
0 0.31875 0.45 0.021171 0.025078
0 0.890625 0.453125 0.021038 0.029672
0 0.36875 0.45625 0.025011 0.035065
0 0.794531 0.461458 0.022828 0.027821
0 0.990094 0.465625 0.019813 0.032662
0 0.966406 0.467708 0.023081 0.032753
0 0.392969 0.46875 0.022523 0.030827
0 0.320312 0.467708 0.019613 0.024433
0 0.466406 0.472917 0.02901 0.035581
0 0.725 0.480208 0.022883 0.028677
0 0.433594 0.486458 0.025933 0.028897
0 0.557031 0.490625 0.026033 0.036819
0 0.63125 0.486458 0.020454 0.02833
0 0.267969 0.494792 0.029091 0.04182
0 0.942187 0.494792 0.020706 0.03042
0 0.359375 0.502083 0.019832 0.026443
0 0.496094 0.504167 0.027679 0.031706
0 0.790625 0.508333 0.022027 0.030978
0 0.974219 0.511458 0.024736 0.037004
0 0.09375 0.508333 0.020521 0.026513
0 0.411719 0.507292 0.021901 0.024512
0 0.332031 0.519792 0.026823 0.032782
0 0.584375 0.521875 0.022464 0.028723
0 0.960156 0.519792 0.019543 0.023126
0 0.130469 0.54375 0.024903 0.031806
0 0.896875 0.546875 0.028393 0.032
0 0.596094 0.548958 0.024533 0.03271
0 0.882812 0.547917 0.0223 0.028345
0 0.470313 0.553125 0.02101 0.028935
0 0.842969 0.560417 0.023396 0.036804
0 0.524219 0.561458 0.023259 0.032779
0 0.870313 0.564583 0.025907 0.037687
0 0.778906 0.563542 0.022959 0.032567
0 0.967187 0.566667 0.023244 0.031704
0 0.375781 0.571875 0.01882 0.024173
0 0.2375 0.58125 0.026572 0.029211
0 0.980469 0.585417 0.022768 0.026762
0 0.321875 0.589583 0.02123 0.025887
0 0.91875 0.594792 0.02101 0.028935
0 0.988249 0.6125 0.023502 0.028344
0 0.441406 0.61875 0.029159 0.036033
0 0.569531 0.627083 0.029953 0.038592
0 0.632812 0.619792 0.02118 0.025185
0 0.899219 0.629167 0.020046 0.026244
0 0.307812 0.642708 0.025252 0.029558
0 0.839063 0.642708 0.023054 0.029204
0 0.595313 0.646875 0.025282 0.034542
0 0.035156 0.64375 0.020566 0.026042
0 0.780469 0.651042 0.020661 0.028728
0 0.896875 0.65625 0.023185 0.034666
0 0.610156 0.660417 0.0234 0.034807
0 0.8875 0.661458 0.022707 0.026328
0 0.750781 0.666667 0.024898 0.035495
0 0.2 0.670833 0.021333 0.026872
0 0.901563 0.678125 0.028635 0.036202
0 0.867969 0.676042 0.023461 0.030231
0 0.685937 0.688542 0.030663 0.046017
0 0.629687 0.680208 0.019633 0.024542
0 0.6375 0.683333 0.022027 0.030978
0 0.532031 0.691667 0.022758 0.026784
0 0.583594 0.702083 0.023362 0.031655
0 0.026562 0.705208 0.018442 0.024589
0 0.129688 0.711458 0.021239 0.025868
0 0.025 0.7125 0.019633 0.024542
0 0.914844 0.717708 0.023908 0.033445
0 0.664844 0.727083 0.023227 0.029506
0 0.241406 0.730208 0.026598 0.029342
0 0.696875 0.73125 0.027679 0.031706
0 0.889844 0.754167 0.022908 0.031203
0 0.952344 0.759375 0.021885 0.028544
0 0.507031 0.761458 0.019733 0.025046
0 0.080469 0.76875 0.021231 0.025776
0 0.510156 0.775 0.022261 0.027887
0 0.664844 0.775 0.02077 0.027051
0 0.583594 0.78125 0.022143 0.027371
0 0.878906 0.7875 0.024209 0.038794
0 0.325 0.784375 0.024274 0.028304
0 0.40625 0.783333 0.022143 0.027371
0 0.169531 0.786458 0.023603 0.028747
0 0.314844 0.789583 0.02123 0.025887
0 0.339844 0.79375 0.036112 0.03594
0 0.535937 0.791667 0.023778 0.030992
0 0.382812 0.79375 0.021946 0.026299
0 0.765625 0.805208 0.022209 0.029294
0 0.699219 0.807292 0.01882 0.024173
0 0.013281 0.808333 0.018769 0.023116
0 0.570312 0.811458 0.0223 0.028345
0 0.049219 0.816667 0.019832 0.026443
0 0.155469 0.819792 0.021172 0.028874
0 0.525781 0.823958 0.027619 0.036364
0 0.507812 0.821875 0.021362 0.02664
0 0.767969 0.833333 0.019733 0.025046
0 0.189844 0.835417 0.018921 0.024472
0 0.378125 0.838542 0.028349 0.032232
0 0.463281 0.844792 0.02269 0.029686
0 0.866406 0.859375 0.021924 0.029232
0 0.661719 0.871875 0.026924 0.043146
0 0.961719 0.865625 0.019574 0.023676
0 0.8 0.867708 0.021239 0.025868
0 0.767969 0.869792 0.025836 0.027678
0 0.128125 0.877083 0.021112 0.025088
0 0.157031 0.878125 0.022937 0.028155
0 0.188281 0.88125 0.024105 0.035971
0 0.342969 0.886458 0.019574 0.023676
0 0.188281 0.896875 0.026072 0.033599
0 0.40625 0.897917 0.024394 0.028127
0 0.235156 0.903125 0.025918 0.029193
0 0.967969 0.905208 0.024371 0.028101
0 0.678906 0.907292 0.023054 0.029204
0 0.325 0.911458 0.021648 0.029332
0 0.083594 0.920833 0.023521 0.026804
0 0.628125 0.922917 0.022067 0.026726
0 0.4125 0.940625 0.043657 0.049314
0 0.815625 0.932292 0.025554 0.037287
0 0.757812 0.935417 0.023786 0.032659
0 0.190625 0.938542 0.020364 0.024472
0 0.9125 0.945833 0.023475 0.026349
0 0.942187 0.953125 0.021546 0.027548
0 0.082031 0.95625 0.023444 0.025108
0 0.929688 0.972917 0.031258 0.036923
0 0.052344 0.977083 0.020444 0.026341
0 0.407813 0.983708 0.02925 0.032585
0 0.486719 0.985417 0.022861 0.027439