0 0.585938 0.015974 0.023856 0.031949
0 0.675 0.152083 0.02516 0.035307
0 0.527344 0.267708 0.053216 0.041611
0 0.308594 0.365625 0.018773 0.023107
0 0.804688 0.45 0.042344 0.093185
0 0.590625 0.526042 0.031071 0.037922
0 0.599219 0.586458 0.02676 0.037976
0 0.953125 0.65625 0.018769 0.023116
0 0.530469 0.688542 0.019627 0.024405
0 0.978906 0.733333 0.037196 0.058616
0 0.225781 0.7125 0.019542 0.02313
0 0.021875 0.719792 0.018639 0.026258
0 0.025781 0.729167 0.021727 0.031708
0 0.202344 0.730208 0.018816 0.028149
0 0.174219 0.733333 0.019868 0.025663
0 0.171094 0.755208 0.017438 0.024063
0 0.928125 0.770833 0.028055 0.045304
0 0.919531 0.791667 0.020349 0.030234
0 0.2125 0.815625 0.029332 0.040929
0 0.59375 0.813542 0.020147 0.028452
0 0.142187 0.839583 0.027387 0.036261
0 0.664062 0.875 0.021145 0.028907
0 0.533594 0.908333 0.021141 0.030558
0 0.067187 0.909375 0.018442 0.024589
0 0.103906 0.9125 0.019768 0.025593
0 0.85 0.915625 0.027399 0.032427
0 0.059375 0.95625 0.02741 0.03344
0 0.497656 0.973958 0.019601 0.028352