0 0.228125 0.036458 0.024456 0.029374
0 0.238281 0.051042 0.021508 0.03051
0 0.544531 0.05625 0.02516 0.035307
0 0.085156 0.101042 0.025916 0.036018
0 0.273438 0.152083 0.021339 0.026862
0 0.41875 0.179167 0.021796 0.02989
0 0.035156 0.213542 0.019792 0.025321
0 0.135937 0.273958 0.02287 0.032981
0 0.985129 0.286458 0.029742 0.037136
0 0.794531 0.296875 0.025491 0.033443
0 0.111719 0.461458 0.023103 0.02886
0 0.3375 0.46875 0.023948 0.029945
0 0.763281 0.470833 0.025815 0.028335
0 0.253906 0.476042 0.019792 0.025321
0 0.535156 0.498958 0.019531 0.026042
0 0.250781 0.526042 0.020422 0.025409
0 0.902344 0.579167 0.023127 0.02972
0 0.749219 0.605208 0.024024 0.040746
0 0.160156 0.611458 0.01902 0.024748
0 0.584375 0.634375 0.023996 0.030103
0 0.75 0.64375 0.021819 0.028356
0 0.390625 0.677083 0.026742 0.033612
0 0.601562 0.678125 0.022383 0.029621
0 0.304688 0.725 0.0223 0.028345
0 0.165625 0.735417 0.021689 0.030701
0 0.515625 0.740625 0.024652 0.030465
0 0.071094 0.745833 0.018331 0.025253
0 0.613281 0.75625 0.020627 0.027503
0 0.571875 0.770833 0.022376 0.031057
0 0.334375 0.78125 0.022027 0.030978
0 0.207813 0.786458 0.022464 0.028723
0 0.486719 0.801042 0.023847 0.0333
0 0.825781 0.809375 0.019925 0.025905
0 0.302344 0.838542 0.022138 0.032503
0 0.5 0.860417 0.022643 0.032905
0 0.922656 0.883333 0.023688 0.033311
0 0.675781 0.9125 0.023863 0.029661
0 0.033594 0.976042 0.025219 0.029986
0 0.945312 0.985921 0.021924 0.028157