0 0.398438 0.011674 0.018846 0.023348
0 0.1375 0.01875 0.017778 0.027118
0 0.753906 0.034375 0.019613 0.024433
0 0.754687 0.04375 0.018442 0.024589
0 0.959375 0.09375 0.017721 0.025103
0 0.475781 0.10625 0.018769 0.023116
0 0.147656 0.115625 0.021648 0.029332
0 0.360938 0.119792 0.021131 0.02449
0 0.213281 0.127083 0.022788 0.02699
0 0.455469 0.165625 0.019415 0.028306
0 0.613281 0.195833 0.016702 0.023976
0 0.829688 0.204167 0.018304 0.026169
0 0.8 0.210417 0.021946 0.026299
0 0.654687 0.211458 0.017438 0.024063
0 0.575 0.24375 0.020743 0.030385
0 0.586719 0.248958 0.018442 0.024589
0 0.639062 0.296875 0.019693 0.024852
0 0.970313 0.305208 0.01902 0.024748
0 0.226562 0.314583 0.018304 0.026169
0 0.8625 0.353125 0.018939 0.024442
0 0.3875 0.359375 0.018404 0.031268
0 0.525 0.451042 0.018939 0.024442
0 0.7875 0.46875 0.021104 0.024098
0 0.700781 0.503125 0.017317 0.024011
0 0.4125 0.532292 0.018442 0.024589
0 0.555469 0.538542 0.018888 0.028239
0 0.836719 0.541667 0.02018 0.026907
0 0.553906 0.55 0.019884 0.027361
0 0.204687 0.579167 0.020076 0.032365
0 0.821875 0.589583 0.021362 0.02664
0 0.4625 0.619792 0.017358 0.028131
0 0.389844 0.740625 0.021098 0.023144
0 0.834375 0.794792 0.020493 0.034462
0 0.367969 0.833333 0.019832 0.026443
0 0.4 0.864583 0.022677 0.026198
0 0.378906 0.886458 0.023054 0.029204
0 0.427344 0.903125 0.018442 0.024589
0 0.667188 0.944792 0.018442 0.024589
0 0.839063 0.946875 0.018096 0.024127
0 0.459375 0.961458 0.018442 0.024589