0 0.832812 0.012808 0.020092 0.025615
0 0.844531 0.015625 0.019053 0.030252
0 0.803125 0.026042 0.019558 0.02407
0 0.820312 0.034375 0.019178 0.025168
0 0.532813 0.065625 0.018939 0.024442
0 0.475 0.084375 0.021098 0.023144
0 0.503125 0.141667 0.021112 0.025088
0 0.307031 0.209375 0.020372 0.028564
0 0.223438 0.260417 0.02203 0.026707
0 0.403906 0.2625 0.020231 0.026656
0 0.690625 0.275 0.018342 0.027161
0 0.405469 0.28125 0.017757 0.026099
0 0.8125 0.3125 0.019035 0.026241
0 0.58125 0.323958 0.020371 0.024457
0 0.644531 0.35 0.019429 0.026567
0 0.488281 0.383333 0.019683 0.026728
0 0.453125 0.426042 0.019558 0.02407
0 0.732031 0.528125 0.019404 0.030301
0 0.254688 0.528125 0.021239 0.025868
0 0.449219 0.6125 0.03205 0.042733
0 0.707031 0.611458 0.01998 0.028483
0 0.046875 0.632292 0.021648 0.029332
0 0.285938 0.636458 0.017721 0.025103
0 0.8875 0.673958 0.018939 0.024442
0 0.44375 0.678125 0.020932 0.028824
0 0.35625 0.704167 0.022401 0.028471
0 0.588281 0.735417 0.020627 0.027503
0 0.097656 0.745833 0.016722 0.027086
0 0.250781 0.792708 0.020661 0.028728
0 0.25625 0.810417 0.022111 0.030883
0 0.15625 0.822917 0.019992 0.026974
0 0.255469 0.833333 0.019683 0.026728
0 0.734375 0.834375 0.018442 0.024589
0 0.097656 0.845833 0.018406 0.026178
0 0.603125 0.85 0.02738 0.027713
0 0.657031 0.859375 0.019733 0.025046
0 0.1125 0.869792 0.019558 0.02407
0 0.039062 0.907292 0.02381 0.030106
0 0.00783 0.905208 0.01566 0.024173
0 0.326562 0.935417 0.021239 0.025868
0 0.560937 0.9375 0.018784 0.026311
0 0.054688 0.970833 0.024471 0.031548
0 0.301563 0.990329 0.0184 0.019342
0 0.43125 0.990573 0.019543 0.018855