0 0.410156 0.028125 0.022781 0.032106
0 0.398438 0.072917 0.027528 0.030258
0 0.714844 0.21875 0.023198 0.034888
0 0.467969 0.236458 0.01998 0.028483
0 0.219531 0.326042 0.0311 0.036094
0 0.832812 0.409375 0.029133 0.033161
0 0.845313 0.513542 0.023511 0.028281
0 0.854688 0.513542 0.018124 0.023544
0 0.527344 0.627083 0.03078 0.037684
0 0.817969 0.689583 0.02755 0.036734
0 0.214844 0.815625 0.029056 0.032911
0 0.875781 0.826042 0.025591 0.031969
0 0.484375 0.842708 0.026901 0.03762
0 0.86875 0.866667 0.024094 0.032958
0 0.216406 0.91875 0.024138 0.032445
0 0.619531 0.98125 0.024679 0.030191