0 0.5125 0.025 0.018991 0.026389
0 0.521094 0.025 0.021423 0.027163
0 0.839063 0.029167 0.017721 0.025103
0 0.5375 0.046875 0.019627 0.024405
0 0.580469 0.047917 0.016702 0.023976
0 0.44375 0.058333 0.01892 0.026267
0 0.266406 0.109375 0.02645 0.034455
0 0.776563 0.129167 0.021198 0.026257
0 0.146875 0.141667 0.017721 0.025103
0 0.714844 0.196875 0.01902 0.024748
0 0.714063 0.20625 0.018048 0.02325
0 0.775 0.221875 0.018304 0.026169
0 0.605469 0.227083 0.016719 0.026046
0 0.46875 0.247917 0.021528 0.030488
0 0.570312 0.265625 0.021796 0.02989
0 0.507812 0.288542 0.018406 0.026178
0 0.492969 0.292708 0.020666 0.028723
0 0.657813 0.292708 0.018076 0.028136
0 0.052344 0.294792 0.020339 0.023705
0 0.428125 0.322917 0.020579 0.030481
0 0.495312 0.3875 0.018867 0.026122
0 0.29375 0.398958 0.018442 0.024589
0 0.440625 0.41875 0.033608 0.02871
0 0.519531 0.427083 0.018991 0.026389
0 0.480469 0.435417 0.019446 0.026546
0 0.45 0.479167 0.01892 0.026267
0 0.804688 0.492708 0.023402 0.030544
0 0.064844 0.492708 0.022695 0.02514
0 0.582031 0.498958 0.019925 0.025905
0 0.567187 0.513542 0.018331 0.025253
0 0.171875 0.526042 0.018048 0.02325
0 0.535156 0.529167 0.020209 0.029396
0 0.434375 0.536458 0.017658 0.024165
0 0.834375 0.569792 0.018442 0.024589
0 0.520312 0.579167 0.018756 0.022285
0 0.3625 0.582292 0.018442 0.024589
0 0.582812 0.584375 0.02032 0.023137
0 0.680469 0.5875 0.022673 0.031282
0 0.890625 0.586458 0.018051 0.025047
0 0.400781 0.596875 0.018816 0.028149
0 0.38125 0.6 0.01813 0.025093
0 0.613281 0.620833 0.019429 0.026567
0 0.889062 0.632292 0.024421 0.029117
0 0.780469 0.654167 0.024383 0.028296
0 0.694531 0.678125 0.019925 0.028323
0 0.313281 0.685417 0.019574 0.023676
0 0.561719 0.690625 0.021447 0.032454
0 0.728125 0.6875 0.018304 0.026169
0 0.326562 0.697917 0.017835 0.025128
0 0.228906 0.734375 0.023741 0.031149
0 0.1875 0.735417 0.018784 0.026311
0 0.239844 0.740625 0.022658 0.023151
0 0.205469 0.755208 0.019623 0.027154
0 0.407813 0.820833 0.019609 0.026145
0 0.329688 0.884375 0.01902 0.024748
0 0.849219 0.89375 0.018691 0.025445
0 0.698438 0.897917 0.017982 0.022269
0 0.628906 0.902083 0.016722 0.027086
0 0.817187 0.902083 0.018304 0.026169
0 0.532813 0.916667 0.017317 0.024011
0 0.548438 0.985417 0.017438 0.024063
0 0.305469 0.987189 0.020046 0.025622
0 0.55 0.990787 0.017982 0.018426