0 0.207813 0.01875 0.025905 0.030541
0 0.685156 0.058333 0.034026 0.052501
0 0.046094 0.077083 0.023185 0.034666
0 0.517969 0.132292 0.029398 0.038363
0 0.978125 0.138542 0.036079 0.034155
0 0.789844 0.185417 0.03851 0.038509
0 0.978906 0.190625 0.023569 0.034832
0 0.042969 0.191667 0.037625 0.035305
0 0.415625 0.209375 0.041483 0.046401
0 0.746875 0.20625 0.029623 0.036902
0 0.792188 0.209375 0.027621 0.034701
0 0.253906 0.240625 0.026273 0.033081
0 0.014063 0.238542 0.019543 0.023126
0 0.764844 0.286458 0.031803 0.041723
0 0.160156 0.29375 0.019429 0.026567
0 0.642969 0.31875 0.019429 0.026567
0 0.342187 0.325 0.026608 0.034667
0 0.60625 0.329167 0.032035 0.026421
0 0.755469 0.347917 0.025407 0.03918
0 0.722656 0.347917 0.026862 0.034014
0 0.5625 0.369792 0.050606 0.055384
0 0.697656 0.365625 0.032288 0.044174
0 0.354687 0.43125 0.033182 0.04004
0 0.572656 0.5 0.018999 0.02628
0 0.932813 0.507292 0.028036 0.034076
0 0.188281 0.503125 0.019638 0.024534
0 0.73125 0.5125 0.022286 0.036642
0 0.360938 0.523958 0.027465 0.03254
0 0.498437 0.528125 0.031495 0.034667
0 0.076563 0.530208 0.018124 0.023544
0 0.717187 0.533333 0.025189 0.032439
0 0.460156 0.604167 0.026209 0.039335
0 0.491406 0.602083 0.020341 0.025073
0 0.671875 0.628125 0.02328 0.037758
0 0.0625 0.623958 0.01902 0.024748
0 0.124219 0.632292 0.027372 0.037883
0 0.748437 0.633333 0.02827 0.040182
0 0.578125 0.635417 0.027381 0.030357
0 0.042969 0.661458 0.033247 0.037344
0 0.774219 0.657292 0.023451 0.027139
0 0.991599 0.682292 0.016803 0.023126
0 0.011743 0.694792 0.023485 0.028633
0 0.022656 0.696875 0.023847 0.0333
0 0.182812 0.739583 0.039385 0.059601
0 0.74375 0.7375 0.028134 0.026406
0 0.652344 0.792708 0.019925 0.025905
0 0.424219 0.845833 0.031302 0.032633
0 0.832812 0.886458 0.018876 0.02557
0 0.239844 0.913542 0.030689 0.032629
0 0.417187 0.94375 0.022776 0.032111