0 0.142969 0.04375 0.020566 0.026042
0 0.398438 0.123958 0.094625 0.054049
0 0.847656 0.116667 0.017982 0.022269
0 0.322656 0.126042 0.019909 0.025929
0 0.064062 0.139583 0.03 0.037087
0 0.088281 0.176042 0.026748 0.044866
0 0.442969 0.170833 0.023654 0.029634
0 0.153906 0.175 0.023451 0.027139
0 0.016406 0.179167 0.024496 0.029918
0 0.442969 0.23125 0.025032 0.037138
0 0.1875 0.234375 0.02537 0.032683
0 0.321094 0.24375 0.023093 0.031538
0 0.411719 0.257292 0.019558 0.02407
0 0.044531 0.263542 0.018773 0.023107
0 0.451562 0.266667 0.019429 0.026567
0 0.065625 0.273958 0.025135 0.03905
0 0.079687 0.322917 0.021198 0.026257
0 0.240625 0.371875 0.024229 0.027144
0 0.679688 0.3875 0.024833 0.035382
0 0.458594 0.415625 0.027942 0.033438
0 0.327344 0.451042 0.024274 0.028304
0 0.610156 0.458333 0.041829 0.045593
0 0.039844 0.465625 0.027755 0.049207
0 0.144531 0.470833 0.038595 0.038802
0 0.691406 0.467708 0.029056 0.032911
0 0.573438 0.488542 0.018939 0.024442
0 0.621094 0.502083 0.021239 0.025868
0 0.984375 0.536458 0.021575 0.028766
0 0.130469 0.578125 0.026041 0.030394
0 0.939063 0.607292 0.021819 0.028356
0 0.976562 0.616667 0.021076 0.032495
0 0.21875 0.651042 0.033753 0.034596
0 0.336719 0.65625 0.031434 0.037808
0 0.03125 0.65625 0.02674 0.030964
0 0.129688 0.686458 0.029303 0.033312
0 0.878125 0.690625 0.025215 0.032495
0 0.0125 0.735417 0.024794 0.030839
0 0.265625 0.745833 0.02507 0.027729
0 0.310156 0.761458 0.026537 0.033111
0 0.853906 0.761458 0.017354 0.027092
0 0.353906 0.811458 0.02579 0.028178
0 0.940625 0.826042 0.032287 0.033975
0 0.778125 0.830208 0.032289 0.033887
0 0.104688 0.839583 0.0257 0.033535
0 0.165625 0.9 0.024679 0.030191
0 0.147656 0.909375 0.023026 0.028919
0 0.025 0.919792 0.028976 0.031606
0 0.675 0.91875 0.019683 0.026728
0 0.594531 0.926042 0.022937 0.028155
0 0.678125 0.934375 0.023456 0.028163
0 0.051562 0.941667 0.024975 0.031796
0 0.334375 0.959375 0.027952 0.039322
0 0.83125 0.954167 0.021479 0.027243
0 0.149219 0.963542 0.029113 0.034806
0 0.360156 0.984375 0.025171 0.029147
0 0.85 0.985417 0.025171 0.029147
0 0.4375 0.988225 0.01892 0.02355
0 0.453906 0.988398 0.023556 0.023205