0 0.411719 0.013965 0.040647 0.02793
0 0.603906 0.048958 0.030696 0.039199
0 0.274219 0.073958 0.044732 0.064915
0 0.989218 0.079167 0.021564 0.027608
0 0.180469 0.097917 0.025957 0.03004
0 0.771875 0.157292 0.046745 0.058683
0 0.202344 0.166667 0.023847 0.0333
0 0.015625 0.26875 0.031048 0.042715
0 0.972656 0.298958 0.026026 0.036828
0 0.9625 0.35625 0.044387 0.069141
0 0.035937 0.367708 0.036632 0.065455
0 0.707812 0.380208 0.043487 0.0615
0 0.054688 0.375 0.0223 0.028345
0 0.721875 0.413542 0.044397 0.06374
0 0.260937 0.410417 0.041555 0.047173
0 0.166406 0.4625 0.039614 0.051895
0 0.521094 0.530208 0.027411 0.037546
0 0.036719 0.5375 0.0236 0.031896
0 0.528906 0.584375 0.025928 0.037207
0 0.966406 0.586458 0.022438 0.032662
0 0.116406 0.61875 0.037057 0.057194
0 0.51875 0.608333 0.024508 0.031695
0 0.219531 0.81875 0.020866 0.030437