0 0.376563 0.008715 0.018939 0.017429
0 0.614062 0.040625 0.026067 0.039361
0 0.815625 0.080208 0.01902 0.024748
0 0.544531 0.086458 0.022138 0.032503
0 0.56875 0.09375 0.021112 0.025088
0 0.134375 0.117708 0.019178 0.025168
0 0.891406 0.140625 0.032873 0.030298
0 0.890625 0.167708 0.031938 0.038542
0 0.109375 0.202083 0.026106 0.062565
0 0.11875 0.2375 0.02606 0.030638
0 0.741406 0.267708 0.041595 0.045921
0 0.96875 0.266667 0.021172 0.028874
0 0.075781 0.361458 0.023063 0.030344
0 0.291406 0.384375 0.019543 0.023126
0 0.575781 0.41875 0.024039 0.030661
0 0.15625 0.417708 0.018442 0.024589
0 0.078906 0.446875 0.02365 0.028234
0 0.770312 0.476042 0.018124 0.023544
0 0.190625 0.569792 0.026667 0.029051
0 0.391406 0.573958 0.033635 0.033658
0 0.314844 0.594792 0.026273 0.033081
0 0.173437 0.670833 0.024794 0.030839
0 0.210156 0.69375 0.02307 0.032944
0 0.145313 0.722917 0.026124 0.031426
0 0.55 0.819792 0.02824 0.02975
0 0.889844 0.832292 0.02101 0.028935
0 0.014844 0.83125 0.018008 0.02309
0 0.05 0.838542 0.020416 0.025301
0 0.570312 0.857292 0.027465 0.03254
0 0.457031 0.869792 0.027759 0.04166
0 0.342969 0.871875 0.01971 0.025332
0 0.8375 0.892708 0.018442 0.024589
0 0.496094 0.905208 0.019574 0.023676
0 0.748437 0.911458 0.035242 0.032779
0 0.323437 0.920833 0.022261 0.027887
0 0.115625 0.930208 0.021648 0.029332
0 0.903906 0.977083 0.022707 0.026328
0 0.503906 0.988132 0.020666 0.023737