0 0.59375 0.006609 0.017982 0.013218
0 0.874219 0.008655 0.020479 0.01731
0 0.191406 0.017541 0.024293 0.035083
0 0.178906 0.014583 0.02077 0.027051
0 0.310937 0.017708 0.017658 0.024165
0 0.89375 0.017708 0.021098 0.023144
0 0.159375 0.021875 0.023502 0.02837
0 0.617188 0.019792 0.018442 0.024589
0 0.672656 0.021875 0.020945 0.028672
0 0.115625 0.025 0.024229 0.024547
0 0.060937 0.05 0.021188 0.031523
0 0.114062 0.058333 0.019429 0.026567
0 0.132812 0.060417 0.017757 0.026099
0 0.078125 0.06875 0.01948 0.030303
0 0.9375 0.071875 0.018008 0.02309
0 0.226562 0.078125 0.017721 0.025103
0 0.711719 0.091667 0.019832 0.026443
0 0.14375 0.092708 0.018939 0.024442
0 0.89375 0.092708 0.018442 0.024589
0 0.770312 0.096875 0.024341 0.028597
0 0.216406 0.1 0.019429 0.026567
0 0.725781 0.1125 0.018939 0.030266
0 0.039062 0.116667 0.021575 0.028766
0 0.882031 0.122917 0.019868 0.025663
0 0.55625 0.128125 0.020501 0.032435
0 0.598437 0.13125 0.018867 0.026122
0 0.532813 0.135417 0.031305 0.029682
0 0.348438 0.1375 0.023054 0.029204
0 0.228906 0.139583 0.019925 0.025905
0 0.985156 0.141667 0.023037 0.030715
0 0.225 0.144792 0.018331 0.025253
0 0.578125 0.147917 0.017982 0.022269
0 0.9875 0.155208 0.018442 0.024589
0 0.348438 0.159375 0.020364 0.024472
0 0.242188 0.180208 0.018888 0.028239
0 0.433594 0.178125 0.019925 0.025905
0 0.604688 0.191667 0.023688 0.033311
0 0.846094 0.189583 0.021242 0.026567
0 0.713281 0.2 0.022566 0.031762
0 0.769531 0.20625 0.018756 0.022285
0 0.76875 0.213542 0.018096 0.024127
0 0.845313 0.226042 0.021179 0.036543
0 0.149219 0.223958 0.019627 0.024405
0 0.047656 0.228125 0.021878 0.023148
0 0.204687 0.230208 0.020582 0.02854
0 0.771875 0.228125 0.018096 0.024127
0 0.890625 0.241667 0.02127 0.026124
0 0.19375 0.24375 0.019534 0.022292
0 0.071094 0.253125 0.020092 0.030397
0 0.980469 0.248958 0.019638 0.024534
0 0.967187 0.279167 0.018784 0.026311
0 0.007672 0.298958 0.015344 0.028417
0 0.678125 0.3 0.027663 0.031935
0 0.835938 0.305208 0.018367 0.028175
0 0.317969 0.3125 0.023653 0.035017
0 0.333594 0.309375 0.019429 0.026567
0 0.749219 0.307292 0.019574 0.023676
0 0.867969 0.314583 0.028246 0.03104
0 0.016406 0.320833 0.018999 0.02628
0 0.378125 0.333333 0.021239 0.025868
0 0.654687 0.332292 0.018442 0.024589
0 0.742188 0.334375 0.020432 0.028638
0 0.052344 0.35625 0.018304 0.026169
0 0.314063 0.359375 0.01902 0.024748
0 0.383594 0.363542 0.018888 0.028239
0 0.714063 0.364583 0.021333 0.026872
0 0.101562 0.364583 0.021901 0.024512
0 0.089063 0.372917 0.01813 0.025093
0 0.43125 0.372917 0.018756 0.022285
0 0.921875 0.377083 0.022067 0.026726
0 0.240625 0.38125 0.021653 0.030795
0 0.622656 0.378125 0.017317 0.024011
0 0.698438 0.378125 0.019585 0.023836
0 0.153125 0.379167 0.019534 0.022292
0 0.560937 0.392708 0.02077 0.027051
0 0.353125 0.402083 0.021098 0.023144
0 0.346094 0.409375 0.018888 0.028239
0 0.74375 0.408333 0.025004 0.025114
0 0.327344 0.415625 0.020741 0.033425
0 0.98125 0.411458 0.021128 0.024499
0 0.103906 0.417708 0.031261 0.026858
0 0.151562 0.417708 0.02118 0.025185
0 0.686719 0.420833 0.017757 0.026099
0 0.614062 0.429167 0.018991 0.026389
0 0.461719 0.4375 0.020583 0.030478
0 0.401562 0.440625 0.020945 0.028672
0 0.682031 0.441667 0.023529 0.026601
0 0.692187 0.451042 0.021653 0.030795
0 0.060156 0.452083 0.019071 0.027215
0 0.071094 0.457292 0.019531 0.027421
0 0.290625 0.458333 0.01882 0.024173
0 0.273438 0.4625 0.019429 0.026567
0 0.30625 0.478125 0.031694 0.035377
0 0.50625 0.473958 0.020371 0.024457
0 0.938281 0.477083 0.021924 0.029232
0 0.211719 0.477083 0.020046 0.026244
0 0.95 0.48125 0.020092 0.030397
0 0.024219 0.48125 0.02018 0.026907
0 0.140625 0.483333 0.022656 0.031302
0 0.660937 0.485417 0.022129 0.030969
0 0.979688 0.488542 0.018939 0.024442
0 0.484375 0.496875 0.019415 0.028306
0 0.751563 0.5 0.027042 0.032911
0 0.017188 0.497917 0.022143 0.027371
0 0.101562 0.50625 0.018784 0.026311
0 0.814844 0.515625 0.020154 0.028445
0 0.635938 0.515625 0.018939 0.024442
0 0.542969 0.519792 0.017317 0.024011
0 0.25625 0.523958 0.021104 0.024098
0 0.366406 0.523958 0.019543 0.023126
0 0.160938 0.542708 0.021886 0.023736
0 0.146875 0.555208 0.019543 0.023126
0 0.064062 0.559375 0.018442 0.024589
0 0.102344 0.573958 0.018888 0.028239
0 0.130469 0.573958 0.019693 0.024852
0 0.134375 0.580208 0.019592 0.025156
0 0.807813 0.580208 0.018876 0.02557
0 0.094531 0.591667 0.022768 0.026762
0 0.539062 0.597917 0.019195 0.026357
0 0.79375 0.596875 0.019733 0.025046
0 0.9375 0.602083 0.017757 0.026099
0 0.675 0.60625 0.019404 0.030301
0 0.650781 0.615625 0.022226 0.031538
0 0.505469 0.617708 0.019401 0.028319
0 0.078125 0.621875 0.02461 0.03379
0 0.426563 0.625 0.017757 0.026099
0 0.949219 0.625 0.019446 0.026546
0 0.859375 0.630208 0.021141 0.030558
0 0.225 0.633333 0.018867 0.026122
0 0.957812 0.640625 0.028542 0.045432
0 0.670312 0.6375 0.018396 0.030233
0 0.688281 0.641667 0.024847 0.031127
0 0.717969 0.651042 0.02599 0.029485
0 0.875781 0.659375 0.021878 0.023148
0 0.189062 0.670833 0.028545 0.036751
0 0.35 0.669792 0.018939 0.024442
0 0.584375 0.670833 0.017757 0.026099
0 0.457031 0.671875 0.019733 0.025046
0 0.851562 0.68125 0.018784 0.026311
0 0.897656 0.68125 0.02345 0.024541
0 0.975 0.683333 0.018048 0.02325
0 0.9375 0.690625 0.021727 0.036597
0 0.573438 0.688542 0.018331 0.025253
0 0.494531 0.689583 0.020627 0.027503
0 0.534375 0.697917 0.018406 0.026178
0 0.564844 0.702083 0.021903 0.030739
0 0.94375 0.701042 0.018939 0.024442
0 0.658594 0.708333 0.017348 0.026056
0 0.8125 0.708333 0.021242 0.026567
0 0.029687 0.710417 0.021202 0.026349
0 0.505469 0.71875 0.02018 0.026907
0 0.392188 0.729167 0.018784 0.026311
0 0.560156 0.73125 0.022051 0.026939
0 0.006297 0.755208 0.012595 0.024442
0 0.607031 0.765625 0.020945 0.028672
0 0.115625 0.767708 0.01875 0.023958
0 0.79375 0.767708 0.018096 0.024127
0 0.500781 0.773958 0.019633 0.024542
0 0.320312 0.779167 0.02099 0.030596
0 0.423438 0.783333 0.02369 0.029063
0 0.289062 0.784375 0.018442 0.024589
0 0.357812 0.792708 0.022993 0.029797
0 0.705469 0.790625 0.020422 0.025409
0 0.016406 0.796875 0.019401 0.028319
0 0.952344 0.796875 0.019792 0.025321
0 0.025 0.797917 0.017757 0.026099
0 0.874219 0.814583 0.019832 0.026443
0 0.205469 0.820833 0.018784 0.026311
0 0.675 0.821875 0.02145 0.029128
0 0.867969 0.821875 0.017317 0.024011
0 0.859375 0.83125 0.018784 0.026311
0 0.769531 0.832292 0.022726 0.025872
0 0.817187 0.845833 0.022129 0.030969
0 0.074219 0.844792 0.019574 0.023676
0 0.620313 0.846875 0.018888 0.028239
0 0.025781 0.848958 0.01882 0.024173
0 0.651563 0.859375 0.019401 0.028319
0 0.032813 0.866667 0.019195 0.026357
0 0.175 0.866667 0.021887 0.025097
0 0.178125 0.876042 0.018939 0.024442
0 0.557813 0.884375 0.02099 0.030596
0 0.071875 0.890625 0.018939 0.024442
0 0.303125 0.896875 0.019913 0.03238
0 0.722656 0.897917 0.025081 0.035435
0 0.76875 0.898958 0.019573 0.024204
0 0.630469 0.903125 0.019613 0.024433
0 0.548438 0.908333 0.020866 0.030437
0 0.76875 0.914583 0.018406 0.026178
0 0.989844 0.917708 0.017757 0.026099
0 0.584375 0.925 0.021528 0.030488
0 0.782813 0.933333 0.019035 0.026241
0 0.363281 0.935417 0.017877 0.026113
0 0.19375 0.957292 0.018442 0.024589
0 0.634375 0.959375 0.021929 0.025115
0 0.785937 0.9625 0.017757 0.026099
0 0.621094 0.966667 0.021239 0.025868
0 0.660937 0.972917 0.019065 0.031282
0 0.253125 0.986458 0.018442 0.024589
0 0.339844 0.989099 0.022051 0.021803