0 0.592187 0.012525 0.023931 0.025051
0 0.797656 0.027083 0.033182 0.04004
0 0.089063 0.023958 0.018939 0.024442
0 0.678906 0.082292 0.018939 0.024442
0 0.154688 0.10625 0.020341 0.025073
0 0.16875 0.10625 0.018756 0.022285
0 0.777344 0.128125 0.030016 0.034562
0 0.503125 0.128125 0.027399 0.032381
0 0.153906 0.152083 0.025474 0.037404
0 0.233594 0.152083 0.022798 0.02679
0 0.384375 0.163542 0.017759 0.024215
0 0.084375 0.180208 0.019543 0.023126
0 0.771094 0.198958 0.019543 0.023126
0 0.722656 0.211458 0.028472 0.03641
0 0.830469 0.229167 0.028951 0.033421
0 0.425781 0.235417 0.019053 0.030252
0 0.270313 0.244792 0.021362 0.02664
0 0.660156 0.263542 0.01902 0.024748
0 0.279687 0.266667 0.018784 0.026311
0 0.624219 0.29375 0.023475 0.026349
0 0.542969 0.308333 0.01971 0.025332
0 0.178125 0.338542 0.019627 0.024405
0 0.38125 0.354167 0.039948 0.037523
0 0.284375 0.396875 0.029481 0.042192
0 0.794531 0.396875 0.020371 0.024457
0 0.142187 0.417708 0.025009 0.037163
0 0.891406 0.426042 0.01902 0.024748
0 0.145313 0.459375 0.018442 0.024589
0 0.703125 0.459375 0.02032 0.023137
0 0.653125 0.482292 0.017757 0.026099
0 0.233594 0.483333 0.019868 0.025663
0 0.371875 0.496875 0.029243 0.03786
0 0.225781 0.526042 0.027829 0.038542
0 0.191406 0.523958 0.019638 0.024534
0 0.660156 0.525 0.019558 0.02407
0 0.732812 0.536458 0.031622 0.046597
0 0.452344 0.529167 0.021202 0.026349
0 0.065625 0.540625 0.018442 0.024589
0 0.204687 0.5625 0.033956 0.042745
0 0.874219 0.557292 0.025011 0.035065
0 0.472656 0.558333 0.023758 0.031125
0 0.528906 0.575 0.023103 0.02886
0 0.283594 0.595833 0.019429 0.026567
0 0.171875 0.603125 0.018939 0.024442
0 0.288281 0.604167 0.018999 0.02628
0 0.202344 0.615625 0.019733 0.025046
0 0.098437 0.615625 0.019543 0.023126
0 0.415625 0.644792 0.018773 0.023107
0 0.072656 0.660417 0.025181 0.038675
0 0.261719 0.672917 0.020231 0.026656
0 0.796094 0.678125 0.023103 0.02886
0 0.964063 0.68125 0.018008 0.02309
0 0.666406 0.684375 0.019792 0.025321
0 0.135156 0.685417 0.019733 0.025046
0 0.119531 0.697917 0.028614 0.038529
0 0.014107 0.702083 0.028214 0.03989
0 0.370312 0.732292 0.018442 0.024589
0 0.592969 0.7375 0.021112 0.025088
0 0.032031 0.75 0.027522 0.031911
0 0.582812 0.753125 0.018939 0.024442
0 0.077344 0.760417 0.019992 0.026974
0 0.026562 0.782292 0.025564 0.0345
0 0.560156 0.786458 0.025865 0.032349
0 0.314844 0.7875 0.019925 0.025905
0 0.189844 0.808333 0.033493 0.042557
0 0.063281 0.809375 0.02854 0.039719
0 0.875781 0.801042 0.019638 0.024534
0 0.144531 0.809375 0.023511 0.028281
0 0.107031 0.813542 0.019762 0.028269
0 0.980469 0.811458 0.017317 0.024011
0 0.941406 0.815625 0.023293 0.029834
0 0.56875 0.820833 0.026657 0.03595
0 0.382812 0.827083 0.023569 0.034832
0 0.990021 0.830208 0.019957 0.025459
0 0.904687 0.85 0.028611 0.040369
0 0.192969 0.8625 0.019446 0.026546
0 0.342969 0.866667 0.018991 0.026389
0 0.863281 0.882292 0.034357 0.040953
0 0.248438 0.884375 0.018939 0.024442
0 0.240625 0.914583 0.025248 0.033897
0 0.04375 0.916667 0.018008 0.02309
0 0.86875 0.951042 0.026245 0.051207
0 0.067969 0.969792 0.019792 0.025321
0 0.348438 0.986458 0.018939 0.024442
0 0.039844 0.988008 0.022656 0.023984