0 0.471094 0.016667 0.023758 0.031125
0 0.491406 0.067708 0.023081 0.032753
0 0.948438 0.091667 0.024167 0.043902
0 0.448437 0.159375 0.026175 0.041839
0 0.988281 0.171875 0.022874 0.032977
0 0.2125 0.204167 0.030097 0.034045
0 0.773438 0.226042 0.026048 0.031808
0 0.807813 0.251042 0.022017 0.028277
0 0.176563 0.275 0.01882 0.024173
0 0.215625 0.302083 0.01892 0.026267
0 0.008489 0.329167 0.016978 0.025253
0 0.9875 0.329167 0.017982 0.022269
0 0.595313 0.355208 0.025345 0.030561
0 0.696875 0.367708 0.025474 0.037404
0 0.251563 0.379167 0.022828 0.027821
0 0.210938 0.438542 0.027804 0.045195
0 0.342187 0.439583 0.031777 0.039191
0 0.667188 0.452083 0.029537 0.036103
0 0.364844 0.496875 0.024233 0.028169
0 0.066406 0.501042 0.025129 0.029733
0 0.185156 0.516667 0.031478 0.036045
0 0.2375 0.520833 0.018773 0.023107
0 0.110156 0.55 0.018052 0.026078
0 0.765625 0.567708 0.018008 0.02309
0 0.265625 0.580208 0.030696 0.039199
0 0.930469 0.588542 0.022012 0.032718
0 0.7375 0.590625 0.018442 0.024589
0 0.065625 0.59375 0.018784 0.026311
0 0.767188 0.629167 0.028594 0.038616
0 0.490625 0.63125 0.030228 0.039888
0 0.575 0.623958 0.018442 0.024589
0 0.104688 0.642708 0.025898 0.037568
0 0.542188 0.648958 0.025838 0.032623
0 0.376563 0.68125 0.022152 0.027355
0 0.6375 0.705208 0.018939 0.024442
0 0.040625 0.716667 0.03094 0.041737
0 0.019531 0.726042 0.030977 0.035224
0 0.596094 0.726042 0.019627 0.024405
0 0.388281 0.747917 0.026568 0.027154
0 0.360156 0.758333 0.030632 0.043679
0 0.153125 0.8 0.035065 0.052133
0 0.050781 0.811458 0.029583 0.043048
0 0.884375 0.823958 0.026155 0.036189
0 0.121875 0.873958 0.02563 0.038202
0 0.360156 0.867708 0.018939 0.024442
0 0.466406 0.91875 0.03014 0.03652
0 0.492188 0.986458 0.018442 0.024589