0 0.764844 0.076042 0.045481 0.039367
0 0.198437 0.1125 0.082789 0.117654
0 0.330469 0.088542 0.042654 0.05602
0 0.096094 0.084375 0.021138 0.034503
0 0.4875 0.090625 0.027393 0.037108
0 0.507031 0.110417 0.029608 0.036377
0 0.832812 0.114583 0.026811 0.036318
0 0.217188 0.195833 0.079569 0.155768
0 0.426563 0.155208 0.017759 0.024215
0 0.592969 0.164583 0.022883 0.028677
0 0.704688 0.240625 0.035572 0.05756
0 0.489844 0.24375 0.030304 0.037003
0 0.817969 0.240625 0.023592 0.027503
0 0.063281 0.254167 0.020866 0.030437
0 0.011719 0.258333 0.021116 0.030583
0 0.085156 0.264583 0.029516 0.0404
0 0.367188 0.266667 0.019683 0.026728
0 0.10625 0.271875 0.024975 0.031796
0 0.594531 0.308333 0.024076 0.032101
0 0.684375 0.308333 0.022673 0.031282
0 0.282813 0.330208 0.042478 0.066732
0 0.667969 0.320833 0.020058 0.027568
0 0.675781 0.338542 0.029145 0.035766
0 0.3125 0.341667 0.028506 0.035084
0 0.492969 0.344792 0.023954 0.031524
0 0.603906 0.340625 0.01894 0.025253
0 0.694531 0.353125 0.019774 0.03233
0 0.396875 0.367708 0.022111 0.027748
0 0.807813 0.375 0.022656 0.031302
0 0.675781 0.38125 0.024336 0.03118
0 0.820312 0.3875 0.022114 0.034653
0 0.478125 0.446875 0.105972 0.129329
0 0.666406 0.428125 0.038639 0.040575
0 0.414062 0.446875 0.025072 0.030368
0 0.559375 0.454167 0.024258 0.025926
0 0.657813 0.461458 0.021165 0.025459
0 0.785156 0.465625 0.030003 0.036118
0 0.535156 0.484375 0.019119 0.025492
0 0.529687 0.495833 0.021131 0.02449
0 0.096875 0.540625 0.037592 0.045972
0 0.282031 0.54375 0.032325 0.05059
0 0.480469 0.535417 0.02365 0.028234
0 0.389062 0.551042 0.027815 0.039999
0 0.5375 0.588542 0.080433 0.104196
0 0.682031 0.554167 0.018999 0.02628
0 0.100781 0.586458 0.059106 0.066494
0 0.851562 0.585417 0.024847 0.031127
0 0.59375 0.611458 0.042473 0.062408
0 0.755469 0.623958 0.018939 0.024442
0 0.575 0.677083 0.070159 0.091432
0 0.403125 0.6625 0.023129 0.033059
0 0.653906 0.683333 0.026071 0.039357
0 0.913281 0.690625 0.022346 0.029794
0 0.7875 0.690625 0.016702 0.023976
0 0.924219 0.697917 0.018921 0.024472
0 0.3875 0.711458 0.024886 0.03407
0 0.147656 0.771875 0.120482 0.151731
0 0.321094 0.721875 0.029276 0.03606
0 0.978906 0.76875 0.031882 0.042509
0 0.692187 0.76875 0.021161 0.025349
0 0.919531 0.778125 0.021901 0.024512
0 0.012177 0.785417 0.024354 0.03899
0 0.56875 0.795833 0.036884 0.044985
0 0.394531 0.8 0.026642 0.029619
0 0.39375 0.89375 0.068188 0.105762
0 0.011335 0.866667 0.022671 0.025161
0 0.167187 0.909375 0.045886 0.057003
0 0.667188 0.895833 0.018342 0.027161
0 0.107813 0.927083 0.030146 0.039011
0 0.140625 0.9375 0.019195 0.026357
0 0.947656 0.939583 0.023607 0.028741
0 0.921875 0.963563 0.068099 0.072873
0 0.515625 0.960417 0.02217 0.030923