0 0.703906 0.017764 0.026729 0.035527
0 0.603125 0.0375 0.021645 0.030804
0 0.345313 0.064583 0.023847 0.0333
0 0.742969 0.090625 0.019714 0.027305
0 0.275781 0.127083 0.021791 0.032651
0 0.800781 0.14375 0.039554 0.04187
0 0.717969 0.161458 0.020432 0.028638
0 0.017188 0.167708 0.023744 0.028698
0 0.567969 0.169792 0.020811 0.029482
0 0.736719 0.179167 0.019558 0.02407
0 0.40625 0.226042 0.023254 0.036653
0 0.746094 0.246875 0.01957 0.028162
0 0.844531 0.272917 0.020209 0.029396
0 0.972656 0.289583 0.020579 0.030481
0 0.426563 0.302083 0.021508 0.03051
0 0.426563 0.319792 0.024274 0.028304
0 0.448437 0.352083 0.025343 0.032814
0 0.770312 0.375 0.025243 0.032454
0 0.566406 0.386458 0.025522 0.031119
0 0.667969 0.405208 0.02551 0.035817
0 0.730469 0.4 0.019925 0.025905
0 0.390625 0.455208 0.031425 0.032981
0 0.8625 0.453125 0.018939 0.024442
0 0.896094 0.45625 0.02217 0.030923
0 0.971875 0.457292 0.024262 0.033667
0 0.275 0.4625 0.022558 0.029051
0 0.957031 0.477083 0.018331 0.025253
0 0.932031 0.490625 0.025008 0.027148
0 0.825781 0.508333 0.023293 0.029834
0 0.517969 0.563542 0.019792 0.025321
0 0.383594 0.571875 0.024483 0.035321
0 0.008829 0.56875 0.017658 0.027608
0 0.217188 0.588542 0.024456 0.029374
0 0.507031 0.591667 0.020046 0.026244
0 0.938281 0.6125 0.026243 0.039152
0 0.901563 0.635417 0.027922 0.049308
0 0.635938 0.638542 0.020736 0.028573
0 0.316406 0.655208 0.030045 0.039506
0 0.241406 0.663542 0.023878 0.029636
0 0.091406 0.677083 0.026577 0.033441
0 0.199219 0.727083 0.020697 0.026524
0 0.542188 0.730208 0.021122 0.026093
0 0.969531 0.767708 0.020432 0.028638
0 0.613281 0.767708 0.018827 0.023629
0 0.014226 0.822917 0.028452 0.05163
0 0.364844 0.820833 0.029417 0.038398
0 0.823438 0.828125 0.021145 0.028907
0 0.858594 0.827083 0.020627 0.027503
0 0.417969 0.83125 0.020231 0.026656
0 0.025781 0.839583 0.023556 0.02766
0 0.571094 0.844792 0.020147 0.028452
0 0.035937 0.857292 0.028906 0.038542
0 0.649219 0.870833 0.020906 0.031421
0 0.104688 0.875 0.023768 0.032356
0 0.0875 0.877083 0.019909 0.025929
0 0.180469 0.913542 0.02389 0.029491
0 0.022656 0.929167 0.024512 0.033827
0 0.071094 0.925 0.022768 0.026762
0 0.530469 0.946875 0.022717 0.033827
0 0.323437 0.946875 0.024976 0.033622
0 0.336719 0.951042 0.023103 0.02886
0 0.439844 0.976042 0.023899 0.03324
0 0.971875 0.973958 0.01902 0.024748