0 0.327344 0.010703 0.021656 0.021406
0 0.485938 0.032292 0.02032 0.023137
0 0.280469 0.063542 0.019925 0.025905
0 0.7 0.090625 0.020736 0.028573
0 0.709375 0.104167 0.018784 0.026311
0 0.449219 0.117708 0.016724 0.028126
0 0.264062 0.164583 0.02077 0.027051
0 0.039844 0.180208 0.019542 0.02313
0 0.4875 0.183333 0.0184 0.026183
0 0.671094 0.1875 0.019429 0.026567
0 0.271875 0.202083 0.025455 0.047076
0 0.064844 0.208333 0.022922 0.031445
0 0.426563 0.208333 0.018406 0.026178
0 0.50625 0.213542 0.024377 0.029703
0 0.424219 0.217708 0.017358 0.028131
0 0.129688 0.221875 0.018096 0.024127
0 0.526563 0.234375 0.018331 0.025253
0 0.447656 0.24375 0.019832 0.026443
0 0.85 0.244792 0.018939 0.024442
0 0.24375 0.280208 0.022675 0.024528
0 0.155469 0.307292 0.019792 0.025321
0 0.888281 0.319792 0.0212 0.037568
0 0.1 0.315625 0.020566 0.026042
0 0.088281 0.386458 0.018921 0.024472
0 0.566406 0.39375 0.02197 0.025832
0 0.167187 0.401042 0.024421 0.029117
0 0.107813 0.408333 0.017345 0.026058
0 0.357812 0.41875 0.022667 0.02612
0 0.216406 0.435417 0.018756 0.022285
0 0.2375 0.455208 0.025069 0.027655
0 0.800781 0.465625 0.018096 0.024127
0 0.910156 0.466667 0.023529 0.026601
0 0.366406 0.48125 0.020103 0.031361
0 0.242969 0.479167 0.019534 0.022292
0 0.975781 0.485417 0.019773 0.0268
0 0.6125 0.49375 0.021198 0.026257
0 0.190625 0.501042 0.020456 0.028611
0 0.835156 0.511458 0.018769 0.023116
0 0.59375 0.519792 0.020661 0.028728
0 0.558594 0.51875 0.020377 0.02459
0 0.342969 0.525 0.019429 0.026567
0 0.10625 0.53125 0.01813 0.025093
0 0.346094 0.5375 0.019558 0.02407
0 0.011719 0.552083 0.016722 0.027086
0 0.103906 0.611458 0.021104 0.024098
0 0.236719 0.621875 0.020441 0.025129
0 0.404687 0.635417 0.022265 0.030253
0 0.907813 0.652083 0.021899 0.034554
0 0.473438 0.6625 0.019542 0.02313
0 0.216406 0.665625 0.021546 0.027548
0 0.409375 0.666667 0.018784 0.026311
0 0.182031 0.676042 0.019613 0.024433
0 0.1875 0.678125 0.018331 0.025253
0 0.610156 0.685417 0.019119 0.025492
0 0.588281 0.717708 0.020371 0.024457
0 0.508594 0.758333 0.019429 0.026567
0 0.575781 0.7625 0.022346 0.029794
0 0.448437 0.775 0.018784 0.026311
0 0.872656 0.79375 0.0184 0.026183
0 0.340625 0.817708 0.024711 0.040891
0 0.44375 0.822917 0.023576 0.030461
0 0.685156 0.828125 0.020432 0.028638
0 0.475 0.842708 0.018773 0.023107
0 0.378906 0.847917 0.019925 0.025905
0 0.154688 0.857292 0.021899 0.024518
0 0.402344 0.873958 0.025856 0.028595
0 0.746094 0.877083 0.019429 0.026567
0 0.167969 0.883333 0.020046 0.026244
0 0.48125 0.882292 0.01902 0.024748
0 0.290625 0.8875 0.018048 0.02325
0 0.485938 0.890625 0.017348 0.026056
0 0.817969 0.908333 0.01733 0.02503
0 0.36875 0.916667 0.018406 0.026178
0 0.450781 0.927083 0.032099 0.032908
0 0.486719 0.940625 0.019574 0.023676
0 0.345313 0.952083 0.018304 0.026169
0 0.103906 0.953125 0.018827 0.023629
0 0.215625 0.980208 0.021227 0.032507
0 0.478125 0.978125 0.021901 0.024512
0 0.032813 0.991451 0.018846 0.017098