0 0.13125 0.020833 0.026607 0.027697
0 0.567969 0.034375 0.019627 0.024405
0 0.246094 0.051042 0.019693 0.024852
0 0.640625 0.057292 0.02244 0.035598
0 0.742188 0.067708 0.019401 0.028319
0 0.011719 0.082292 0.018816 0.028149
0 0.764062 0.103125 0.022325 0.028159
0 0.346875 0.104167 0.024341 0.028597
0 0.23125 0.114583 0.021141 0.027182
0 0.716406 0.125 0.019733 0.025046
0 0.226562 0.138542 0.018124 0.023544
0 0.259375 0.194792 0.021171 0.025078
0 0.592187 0.195833 0.021546 0.027548
0 0.070312 0.205208 0.031474 0.04556
0 0.049219 0.216667 0.018756 0.022285
0 0.3375 0.226042 0.018773 0.023107
0 0.645312 0.241667 0.018324 0.026151
0 0.635156 0.272917 0.018406 0.026178
0 0.725 0.284375 0.018096 0.024127
0 0.495312 0.310417 0.017757 0.026099
0 0.273438 0.311458 0.018096 0.024127
0 0.239844 0.323958 0.018096 0.024127
0 0.496875 0.34375 0.021946 0.026299
0 0.548438 0.383333 0.017759 0.024215
0 0.522656 0.407292 0.020147 0.028452
0 0.558594 0.44375 0.017363 0.030211
0 0.006058 0.458333 0.012116 0.022269
0 0.563281 0.484375 0.024038 0.035041
0 0.599219 0.4875 0.0201 0.026364
0 0.572656 0.507292 0.019774 0.031291
0 0.115625 0.516667 0.018867 0.026122
0 0.488281 0.54375 0.02123 0.025887
0 0.016406 0.609375 0.017317 0.024011
0 0.016406 0.642708 0.017658 0.024165
0 0.242188 0.672917 0.020341 0.025073
0 0.010938 0.6875 0.018784 0.026311
0 0.279687 0.716667 0.019467 0.034408
0 0.505469 0.728125 0.023615 0.03322
0 0.094531 0.729167 0.018855 0.030261
0 0.011719 0.758333 0.022922 0.031445
0 0.901563 0.838542 0.018939 0.024442
0 0.107813 0.851042 0.018062 0.026069
0 0.392188 0.865625 0.01902 0.024748
0 0.334375 0.888542 0.020154 0.028445
0 0.957031 0.889583 0.019768 0.025593
0 0.451562 0.895833 0.0211 0.027734
0 0.445312 0.903125 0.018124 0.023544
0 0.4625 0.954167 0.020566 0.026042
0 0.55 0.969792 0.018096 0.024127