0 0.732031 0.041667 0.022768 0.026762
0 0.411719 0.072917 0.025161 0.030661
0 0.8375 0.102083 0.019832 0.026443
0 0.045312 0.120833 0.021112 0.025088
0 0.769531 0.127083 0.020627 0.027503
0 0.614844 0.1375 0.021902 0.027122
0 0.449219 0.148958 0.022152 0.027355
0 0.711719 0.220833 0.02111 0.033493
0 0.980469 0.221875 0.01971 0.025332
0 0.076563 0.303125 0.038725 0.052217
0 0.741406 0.303125 0.020432 0.028638
0 0.803906 0.322917 0.029868 0.035025
0 0.466406 0.317708 0.01882 0.024173
0 0.427344 0.348958 0.029056 0.032911
0 0.778125 0.423958 0.021921 0.025381
0 0.577344 0.43125 0.017317 0.024011
0 0.732031 0.471875 0.023319 0.029672
0 0.552344 0.480208 0.022995 0.032052
0 0.414062 0.503125 0.032086 0.047837
0 0.642188 0.520833 0.018304 0.026169
0 0.948438 0.536458 0.028793 0.045171
0 0.136719 0.580208 0.018052 0.026078
0 0.157812 0.59375 0.019633 0.024542
0 0.817187 0.605208 0.03082 0.045167
0 0.595313 0.619792 0.020371 0.024457
0 0.567969 0.667708 0.028027 0.037662
0 0.301563 0.665625 0.019574 0.023676
0 0.364063 0.6875 0.018406 0.026178
0 0.758594 0.695833 0.0211 0.027734
0 0.699219 0.70625 0.029581 0.038197
0 0.751563 0.703125 0.02143 0.027648
0 0.298438 0.719792 0.026089 0.035063
0 0.521094 0.73125 0.021112 0.025088
0 0.290625 0.733333 0.019558 0.02407
0 0.339844 0.75625 0.023644 0.029463
0 0.75625 0.78125 0.036131 0.051752
0 0.296875 0.801042 0.054784 0.072421
0 0.561719 0.788542 0.019558 0.02407
0 0.471094 0.80625 0.022689 0.025403
0 0.526563 0.813542 0.017317 0.024011
0 0.823438 0.816667 0.018769 0.023116
0 0.092969 0.81875 0.018442 0.024589
0 0.967187 0.847917 0.021701 0.028014
0 0.265625 0.877083 0.021542 0.027554
0 0.021875 0.907292 0.021796 0.030069
0 0.389062 0.954167 0.034717 0.03746