0 0.9125 0.011876 0.018442 0.023753
0 0.575781 0.019792 0.017317 0.024011
0 0.671875 0.027083 0.019445 0.029302
0 0.953906 0.026042 0.025806 0.025956
0 0.399219 0.061458 0.019574 0.023676
0 0.185156 0.089583 0.019534 0.022292
0 0.625 0.121875 0.022099 0.027768
0 0.279687 0.142708 0.019627 0.024405
0 0.559375 0.148958 0.018976 0.027221
0 0.257812 0.183333 0.019049 0.029218
0 0.378906 0.194792 0.019681 0.02538
0 0.591406 0.197917 0.019247 0.026491
0 0.398438 0.20625 0.018048 0.02325
0 0.385156 0.208333 0.019446 0.026546
0 0.879687 0.238542 0.018442 0.024589
0 0.613281 0.242708 0.019613 0.024433
0 0.3 0.247917 0.017802 0.029182
0 0.050781 0.259375 0.02507 0.027729
0 0.355469 0.267708 0.019627 0.024405
0 0.477344 0.276042 0.021354 0.029868
0 0.171875 0.289583 0.021098 0.023145
0 0.8625 0.305208 0.018304 0.026169
0 0.153125 0.309375 0.017759 0.024215
0 0.030469 0.315625 0.019573 0.024204
0 0.241406 0.339583 0.0184 0.026183
0 0.635938 0.344792 0.018442 0.024589
0 0.361719 0.371875 0.019733 0.025046
0 0.576562 0.386458 0.019593 0.032301
0 0.334375 0.386458 0.019558 0.02407
0 0.032031 0.389583 0.020319 0.023139
0 0.349219 0.4125 0.017793 0.028147
0 0.583594 0.4125 0.019035 0.026241
0 0.50625 0.421875 0.018442 0.024589
0 0.305469 0.435417 0.020521 0.026513
0 0.835938 0.435417 0.017757 0.026099
0 0.422656 0.448958 0.019925 0.025905
0 0.271094 0.451042 0.01882 0.024173
0 0.765625 0.461458 0.018096 0.024127
0 0.430469 0.482292 0.02032 0.023137
0 0.4 0.4875 0.019195 0.026357
0 0.428125 0.489583 0.017353 0.027093
0 0.550781 0.489583 0.018008 0.02309
0 0.760938 0.534375 0.018939 0.024442
0 0.605469 0.538542 0.019925 0.025905
0 0.730469 0.542708 0.019792 0.025321
0 0.903125 0.563542 0.018161 0.023679
0 0.892188 0.583333 0.018784 0.026311
0 0.557813 0.597917 0.017757 0.026099
0 0.853125 0.596875 0.019733 0.025046
0 0.765625 0.603125 0.018331 0.025253
0 0.533594 0.63125 0.022768 0.026762
0 0.729688 0.669792 0.018442 0.024589
0 0.103906 0.675 0.019574 0.023676
0 0.728125 0.690625 0.018442 0.024589
0 0.189062 0.692708 0.018846 0.025128
0 0.240625 0.707292 0.020339 0.023705
0 0.192188 0.722917 0.020072 0.030358
0 0.114062 0.721875 0.019119 0.025492
0 0.407813 0.720833 0.021098 0.023144
0 0.685937 0.73125 0.023571 0.027864
0 0.20625 0.738542 0.018331 0.025253
0 0.425781 0.746875 0.019693 0.028264
0 0.310156 0.75 0.019365 0.027345
0 0.330469 0.766667 0.019992 0.026974
0 0.985156 0.76875 0.019501 0.031322
0 0.517969 0.775 0.018052 0.026078
0 0.498437 0.788542 0.018442 0.024589
0 0.532813 0.796875 0.018442 0.024589
0 0.473438 0.802083 0.019446 0.026546
0 0.139063 0.821875 0.017317 0.024011
0 0.78125 0.833333 0.017337 0.025026
0 0.385156 0.8625 0.018304 0.026169
0 0.909375 0.875 0.019415 0.028306
0 0.539844 0.888542 0.019633 0.024542
0 0.730469 0.919792 0.019574 0.023676
0 0.642188 0.922917 0.022786 0.028486
0 0.165625 0.932292 0.019573 0.024204
0 0.213281 0.961458 0.017348 0.026056
0 0.053906 0.977083 0.023462 0.02542
0 0.114062 0.991476 0.018161 0.017048