0 0.616406 0.154167 0.023862 0.035072
0 0.184375 0.201042 0.02101 0.028935
0 0.589844 0.242708 0.022883 0.028677
0 0.40625 0.477083 0.025231 0.034878
0 0.948438 0.571875 0.024459 0.028776
0 0.449219 0.573958 0.017438 0.024063
0 0.514844 0.585417 0.034601 0.036038
0 0.846875 0.663542 0.030911 0.037472
0 0.98125 0.773958 0.01902 0.024748
0 0.503125 0.785417 0.024838 0.035227
0 0.924219 0.8125 0.029704 0.029374
0 0.733594 0.81875 0.027239 0.033549
0 0.451562 0.826042 0.018442 0.024589
0 0.721094 0.847917 0.028818 0.03484
0 0.813281 0.873958 0.041612 0.038311
0 0.717187 0.923958 0.018939 0.024442