0 0.460156 0.069792 0.01882 0.024173
0 0.989062 0.170833 0.0184 0.026183
0 0.152344 0.18125 0.019832 0.026443
0 0.539844 0.182292 0.020566 0.027421
0 0.196875 0.215625 0.020103 0.031361
0 0.348438 0.267708 0.019925 0.025905
0 0.733594 0.326042 0.019733 0.025046
0 0.88125 0.353125 0.018331 0.025253
0 0.24375 0.379167 0.02211 0.038667
0 0.548438 0.377083 0.024496 0.029918
0 0.222656 0.384375 0.019483 0.03648
0 0.034375 0.401042 0.019638 0.024534
0 0.692187 0.652083 0.024975 0.031796
0 0.364844 0.653125 0.021546 0.027548
0 0.464062 0.667708 0.020511 0.035486
0 0.973437 0.79375 0.019574 0.023676
0 0.090625 0.882292 0.020328 0.024087