0 0.317969 0.015625 0.019574 0.023676
0 0.728125 0.048958 0.020441 0.025129
0 0.285938 0.051042 0.01882 0.024173
0 0.028125 0.066667 0.022152 0.027355
0 0.374219 0.06875 0.017757 0.026099
0 0.3 0.075 0.021362 0.02664
0 0.647656 0.084375 0.020432 0.028638
0 0.592969 0.095833 0.021972 0.025937
0 0.728125 0.1 0.021653 0.030795
0 0.864844 0.105208 0.019627 0.024405
0 0.78125 0.135417 0.018406 0.026178
0 0.650781 0.161458 0.019574 0.023676
0 0.251563 0.186458 0.018939 0.024442
0 0.436719 0.198958 0.023781 0.028969
0 0.86875 0.216667 0.020528 0.033446
0 0.223438 0.223958 0.021701 0.028014
0 0.216406 0.234375 0.028922 0.028369
0 0.384375 0.297917 0.018784 0.026311
0 0.933594 0.298958 0.01998 0.028483
0 0.403125 0.298958 0.018939 0.024442
0 0.539062 0.3 0.018008 0.02309
0 0.707031 0.307292 0.019531 0.027421
0 0.508594 0.325 0.019446 0.026546
0 0.977344 0.323958 0.017317 0.024011
0 0.760938 0.339583 0.020095 0.034426
0 0.854688 0.339583 0.018415 0.033344
0 0.417187 0.358333 0.020529 0.025786
0 0.091406 0.365625 0.018827 0.023629
0 0.119531 0.36875 0.018756 0.022285
0 0.071094 0.377083 0.020627 0.027503
0 0.298438 0.3875 0.021094 0.026042
0 0.485938 0.43125 0.018008 0.02309
0 0.860938 0.435417 0.021362 0.02664
0 0.721094 0.457292 0.017317 0.024011
0 0.096094 0.458333 0.020313 0.022917
0 0.710156 0.466667 0.01948 0.030303
0 0.920312 0.48125 0.019429 0.026567
0 0.885938 0.501042 0.018342 0.027161
0 0.75625 0.51875 0.023464 0.025528
0 0.670312 0.530208 0.017721 0.025103
0 0.666406 0.538542 0.018051 0.025047
0 0.942187 0.56875 0.018396 0.030233
0 0.124219 0.579167 0.019035 0.026241
0 0.196875 0.6125 0.023744 0.028698
0 0.651563 0.617708 0.022325 0.028159
0 0.703125 0.628125 0.021727 0.028969
0 0.544531 0.635417 0.019401 0.028319
0 0.489844 0.667708 0.019633 0.024542
0 0.041406 0.690625 0.019992 0.026974
0 0.904687 0.694792 0.020712 0.029398
0 0.460938 0.721875 0.032138 0.03187
0 0.146875 0.776042 0.020516 0.029283
0 0.38125 0.830208 0.018773 0.023107
0 0.542969 0.838542 0.018822 0.028144
0 0.274219 0.869792 0.019613 0.024433
0 0.283594 0.869792 0.020328 0.024087
0 0.240625 0.873958 0.01902 0.024748
0 0.141406 0.88125 0.020341 0.025073
0 0.920312 0.911458 0.018331 0.025253
0 0.489063 0.958333 0.017721 0.025103
0 0.340625 0.980208 0.021618 0.02791
0 0.328125 0.989393 0.019574 0.021213