0 0.741406 0.008769 0.020676 0.017539
0 0.35 0.096875 0.024087 0.036723
0 0.2875 0.101042 0.021102 0.024102
0 0.294531 0.107292 0.025507 0.03125
0 0.424219 0.10625 0.019429 0.026567
0 0.376563 0.107292 0.019543 0.023126
0 0.386719 0.111458 0.022866 0.028704
0 0.321875 0.115625 0.019574 0.023676
0 0.664062 0.1375 0.018769 0.023116
0 0.21875 0.144792 0.019795 0.034395
0 0.533594 0.154167 0.02018 0.026907
0 0.503125 0.155208 0.020371 0.024457
0 0.185938 0.189583 0.018304 0.026169
0 0.75 0.202083 0.020072 0.030358
0 0.396875 0.228125 0.02101 0.028935
0 0.604688 0.23125 0.018324 0.026151
0 0.575 0.246875 0.01902 0.024748
0 0.251563 0.248958 0.018048 0.02325
0 0.796094 0.257292 0.019401 0.028319
0 0.072656 0.310417 0.023728 0.038768
0 0.625781 0.328125 0.019733 0.025046
0 0.084375 0.330208 0.017721 0.025103
0 0.346875 0.334375 0.018342 0.027161
0 0.023438 0.380208 0.017793 0.028147
0 0.082031 0.405208 0.016714 0.025008
0 0.335938 0.43125 0.02055 0.034465
0 0.78125 0.432292 0.022145 0.032681
0 0.625781 0.436458 0.019733 0.025046
0 0.260937 0.451042 0.01813 0.025093
0 0.296094 0.505208 0.01813 0.025093
0 0.054688 0.517708 0.018442 0.024589
0 0.21875 0.525 0.019868 0.025663
0 0.570312 0.594792 0.022067 0.029423
0 0.0625 0.602083 0.018756 0.022285
0 0.551562 0.623958 0.021314 0.02663
0 0.189062 0.653125 0.018773 0.023107
0 0.195312 0.655208 0.019558 0.02407
0 0.254688 0.677083 0.017982 0.022269
0 0.333594 0.702083 0.019832 0.026443
0 0.501563 0.729167 0.027601 0.031199
0 0.272656 0.728125 0.01882 0.024173
0 0.73125 0.746875 0.018096 0.024127
0 0.499219 0.75625 0.022768 0.026762
0 0.295312 0.773958 0.021542 0.027554
0 0.149219 0.81875 0.019534 0.022292
0 0.676562 0.857292 0.021131 0.02449
0 0.241406 0.865625 0.021929 0.025115
0 0.007598 0.873958 0.015195 0.029296
0 0.646094 0.910417 0.020566 0.027421
0 0.146875 0.919792 0.018442 0.024589
0 0.625 0.929167 0.018756 0.022285
0 0.708594 0.934375 0.016714 0.025008
0 0.570312 0.948958 0.018939 0.024442
0 0.425781 0.960417 0.022788 0.02699
0 0.910156 0.98125 0.02278 0.034774
0 0.351562 0.980208 0.018939 0.024442
0 0.43125 0.983333 0.018756 0.022285