0 0.366406 0.020833 0.025014 0.029203
0 0.691406 0.028125 0.023511 0.028281
0 0.080469 0.03125 0.020479 0.026286
0 0.161719 0.042708 0.019733 0.025046
0 0.233594 0.075 0.025594 0.03579
0 0.483594 0.13125 0.01971 0.025332
0 0.857031 0.163542 0.022111 0.032714
0 0.649219 0.223958 0.019762 0.028269
0 0.24375 0.244792 0.02583 0.032635
0 0.486719 0.334375 0.01875 0.023958
0 0.532813 0.3375 0.018773 0.023107
0 0.873437 0.345833 0.018784 0.026311
0 0.383594 0.352083 0.029113 0.034806
0 0.257812 0.382292 0.023248 0.030703
0 0.102344 0.392708 0.019792 0.025321
0 0.944531 0.401042 0.0197 0.025227
0 0.492969 0.408333 0.026 0.030914
0 0.919531 0.416667 0.028133 0.030248
0 0.334375 0.423958 0.021145 0.028907
0 0.092188 0.429167 0.021198 0.026257
0 0.885938 0.434375 0.028378 0.031785
0 0.624219 0.445833 0.023962 0.037698
0 0.364844 0.455208 0.023643 0.031939
0 0.332031 0.475 0.023867 0.032182
0 0.371875 0.478125 0.021479 0.027243
0 0.603906 0.495833 0.026156 0.035428
0 0.090625 0.51875 0.023741 0.031149
0 0.215625 0.517708 0.018773 0.023107
0 0.453125 0.538542 0.022438 0.032662
0 0.542188 0.542708 0.023908 0.033445
0 0.016215 0.580208 0.03243 0.032652
0 0.5 0.610417 0.021339 0.026862
0 0.885156 0.626042 0.022111 0.032714
0 0.472656 0.630208 0.028449 0.032782
0 0.389062 0.640625 0.027372 0.037883
0 0.371094 0.658333 0.02203 0.039606
0 0.621094 0.652083 0.019909 0.025929
0 0.603906 0.669792 0.019792 0.025321
0 0.898438 0.704167 0.020661 0.028728
0 0.664062 0.719792 0.022729 0.02728
0 0.4875 0.734375 0.024425 0.030612
0 0.049219 0.747917 0.020479 0.026286
0 0.93125 0.763542 0.022111 0.032714
0 0.975 0.765625 0.020328 0.024087
0 0.404687 0.791667 0.018008 0.02309
0 0.158594 0.809375 0.019762 0.028269
0 0.359375 0.81875 0.02203 0.026707
0 0.807031 0.833333 0.025129 0.029733
0 0.824219 0.83125 0.020537 0.027934
0 0.085938 0.834375 0.030493 0.028684
0 0.89375 0.854167 0.022922 0.031445
0 0.010937 0.878125 0.019733 0.025046
0 0.385156 0.883333 0.02588 0.029593
0 0.150781 0.920833 0.025826 0.029329
0 0.429688 0.939583 0.027872 0.033345
0 0.404687 0.940625 0.018442 0.024589
0 0.31875 0.955208 0.025348 0.03196
0 0.170313 0.959375 0.018096 0.024127