0 0.617188 0.033333 0.029048 0.039462
0 0.232813 0.042708 0.020432 0.028638
0 0.848437 0.127083 0.022447 0.02875
0 0.759375 0.154167 0.028726 0.039836
0 0.192188 0.390625 0.018384 0.029201
0 0.541406 0.396875 0.019638 0.024534
0 0.705469 0.428125 0.019972 0.028419
0 0.269531 0.53125 0.018331 0.025253
0 0.328125 0.555208 0.018008 0.02309
0 0.271094 0.675 0.019574 0.023676
0 0.944531 0.782292 0.017317 0.024011
0 0.765625 0.807292 0.021231 0.025776
0 0.896875 0.819792 0.019733 0.025046
0 0.34375 0.85 0.019195 0.026357
0 0.372656 0.853125 0.017759 0.024215
0 0.097656 0.858333 0.019832 0.026443
0 0.513281 0.945833 0.018784 0.026311
0 0.130469 0.980208 0.023345 0.03313
0 0.178125 0.987558 0.026688 0.024883