0 0.899219 0.025967 0.042719 0.051934
0 0.260937 0.027083 0.04818 0.050546
0 0.040625 0.035417 0.022479 0.030881
0 0.489844 0.04375 0.019531 0.027421
0 0.232813 0.045833 0.018051 0.025047
0 0.848437 0.052083 0.027612 0.032177
0 0.496875 0.065625 0.042498 0.043411
0 0.44375 0.080208 0.019053 0.030252
0 0.516406 0.085417 0.020134 0.027719
0 0.29375 0.102083 0.031718 0.043239
0 0.511719 0.094792 0.019531 0.027421
0 0.413281 0.126042 0.020371 0.024457
0 0.510156 0.130208 0.023597 0.02855
0 0.753125 0.154167 0.042358 0.058966
0 0.535937 0.14375 0.021362 0.02664
0 0.653906 0.171875 0.026928 0.051108
0 0.301563 0.167708 0.018442 0.024589
0 0.423438 0.173958 0.019972 0.028419
0 0.548438 0.184375 0.022628 0.032694
0 0.308594 0.1875 0.028225 0.038322
0 0.460938 0.210417 0.060623 0.079487
0 0.576562 0.208333 0.021896 0.030747
0 0.317188 0.223958 0.026593 0.033416
0 0.008574 0.230208 0.017148 0.030069
0 0.710156 0.241667 0.023569 0.034832
0 0.560156 0.245833 0.019531 0.027421
0 0.733594 0.245833 0.019992 0.026974
0 0.728906 0.263542 0.027761 0.038348
0 0.746875 0.266667 0.024886 0.03407
0 0.766406 0.273958 0.020661 0.028728
0 0.6625 0.278125 0.025014 0.029203
0 0.429688 0.371875 0.023441 0.024113
0 0.430469 0.398958 0.031846 0.062616
0 0.453125 0.442708 0.026026 0.036828
0 0.466406 0.45 0.018331 0.025253
0 0.398438 0.488542 0.023298 0.038771
0 0.158594 0.484375 0.020566 0.026042
0 0.073438 0.484375 0.018939 0.024442
0 0.175 0.4875 0.020661 0.028728
0 0.505469 0.486458 0.023491 0.027306
0 0.485938 0.486458 0.018639 0.026258
0 0.478125 0.509375 0.021885 0.028544
0 0.56875 0.516667 0.022026 0.038568
0 0.897656 0.527083 0.020509 0.025821
0 0.81875 0.533333 0.020328 0.024087
0 0.079687 0.540625 0.024627 0.030507
0 0.747656 0.551042 0.028179 0.029659
0 0.415625 0.55625 0.020341 0.025073
0 0.30625 0.58125 0.025081 0.035435
0 0.871094 0.613542 0.053614 0.100291
0 0.151562 0.582292 0.025727 0.032655
0 0.413281 0.583333 0.023185 0.034666
0 0.58125 0.59375 0.018048 0.02325
0 0.603125 0.603125 0.021648 0.029332
0 0.619531 0.607292 0.019992 0.026974
0 0.680469 0.616667 0.030205 0.035918
0 0.357031 0.627083 0.027772 0.037378
0 0.939844 0.652083 0.023244 0.031704
0 0.401562 0.673958 0.025811 0.034415
0 0.908594 0.672917 0.019531 0.027421
0 0.527344 0.7125 0.018846 0.027254
0 0.135937 0.726042 0.018756 0.022285
0 0.142969 0.73125 0.01733 0.02503
0 0.45 0.741667 0.033251 0.036318
0 0.416406 0.741667 0.017658 0.024165
0 0.123438 0.744792 0.022418 0.029062
0 0.675 0.764583 0.020496 0.028281
0 0.528906 0.775 0.02077 0.027051
0 0.589844 0.783333 0.031739 0.040696
0 0.758594 0.783333 0.023758 0.031125
0 0.703125 0.785417 0.024516 0.030178
0 0.6875 0.792708 0.019818 0.02843
0 0.732812 0.804167 0.025958 0.043823
0 0.767969 0.801042 0.018785 0.024068
0 0.046875 0.828125 0.02197 0.025832
0 0.734375 0.83125 0.024436 0.029089
0 0.771875 0.832292 0.023161 0.029971
0 0.399219 0.836458 0.02306 0.029195
0 0.748437 0.841667 0.023008 0.034836
0 0.036719 0.853125 0.02816 0.036548
0 0.735156 0.854167 0.018124 0.023544
0 0.689844 0.861458 0.020506 0.033376
0 0.627344 0.860417 0.01733 0.02503
0 0.699219 0.877083 0.023521 0.026804
0 0.540625 0.890625 0.024694 0.034818
0 0.622656 0.886458 0.019925 0.025905
0 0.008632 0.914583 0.017265 0.026707