0 0.621875 0.039583 0.025342 0.045046
0 0.841406 0.057292 0.022376 0.031057
0 0.029687 0.133333 0.026273 0.033081
0 0.525 0.134375 0.018939 0.024442
0 0.682813 0.145833 0.024394 0.028127
0 0.929688 0.152083 0.028138 0.025985
0 0.720313 0.172917 0.018008 0.02309
0 0.015625 0.2125 0.028178 0.02826
0 0.66875 0.232292 0.018442 0.024589
0 0.124219 0.248958 0.02426 0.027326
0 0.115625 0.254167 0.020521 0.026513
0 0.621875 0.284375 0.022918 0.028188
0 0.875781 0.365625 0.019071 0.027215
0 0.223438 0.442708 0.022866 0.028704
0 0.555469 0.479167 0.01995 0.031372
0 0.307031 0.560417 0.022673 0.031282
0 0.841406 0.586458 0.025787 0.024559
0 0.100781 0.615625 0.020441 0.025129
0 0.947656 0.622917 0.020628 0.031456
0 0.442969 0.644792 0.019633 0.024542
0 0.219531 0.651042 0.022808 0.029452
0 0.114844 0.672917 0.02118 0.025185
0 0.982031 0.728125 0.023603 0.028747
0 0.142187 0.729167 0.018008 0.02309
0 0.804688 0.732292 0.021239 0.025868
0 0.316406 0.765625 0.01813 0.025093
0 0.916406 0.810417 0.032855 0.038591
0 0.939844 0.804167 0.025032 0.027341
0 0.282031 0.88125 0.02744 0.028786
0 0.1375 0.896875 0.018442 0.024589
0 0.783594 0.934375 0.020456 0.028611
0 0.110156 0.941667 0.02077 0.027051