0 0.153906 0.012873 0.025161 0.025747
0 0.615625 0.052083 0.019683 0.026728
0 0.854688 0.064583 0.021076 0.032495
0 0.853125 0.103125 0.025345 0.037078
0 0.35 0.114583 0.024568 0.035303
0 0.1625 0.11875 0.031158 0.039046
0 0.052344 0.148958 0.024512 0.033827
0 0.285938 0.146875 0.023511 0.028281
0 0.741406 0.170833 0.019773 0.0268
0 0.0375 0.190625 0.02198 0.027324
0 0.217969 0.226042 0.038142 0.097961
0 0.983594 0.202083 0.029039 0.030335
0 0.7375 0.207292 0.039863 0.03467
0 0.479687 0.213542 0.018331 0.025253
0 0.566406 0.277083 0.020627 0.027503
0 0.012508 0.352083 0.025015 0.030367
0 0.838281 0.410417 0.020231 0.026656
0 0.923438 0.411458 0.020147 0.028452
0 0.980469 0.411458 0.025171 0.029147
0 0.140625 0.417708 0.027056 0.035451
0 0.379688 0.415625 0.021915 0.02956
0 0.310937 0.430208 0.027268 0.039696
0 0.157031 0.4375 0.027189 0.043365
0 0.058594 0.432292 0.023512 0.02835
0 0.217188 0.460417 0.025511 0.032143
0 0.576562 0.477083 0.024652 0.030465
0 0.303125 0.509375 0.030741 0.033187
0 0.601562 0.551042 0.020661 0.028728
0 0.232031 0.551042 0.02118 0.025185
0 0.6125 0.577083 0.026089 0.035063
0 0.011205 0.583333 0.02241 0.031695
0 0.624219 0.591667 0.023867 0.032182
0 0.882812 0.705208 0.036898 0.038527
0 0.483594 0.708333 0.024309 0.031325
0 0.960156 0.715625 0.025784 0.037333
0 0.110156 0.720833 0.031469 0.038807
0 0.489063 0.746875 0.023933 0.036696
0 0.578906 0.801042 0.024578 0.029591
0 0.05625 0.804167 0.019683 0.026728
0 0.760938 0.811458 0.027448 0.028968
0 0.333594 0.820833 0.025056 0.029313
0 0.11875 0.845833 0.022815 0.027608
0 0.951562 0.852083 0.022026 0.030025
0 0.834375 0.884375 0.020736 0.028573
0 0.240625 0.922917 0.021701 0.028014
0 0.817187 0.935417 0.02738 0.027713
0 0.507812 0.960417 0.02217 0.030923
0 0.660937 0.961458 0.023744 0.028698
0 0.313281 0.967708 0.019792 0.025321
0 0.558594 0.98125 0.032883 0.033028
0 0.572656 0.986458 0.01902 0.024748