0 0.764062 0.030208 0.022866 0.028704
0 0.527344 0.0625 0.019773 0.0268
0 0.717187 0.077083 0.018991 0.026389
0 0.2625 0.09375 0.020938 0.027401
0 0.551562 0.096875 0.018939 0.024442
0 0.578125 0.138542 0.021546 0.027548
0 0.810156 0.159375 0.019627 0.024405
0 0.098437 0.1625 0.018008 0.02309
0 0.574219 0.176042 0.019714 0.027305
0 0.390625 0.180208 0.018048 0.02325
0 0.39375 0.188542 0.018769 0.023116
0 0.588281 0.2125 0.020341 0.025073
0 0.823438 0.219792 0.021648 0.029332
0 0.03125 0.240625 0.01902 0.024748
0 0.485156 0.251042 0.019623 0.027154
0 0.251563 0.253125 0.021924 0.029232
0 0.410938 0.263542 0.027353 0.02521
0 0.053906 0.29375 0.020046 0.026244
0 0.50625 0.301042 0.019558 0.02407
0 0.961719 0.3125 0.019683 0.026728
0 0.032813 0.317708 0.01971 0.025332
0 0.055469 0.325 0.019446 0.026546
0 0.610156 0.35 0.016714 0.025008
0 0.186719 0.384375 0.019992 0.026974
0 0.309375 0.444792 0.021878 0.023148
0 0.48125 0.447917 0.017721 0.025103
0 0.307031 0.475 0.019609 0.026145
0 0.589844 0.486458 0.019925 0.028323
0 0.883594 0.486458 0.019415 0.028306
0 0.324219 0.498958 0.019733 0.025046
0 0.969531 0.507292 0.023097 0.028871
0 0.565625 0.54375 0.017438 0.024063
0 0.567187 0.548958 0.019633 0.024542
0 0.707031 0.565625 0.020416 0.025301
0 0.626563 0.576042 0.018442 0.024589
0 0.634375 0.588542 0.018331 0.025253
0 0.602344 0.595833 0.023093 0.031538
0 0.265625 0.597917 0.022768 0.026762
0 0.475781 0.641667 0.030843 0.042221
0 0.342187 0.640625 0.018406 0.026178
0 0.009482 0.644792 0.018964 0.025168
0 0.25625 0.676042 0.019543 0.023126
0 0.703906 0.678125 0.023654 0.030791
0 0.801562 0.717708 0.018939 0.024442
0 0.490625 0.729167 0.018876 0.02557
0 0.1125 0.742708 0.018096 0.024127
0 0.108594 0.746875 0.019543 0.023126
0 0.310937 0.782292 0.020583 0.030478
0 0.646094 0.7875 0.02176 0.034547
0 0.36875 0.798958 0.018331 0.025253
0 0.472656 0.836458 0.017301 0.024027
0 0.582031 0.869792 0.020339 0.023705
0 0.766406 0.894792 0.02032 0.023137
0 0.350781 0.910417 0.020654 0.029458
0 0.545312 0.9125 0.021362 0.02664
0 0.525 0.920833 0.022707 0.026328
0 0.19375 0.96875 0.021198 0.026257
0 0.033594 0.98811 0.019683 0.023781