0 0.696094 0.084375 0.022383 0.029112
0 0.153125 0.133333 0.025893 0.028219
0 0.878906 0.148958 0.021267 0.029091
0 0.657813 0.28125 0.020092 0.030397
0 0.160938 0.333333 0.026593 0.036489
0 0.260937 0.407292 0.019489 0.037518
0 0.209375 0.41875 0.022694 0.030993
0 0.044531 0.502083 0.019925 0.025905
0 0.111719 0.528125 0.022726 0.025872
0 0.317188 0.592708 0.019098 0.028216
0 0.127344 0.617708 0.019453 0.029296
0 0.738281 0.703125 0.023511 0.028281
0 0.733594 0.719792 0.019543 0.023126
0 0.152344 0.940625 0.02101 0.028935
0 0.9875 0.988124 0.018442 0.023753