0 0.171094 0.007832 0.021171 0.015664
0 0.328906 0.01079 0.021203 0.021581
0 0.03125 0.011786 0.018784 0.023572
0 0.133594 0.012211 0.021976 0.024422
0 0.949219 0.019792 0.019574 0.023676
0 0.754687 0.028125 0.022383 0.029621
0 0.088281 0.028125 0.022658 0.023151
0 0.483594 0.03125 0.019247 0.026491
0 0.621094 0.030208 0.019792 0.025321
0 0.775 0.033333 0.017757 0.026099
0 0.345313 0.046875 0.019693 0.024852
0 0.267969 0.061458 0.022937 0.028155
0 0.492188 0.060417 0.018406 0.026178
0 0.846875 0.0625 0.021819 0.028356
0 0.680469 0.06875 0.02018 0.026907
0 0.247656 0.09375 0.019035 0.026241
0 0.645312 0.094792 0.018331 0.025253
0 0.948438 0.095833 0.017721 0.025103
0 0.611719 0.097917 0.022866 0.028704
0 0.421094 0.105208 0.023592 0.027504
0 0.915625 0.1125 0.026674 0.028764
0 0.43125 0.11875 0.019134 0.030256
0 0.326562 0.126042 0.018888 0.028239
0 0.377344 0.123958 0.019633 0.024542
0 0.482031 0.127083 0.019195 0.026357
0 0.744531 0.129167 0.02018 0.026907
0 0.010937 0.133333 0.021141 0.030558
0 0.866406 0.134375 0.020583 0.030478
0 0.9625 0.144792 0.020063 0.032373
0 0.528906 0.148958 0.021797 0.031587
0 0.2125 0.1625 0.021479 0.027243
0 0.389844 0.173958 0.02018 0.026907
0 0.029687 0.177083 0.02118 0.025185
0 0.259375 0.177083 0.019832 0.026443
0 0.542969 0.178125 0.019733 0.025046
0 0.139844 0.18125 0.019071 0.027215
0 0.671875 0.184375 0.018008 0.02309
0 0.299219 0.19375 0.020789 0.026845
0 0.107813 0.196875 0.024282 0.026836
0 0.217188 0.195833 0.018304 0.026169
0 0.45625 0.195833 0.018406 0.026178
0 0.882812 0.207292 0.022996 0.028271
0 0.246094 0.215625 0.026983 0.039515
0 0.692969 0.213542 0.019453 0.029296
0 0.64375 0.220833 0.019404 0.030301
0 0.602344 0.220833 0.019531 0.027421
0 0.229687 0.223958 0.018367 0.028175
0 0.475 0.223958 0.019768 0.025593
0 0.055469 0.230208 0.01998 0.028483
0 0.747656 0.235417 0.026734 0.029536
0 0.615625 0.240625 0.01802 0.023067
0 0.094531 0.24375 0.017337 0.025026
0 0.271875 0.252083 0.020231 0.026656
0 0.23125 0.257292 0.018888 0.028239
0 0.105469 0.263542 0.019633 0.024542
0 0.115625 0.265625 0.017759 0.024215
0 0.136719 0.26875 0.020288 0.027694
0 0.015625 0.266667 0.021098 0.023144
0 0.091406 0.269792 0.020154 0.028445
0 0.633594 0.278125 0.01733 0.02503
0 0.646094 0.290625 0.019401 0.028319
0 0.74375 0.3 0.021018 0.034508
0 0.096094 0.301042 0.020147 0.028452
0 0.127344 0.304167 0.019832 0.026443
0 0.409375 0.307292 0.020432 0.028638
0 0.971875 0.30625 0.018354 0.025228
0 0.291406 0.311458 0.020664 0.032451
0 0.078906 0.311458 0.022798 0.02679
0 0.335156 0.315625 0.017337 0.025026
0 0.752344 0.325 0.021333 0.026872
0 0.858594 0.329167 0.017757 0.026099
0 0.189062 0.338542 0.019638 0.024534
0 0.228906 0.346875 0.0223 0.028345
0 0.442969 0.344792 0.019552 0.024083
0 0.090625 0.346875 0.02032 0.023137
0 0.44375 0.355208 0.018442 0.024589
0 0.183594 0.373958 0.021844 0.038622
0 0.114062 0.372917 0.021239 0.025868
0 0.220312 0.382292 0.019444 0.032344
0 0.878125 0.38125 0.018991 0.026389
0 0.028906 0.386458 0.020432 0.028638
0 0.732812 0.392708 0.017982 0.022269
0 0.522656 0.394792 0.019558 0.02407
0 0.419531 0.398958 0.021171 0.025078
0 0.779687 0.401042 0.01998 0.028483
0 0.66875 0.403125 0.018939 0.024442
0 0.039844 0.407292 0.025877 0.028184
0 0.025781 0.426042 0.022794 0.040756
0 0.175781 0.423958 0.019633 0.024542
0 0.199219 0.442708 0.021901 0.024512
0 0.419531 0.446875 0.023642 0.02825
0 0.907031 0.445833 0.022758 0.026784
0 0.101562 0.46875 0.022758 0.026784
0 0.960938 0.467708 0.018331 0.025253
0 0.006297 0.469792 0.012595 0.024442
0 0.046094 0.484375 0.019792 0.025321
0 0.639844 0.491667 0.022947 0.027986
0 0.803125 0.494792 0.021095 0.032525
0 0.76875 0.501042 0.018442 0.024589
0 0.716406 0.505208 0.019531 0.027421
0 0.651563 0.509375 0.018374 0.028171
0 0.117188 0.51875 0.021239 0.025868
0 0.940625 0.519792 0.024421 0.029117
0 0.599219 0.522917 0.021946 0.026299
0 0.25 0.532292 0.018442 0.024589
0 0.610938 0.5375 0.021198 0.026257
0 0.832812 0.542708 0.022613 0.03015
0 0.329688 0.54375 0.021242 0.026567
0 0.930469 0.559375 0.01902 0.024748
0 0.070312 0.571875 0.021131 0.02449
0 0.371875 0.578125 0.02176 0.034547
0 0.354687 0.584375 0.017438 0.024063
0 0.539844 0.5875 0.017345 0.026058
0 0.410156 0.594792 0.019638 0.024534
0 0.095312 0.607292 0.018442 0.024589
0 0.282031 0.613542 0.022756 0.02825
0 0.874219 0.6125 0.019992 0.026974
0 0.030469 0.617708 0.020432 0.028638
0 0.789844 0.622917 0.023489 0.025902
0 0.046875 0.627083 0.02145 0.029128
0 0.542188 0.623958 0.018442 0.024589
0 0.09375 0.632292 0.020774 0.032412
0 0.757031 0.6375 0.018784 0.026311
0 0.776563 0.652083 0.025055 0.02666
0 0.6375 0.6625 0.02586 0.039303
0 0.125 0.660417 0.020583 0.030478
0 0.158594 0.661458 0.021949 0.026392
0 0.610156 0.670833 0.021172 0.028874
0 0.760156 0.677083 0.024394 0.028127
0 0.70625 0.684375 0.018888 0.028239
0 0.332031 0.6875 0.02018 0.026907
0 0.04375 0.688542 0.020441 0.025129
0 0.685937 0.688542 0.018442 0.024589
0 0.358594 0.705208 0.02278 0.034774
0 0.748437 0.710417 0.021546 0.027548
0 0.146875 0.723958 0.018939 0.024442
0 0.614062 0.727083 0.019404 0.030301
0 0.627344 0.73125 0.019627 0.024405
0 0.164062 0.733333 0.024223 0.025111
0 0.640625 0.733333 0.021242 0.026567
0 0.028125 0.738542 0.022756 0.02825
0 0.297656 0.746875 0.024282 0.026836
0 0.722656 0.773958 0.019733 0.025046
0 0.114062 0.778125 0.018888 0.028239
0 0.205469 0.777083 0.020521 0.026513
0 0.876563 0.780208 0.02046 0.030306
0 0.535156 0.78125 0.019832 0.026443
0 0.909375 0.788542 0.024511 0.029526
0 0.225 0.80625 0.018342 0.027161
0 0.586719 0.81875 0.026607 0.027697
0 0.544531 0.825 0.024285 0.026551
0 0.885938 0.828125 0.026605 0.037187
0 0.95 0.825 0.018784 0.026311
0 0.767188 0.828125 0.024436 0.029089
0 0.627344 0.829167 0.021921 0.025381
0 0.616406 0.832292 0.019693 0.024852
0 0.585938 0.836458 0.018096 0.024127
0 0.829688 0.846875 0.018062 0.026069
0 0.79375 0.854167 0.022254 0.031093
0 0.453906 0.857292 0.020371 0.024457
0 0.216406 0.873958 0.019119 0.029231
0 0.1625 0.875 0.021362 0.02664
0 0.85 0.875 0.018153 0.026097
0 0.339844 0.888542 0.019693 0.024852
0 0.299219 0.894792 0.019574 0.023676
0 0.792969 0.897917 0.019429 0.026567
0 0.348438 0.902083 0.019918 0.030369
0 0.021094 0.904167 0.025923 0.028714
0 0.741406 0.907292 0.020826 0.029466
0 0.057031 0.911458 0.022726 0.025872
0 0.58125 0.917708 0.022675 0.024528
0 0.367969 0.925 0.021687 0.030594
0 0.503906 0.93125 0.019768 0.025593
0 0.053125 0.9375 0.024402 0.030649
0 0.839063 0.95 0.019195 0.026357
0 0.819531 0.953125 0.019633 0.024542
0 0.682031 0.958333 0.017757 0.026099
0 0.745313 0.957292 0.01902 0.024748
0 0.347656 0.96875 0.022089 0.030411
0 0.2 0.989176 0.021314 0.021648
0 0.5 0.5 1.0 1.0
0 0.5 0.5 1.0 1.0
0 0.5 0.5 1.0 1.0
0 0.171094 0.007832 0.021171 0.015664
0 0.328906 0.01079 0.021203 0.021581
0 0.03125 0.011786 0.018784 0.023572
0 0.133594 0.012211 0.021976 0.024422
0 0.949219 0.019792 0.019574 0.023676
0 0.754687 0.028125 0.022383 0.029621
0 0.088281 0.028125 0.022658 0.023151
0 0.483594 0.03125 0.019247 0.026491
0 0.621094 0.030208 0.019792 0.025321
0 0.775 0.033333 0.017757 0.026099
0 0.345313 0.046875 0.019693 0.024852
0 0.267969 0.061458 0.022937 0.028155
0 0.492188 0.060417 0.018406 0.026178
0 0.846875 0.0625 0.021819 0.028356
0 0.680469 0.06875 0.02018 0.026907
0 0.247656 0.09375 0.019035 0.026241
0 0.645312 0.094792 0.018331 0.025253
0 0.948438 0.095833 0.017721 0.025103
0 0.611719 0.097917 0.022866 0.028704
0 0.421094 0.105208 0.023592 0.027504
0 0.915625 0.1125 0.026674 0.028764
0 0.43125 0.11875 0.019134 0.030256
0 0.326562 0.126042 0.018888 0.028239
0 0.377344 0.123958 0.019633 0.024542
0 0.482031 0.127083 0.019195 0.026357
0 0.744531 0.129167 0.02018 0.026907
0 0.010937 0.133333 0.021141 0.030558
0 0.866406 0.134375 0.020583 0.030478
0 0.9625 0.144792 0.020063 0.032373
0 0.528906 0.148958 0.021797 0.031587
0 0.2125 0.1625 0.021479 0.027243
0 0.389844 0.173958 0.02018 0.026907
0 0.029687 0.177083 0.02118 0.025185
0 0.259375 0.177083 0.019832 0.026443
0 0.542969 0.178125 0.019733 0.025046
0 0.139844 0.18125 0.019071 0.027215
0 0.671875 0.184375 0.018008 0.02309
0 0.299219 0.19375 0.020789 0.026845
0 0.107813 0.196875 0.024282 0.026836
0 0.217188 0.195833 0.018304 0.026169
0 0.45625 0.195833 0.018406 0.026178
0 0.882812 0.207292 0.022996 0.028271
0 0.246094 0.215625 0.026983 0.039515
0 0.692969 0.213542 0.019453 0.029296
0 0.64375 0.220833 0.019404 0.030301
0 0.602344 0.220833 0.019531 0.027421
0 0.229687 0.223958 0.018367 0.028175
0 0.475 0.223958 0.019768 0.025593
0 0.055469 0.230208 0.01998 0.028483
0 0.747656 0.235417 0.026734 0.029536
0 0.615625 0.240625 0.01802 0.023067
0 0.094531 0.24375 0.017337 0.025026
0 0.271875 0.252083 0.020231 0.026656
0 0.23125 0.257292 0.018888 0.028239
0 0.105469 0.263542 0.019633 0.024542
0 0.115625 0.265625 0.017759 0.024215
0 0.136719 0.26875 0.020288 0.027694
0 0.015625 0.266667 0.021098 0.023144
0 0.091406 0.269792 0.020154 0.028445
0 0.633594 0.278125 0.01733 0.02503
0 0.646094 0.290625 0.019401 0.028319
0 0.74375 0.3 0.021018 0.034508
0 0.096094 0.301042 0.020147 0.028452
0 0.127344 0.304167 0.019832 0.026443
0 0.409375 0.307292 0.020432 0.028638
0 0.971875 0.30625 0.018354 0.025228
0 0.291406 0.311458 0.020664 0.032451
0 0.078906 0.311458 0.022798 0.02679
0 0.335156 0.315625 0.017337 0.025026
0 0.752344 0.325 0.021333 0.026872
0 0.858594 0.329167 0.017757 0.026099
0 0.189062 0.338542 0.019638 0.024534
0 0.228906 0.346875 0.0223 0.028345
0 0.442969 0.344792 0.019552 0.024083
0 0.090625 0.346875 0.02032 0.023137
0 0.44375 0.355208 0.018442 0.024589
0 0.183594 0.373958 0.021844 0.038622
0 0.114062 0.372917 0.021239 0.025868
0 0.220312 0.382292 0.019444 0.032344
0 0.878125 0.38125 0.018991 0.026389
0 0.028906 0.386458 0.020432 0.028638
0 0.732812 0.392708 0.017982 0.022269
0 0.522656 0.394792 0.019558 0.02407
0 0.419531 0.398958 0.021171 0.025078
0 0.779687 0.401042 0.01998 0.028483
0 0.66875 0.403125 0.018939 0.024442
0 0.039844 0.407292 0.025877 0.028184
0 0.025781 0.426042 0.022794 0.040756
0 0.175781 0.423958 0.019633 0.024542
0 0.199219 0.442708 0.021901 0.024512
0 0.419531 0.446875 0.023642 0.02825
0 0.907031 0.445833 0.022758 0.026784
0 0.101562 0.46875 0.022758 0.026784
0 0.960938 0.467708 0.018331 0.025253
0 0.006297 0.469792 0.012595 0.024442
0 0.046094 0.484375 0.019792 0.025321
0 0.639844 0.491667 0.022947 0.027986
0 0.803125 0.494792 0.021095 0.032525
0 0.76875 0.501042 0.018442 0.024589
0 0.716406 0.505208 0.019531 0.027421
0 0.651563 0.509375 0.018374 0.028171
0 0.117188 0.51875 0.021239 0.025868
0 0.940625 0.519792 0.024421 0.029117
0 0.599219 0.522917 0.021946 0.026299
0 0.25 0.532292 0.018442 0.024589
0 0.610938 0.5375 0.021198 0.026257
0 0.832812 0.542708 0.022613 0.03015
0 0.329688 0.54375 0.021242 0.026567
0 0.930469 0.559375 0.01902 0.024748
0 0.070312 0.571875 0.021131 0.02449
0 0.371875 0.578125 0.02176 0.034547
0 0.354687 0.584375 0.017438 0.024063
0 0.539844 0.5875 0.017345 0.026058
0 0.410156 0.594792 0.019638 0.024534
0 0.095312 0.607292 0.018442 0.024589
0 0.282031 0.613542 0.022756 0.02825
0 0.874219 0.6125 0.019992 0.026974
0 0.030469 0.617708 0.020432 0.028638
0 0.789844 0.622917 0.023489 0.025902
0 0.046875 0.627083 0.02145 0.029128
0 0.542188 0.623958 0.018442 0.024589
0 0.09375 0.632292 0.020774 0.032412
0 0.757031 0.6375 0.018784 0.026311
0 0.776563 0.652083 0.025055 0.02666
0 0.6375 0.6625 0.02586 0.039303
0 0.125 0.660417 0.020583 0.030478
0 0.158594 0.661458 0.021949 0.026392
0 0.610156 0.670833 0.021172 0.028874
0 0.760156 0.677083 0.024394 0.028127
0 0.70625 0.684375 0.018888 0.028239
0 0.332031 0.6875 0.02018 0.026907
0 0.04375 0.688542 0.020441 0.025129
0 0.685937 0.688542 0.018442 0.024589
0 0.358594 0.705208 0.02278 0.034774
0 0.748437 0.710417 0.021546 0.027548
0 0.146875 0.723958 0.018939 0.024442
0 0.614062 0.727083 0.019404 0.030301
0 0.627344 0.73125 0.019627 0.024405
0 0.164062 0.733333 0.024223 0.025111
0 0.640625 0.733333 0.021242 0.026567
0 0.028125 0.738542 0.022756 0.02825
0 0.297656 0.746875 0.024282 0.026836
0 0.722656 0.773958 0.019733 0.025046
0 0.114062 0.778125 0.018888 0.028239
0 0.205469 0.777083 0.020521 0.026513
0 0.876563 0.780208 0.02046 0.030306
0 0.535156 0.78125 0.019832 0.026443
0 0.909375 0.788542 0.024511 0.029526
0 0.225 0.80625 0.018342 0.027161
0 0.586719 0.81875 0.026607 0.027697
0 0.544531 0.825 0.024285 0.026551
0 0.885938 0.828125 0.026605 0.037187
0 0.95 0.825 0.018784 0.026311
0 0.767188 0.828125 0.024436 0.029089
0 0.627344 0.829167 0.021921 0.025381
0 0.616406 0.832292 0.019693 0.024852
0 0.585938 0.836458 0.018096 0.024127
0 0.829688 0.846875 0.018062 0.026069
0 0.79375 0.854167 0.022254 0.031093
0 0.453906 0.857292 0.020371 0.024457
0 0.216406 0.873958 0.019119 0.029231
0 0.1625 0.875 0.021362 0.02664
0 0.85 0.875 0.018153 0.026097
0 0.339844 0.888542 0.019693 0.024852
0 0.299219 0.894792 0.019574 0.023676
0 0.792969 0.897917 0.019429 0.026567
0 0.348438 0.902083 0.019918 0.030369
0 0.021094 0.904167 0.025923 0.028714
0 0.741406 0.907292 0.020826 0.029466
0 0.057031 0.911458 0.022726 0.025872
0 0.58125 0.917708 0.022675 0.024528
0 0.367969 0.925 0.021687 0.030594
0 0.503906 0.93125 0.019768 0.025593
0 0.053125 0.9375 0.024402 0.030649
0 0.839063 0.95 0.019195 0.026357
0 0.819531 0.953125 0.019633 0.024542
0 0.682031 0.958333 0.017757 0.026099
0 0.745313 0.957292 0.01902 0.024748
0 0.347656 0.96875 0.022089 0.030411
0 0.2 0.989176 0.021314 0.021648