0 0.215625 0.013542 0.018096 0.024127
0 0.282031 0.022917 0.020566 0.026042
0 0.524219 0.027083 0.019531 0.022917
0 0.482031 0.05 0.016719 0.026046
0 0.007441 0.059375 0.014882 0.023629
0 0.401562 0.063542 0.022828 0.027253
0 0.017969 0.069792 0.025082 0.028661
0 0.321875 0.067708 0.019552 0.024083
0 0.815625 0.0875 0.023451 0.024539
0 0.967187 0.091667 0.018331 0.025253
0 0.732031 0.123958 0.024228 0.02455
0 0.113281 0.1375 0.021198 0.026257
0 0.051562 0.1375 0.018756 0.022285
0 0.284375 0.1625 0.024467 0.038631
0 0.079687 0.1625 0.023707 0.029853
0 0.5375 0.159375 0.017877 0.026113
0 0.109375 0.167708 0.021804 0.02852
0 0.589844 0.190625 0.028123 0.035932
0 0.521875 0.208333 0.022996 0.028271
0 0.492188 0.213542 0.021211 0.027329
0 0.301563 0.241667 0.025275 0.02982
0 0.223438 0.283333 0.024247 0.026365
0 0.176563 0.288542 0.019574 0.023676
0 0.213281 0.294792 0.0223 0.028345
0 0.495312 0.305208 0.022658 0.023151
0 0.85 0.398958 0.019552 0.024083
0 0.389844 0.501042 0.017317 0.024011
0 0.021875 0.511458 0.018939 0.024442
0 0.238281 0.551042 0.019638 0.024534
0 0.728125 0.560417 0.021112 0.025088
0 0.814063 0.572917 0.020476 0.02926
0 0.823438 0.573958 0.017721 0.025103
0 0.015625 0.620833 0.018062 0.026069
0 0.260156 0.622917 0.021131 0.026178
0 0.066406 0.666667 0.018331 0.025253
0 0.535937 0.68125 0.018062 0.026069
0 0.929688 0.709375 0.018096 0.024127
0 0.357812 0.719792 0.01902 0.024748
0 0.696875 0.722917 0.018008 0.02309
0 0.221875 0.7375 0.027028 0.046134
0 0.173437 0.748958 0.020339 0.023705
0 0.189844 0.8 0.019609 0.026145
0 0.65625 0.813542 0.018921 0.024472
0 0.653125 0.852083 0.021333 0.026872
0 0.246875 0.857292 0.018939 0.024442
0 0.664844 0.866667 0.020314 0.022296
0 0.615625 0.869792 0.019574 0.023676
0 0.050781 0.910417 0.029532 0.047556
0 0.513281 0.925 0.01882 0.024173
0 0.445312 0.926042 0.01875 0.023958
0 0.030469 0.947917 0.022051 0.026939
0 0.880469 0.980208 0.019574 0.023676
0 0.225781 0.983333 0.021128 0.024499