0 0.35625 0.01875 0.019429 0.026567
0 0.671875 0.025 0.018784 0.026311
0 0.526563 0.029167 0.019119 0.025492
0 0.296094 0.061458 0.021171 0.025078
0 0.494531 0.065625 0.019601 0.028352
0 0.936719 0.070833 0.018839 0.036461
0 0.305469 0.079167 0.022798 0.02679
0 0.385937 0.082292 0.021575 0.028766
0 0.491406 0.091667 0.020339 0.023705
0 0.738281 0.101042 0.021901 0.024512
0 0.511719 0.104167 0.018999 0.02628
0 0.496094 0.145833 0.019119 0.025492
0 0.509375 0.175 0.019534 0.022292
0 0.430469 0.179167 0.02018 0.026907
0 0.821875 0.191667 0.019053 0.030252
0 0.340625 0.195833 0.018161 0.023679
0 0.401562 0.203125 0.018442 0.024589
0 0.822656 0.20625 0.018756 0.022285
0 0.459375 0.211458 0.018756 0.022285
0 0.525 0.213542 0.018331 0.025253
0 0.132031 0.221875 0.019251 0.027293
0 0.528125 0.221875 0.018331 0.025253
0 0.353125 0.228125 0.018442 0.024589
0 0.503125 0.245833 0.020479 0.026286
0 0.465625 0.246875 0.021901 0.024512
0 0.078125 0.25625 0.017757 0.026099
0 0.993154 0.303125 0.013692 0.02309
0 0.722656 0.311458 0.020501 0.032435
0 0.077344 0.31875 0.027354 0.026403
0 0.246094 0.320833 0.019542 0.02313
0 0.276562 0.326042 0.019542 0.02313
0 0.472656 0.351042 0.02032 0.023137
0 0.409375 0.358333 0.017982 0.022269
0 0.253906 0.388542 0.019768 0.025593
0 0.135156 0.390625 0.020371 0.024457
0 0.871875 0.404167 0.021329 0.030643
0 0.4 0.416667 0.020341 0.025073
0 0.349219 0.433333 0.019683 0.026728
0 0.667969 0.442708 0.022363 0.033702
0 0.683594 0.444792 0.018096 0.024127
0 0.796875 0.452083 0.02111 0.023724
0 0.90625 0.457292 0.018976 0.027221
0 0.792969 0.489583 0.025784 0.025116
0 0.577344 0.495833 0.01948 0.030303
0 0.671094 0.502083 0.025129 0.029733
0 0.403906 0.523958 0.019543 0.023126
0 0.205469 0.536458 0.021098 0.023144
0 0.591406 0.536458 0.01882 0.024173
0 0.682813 0.539583 0.019084 0.024921
0 0.474219 0.563542 0.022866 0.028704
0 0.860938 0.56875 0.017982 0.022269
0 0.478906 0.577083 0.020583 0.030478
0 0.428906 0.577083 0.018331 0.025253
0 0.248438 0.6 0.020866 0.030437
0 0.439844 0.603125 0.029082 0.03095
0 0.453906 0.610417 0.020566 0.027421
0 0.236719 0.664583 0.017345 0.026058
0 0.5125 0.665625 0.018939 0.024442
0 0.720313 0.671875 0.021917 0.028209
0 0.5125 0.694792 0.021658 0.029319
0 0.853125 0.694792 0.018367 0.028175
0 0.076563 0.707292 0.019401 0.028319
0 0.3 0.708333 0.021239 0.025868
0 0.335938 0.729167 0.022099 0.027768
0 0.752344 0.735417 0.02469 0.031321
0 0.089063 0.735417 0.02032 0.023137
0 0.539062 0.7375 0.021112 0.025088
0 0.189062 0.742708 0.021656 0.028229
0 0.410156 0.757292 0.019415 0.028306
0 0.354687 0.767708 0.020339 0.023705
0 0.136719 0.789583 0.017359 0.02813
0 0.225781 0.797917 0.02123 0.025887
0 0.444531 0.798958 0.019792 0.025321
0 0.074219 0.805208 0.018161 0.023679
0 0.655469 0.871875 0.019792 0.025321
0 0.522656 0.907292 0.020371 0.024457
0 0.089844 0.914583 0.02201 0.026744
0 0.779687 0.938542 0.019543 0.023126
0 0.464062 0.942708 0.018823 0.029183
0 0.314844 0.947917 0.02111 0.023724
0 0.321875 0.951042 0.017757 0.026099
0 0.463281 0.953125 0.020441 0.025129
0 0.371094 0.961458 0.020364 0.024472
0 0.611719 0.971875 0.016714 0.025008