0 0.574219 0.010853 0.020676 0.021706
0 0.7125 0.13125 0.087906 0.146276
0 0.64375 0.0875 0.019401 0.028319
0 0.535937 0.14375 0.021911 0.030893
0 0.219531 0.179167 0.060319 0.090968
0 0.885938 0.226042 0.029082 0.037672
0 0.747656 0.234375 0.019909 0.025929
0 0.900781 0.260417 0.02835 0.046449
0 0.01875 0.292708 0.027891 0.033137
0 0.890625 0.302083 0.02203 0.026707
0 0.859375 0.365625 0.019401 0.028319
0 0.346094 0.4125 0.028635 0.036202
0 0.858594 0.513542 0.105349 0.12806
0 0.3375 0.467708 0.016702 0.023976
0 0.422656 0.51875 0.028112 0.036511
0 0.321875 0.535417 0.021314 0.02663
0 0.501563 0.546875 0.021504 0.027927
0 0.470313 0.572917 0.037055 0.046699
0 0.109375 0.586458 0.018124 0.023544
0 0.710156 0.767708 0.071687 0.084379
0 0.921875 0.765625 0.025151 0.034267
0 0.724219 0.825 0.036949 0.054264
0 0.384375 0.845833 0.028599 0.043058
0 0.704688 0.965625 0.034806 0.043897