0 0.614844 0.010683 0.018816 0.021366
0 0.822656 0.040625 0.019893 0.027596
0 0.063281 0.047917 0.023227 0.029506
0 0.173437 0.052083 0.024494 0.031715
0 0.666406 0.132292 0.022828 0.027821
0 0.586719 0.140625 0.028966 0.043806
0 0.601562 0.159375 0.03457 0.036595
0 0.507812 0.191667 0.027028 0.034532
0 0.924219 0.195833 0.02217 0.030923
0 0.7375 0.208333 0.02688 0.041311
0 0.611719 0.223958 0.023103 0.02886
0 0.628906 0.2625 0.046805 0.059067
0 0.717969 0.377083 0.026048 0.031808
0 0.730469 0.426042 0.050894 0.071491
0 0.264062 0.419792 0.019768 0.025593
0 0.567187 0.466667 0.020583 0.030478
0 0.474219 0.505208 0.036322 0.046627
0 0.784375 0.521875 0.039424 0.049776
0 0.685937 0.659375 0.019909 0.025929
0 0.185938 0.734375 0.025838 0.032623
0 0.189062 0.745833 0.019558 0.02407
0 0.174219 0.753125 0.028131 0.038808
0 0.688281 0.796875 0.023103 0.02886
0 0.689063 0.848958 0.023103 0.02886
0 0.254688 0.854167 0.024832 0.037858
0 0.325781 0.855208 0.024101 0.03339
0 0.634375 0.875 0.021323 0.026425
0 0.885938 0.895833 0.040632 0.044824
0 0.758594 0.890625 0.022254 0.031093
0 0.167187 0.941667 0.021362 0.02664
0 0.196094 0.977083 0.022656 0.031302