0 0.542969 0.071875 0.022937 0.028155
0 0.717187 0.088542 0.021172 0.028874
0 0.33125 0.125 0.023141 0.036646
0 0.920312 0.160417 0.028178 0.0296
0 0.740625 0.163542 0.022922 0.031445
0 0.832031 0.190625 0.03047 0.036282
0 0.177344 0.275 0.027028 0.034532
0 0.44375 0.302083 0.021141 0.030558
0 0.689844 0.3125 0.023224 0.036781
0 0.229687 0.367708 0.024652 0.030465
0 0.673438 0.377083 0.026608 0.034667
0 0.414844 0.377083 0.022995 0.032052
0 0.226562 0.447917 0.025088 0.031368
0 0.5125 0.554167 0.020566 0.026042
0 0.34375 0.567708 0.03022 0.034848
0 0.572656 0.628125 0.018939 0.024442
0 0.965625 0.745833 0.021667 0.027913
0 0.347656 0.766667 0.037158 0.052537
0 0.68125 0.757292 0.017438 0.024063
0 0.785937 0.763542 0.021239 0.025868
0 0.961719 0.917708 0.029284 0.033519
0 0.524219 0.961458 0.0254 0.035358