0 0.807031 0.021875 0.018939 0.024442
0 0.896875 0.039583 0.021645 0.030804
0 0.627344 0.0875 0.023718 0.029015
0 0.674219 0.1 0.040353 0.046668
0 0.44375 0.096875 0.032421 0.036964
0 0.938281 0.141667 0.051055 0.044251
0 0.735156 0.164583 0.02628 0.037629
0 0.570312 0.191667 0.021408 0.02918
0 0.987793 0.214583 0.024413 0.04295
0 0.174219 0.220833 0.037114 0.038493
0 0.1375 0.230208 0.023502 0.033261
0 0.840625 0.260417 0.018756 0.022285
0 0.1125 0.294792 0.017438 0.024063
0 0.255469 0.298958 0.018773 0.023107
0 0.557031 0.3125 0.022781 0.032106
0 0.946875 0.328125 0.022828 0.030437
0 0.240625 0.4125 0.025543 0.032425
0 0.615625 0.416667 0.0184 0.026183
0 0.408594 0.416667 0.01875 0.022917
0 0.4625 0.473958 0.023908 0.033445
0 0.842187 0.46875 0.018048 0.02325
0 0.607812 0.483333 0.018331 0.025253
0 0.696094 0.49375 0.02549 0.03916
0 0.607812 0.5 0.02859 0.033229
0 0.765625 0.570833 0.019119 0.025492
0 0.653125 0.642708 0.026 0.030914
0 0.857812 0.68125 0.028932 0.027812
0 0.023438 0.739583 0.025177 0.028665
0 0.511719 0.744792 0.023103 0.02886
0 0.033594 0.754167 0.021726 0.031709
0 0.107813 0.767708 0.024383 0.028296
0 0.455469 0.765625 0.020328 0.024087
0 0.064844 0.790625 0.030709 0.033769
0 0.625781 0.790625 0.024835 0.031146
0 0.825 0.797917 0.023746 0.030768
0 0.45 0.833333 0.033023 0.034297
0 0.417187 0.8375 0.021259 0.029733
0 0.624219 0.876042 0.025046 0.047032
0 0.517969 0.88125 0.021339 0.026862
0 0.410938 0.891667 0.03838 0.034035
0 0.177344 0.916667 0.024291 0.029293
0 0.625781 0.940625 0.023026 0.028919
0 0.788281 0.945833 0.023244 0.031704
0 0.477344 0.977083 0.023161 0.029971