0 0.928906 0.012914 0.020231 0.025828
0 0.221094 0.01875 0.02018 0.026907
0 0.61875 0.026042 0.02306 0.029195
0 0.642188 0.0375 0.021362 0.02664
0 0.203906 0.092708 0.018442 0.024589
0 0.607812 0.11875 0.019429 0.026567
0 0.665625 0.121875 0.018096 0.024127
0 0.05 0.141667 0.017721 0.025103
0 0.297656 0.164583 0.019053 0.030252
0 0.55625 0.194792 0.018939 0.024442
0 0.394531 0.260417 0.019574 0.023676
0 0.515625 0.305208 0.021145 0.028907
0 0.139844 0.328125 0.019925 0.025905
0 0.592969 0.353125 0.019792 0.025321
0 0.728125 0.357292 0.020377 0.02459
0 0.028125 0.482292 0.018153 0.026097
0 0.714063 0.544792 0.018442 0.024589
0 0.659375 0.565625 0.018096 0.024127
0 0.489063 0.735417 0.018784 0.026311
0 0.434375 0.778125 0.021648 0.029332
0 0.373437 0.932292 0.016714 0.025008
0 0.305469 0.939583 0.02018 0.026907
0 0.93125 0.9625 0.025267 0.037652
0 0.689844 0.989015 0.018773 0.02197