0 0.9125 0.010867 0.022129 0.021735
0 0.139063 0.011316 0.020521 0.022631
0 0.474219 0.017708 0.026715 0.032642
0 0.353906 0.020833 0.025256 0.037663
0 0.990586 0.017708 0.018827 0.030549
0 0.907813 0.032292 0.027036 0.038034
0 0.526563 0.035417 0.024039 0.030661
0 0.784375 0.035417 0.02486 0.031
0 0.558594 0.039583 0.020906 0.031421
0 0.479687 0.036458 0.019633 0.024542
0 0.955469 0.042708 0.018784 0.026311
0 0.110937 0.046875 0.021459 0.027275
0 0.185156 0.048958 0.025935 0.028892
0 0.853906 0.058333 0.027025 0.038878
0 0.569531 0.05625 0.022883 0.028677
0 0.563281 0.071875 0.029149 0.036049
0 0.703125 0.072917 0.027472 0.035676
0 0.9125 0.072917 0.023503 0.034467
0 0.834375 0.077083 0.024033 0.032854
0 0.723437 0.08125 0.022673 0.031282
0 0.758594 0.095833 0.033653 0.049122
0 0.847656 0.096875 0.028186 0.036785
0 0.082031 0.095833 0.022519 0.029368
0 0.344531 0.098958 0.020441 0.025129
0 0.832031 0.101042 0.021546 0.027548
0 0.389062 0.10625 0.023185 0.034666
0 0.975 0.103125 0.022383 0.029621
0 0.401562 0.105208 0.02139 0.029072
0 0.11875 0.109375 0.022193 0.03277
0 0.751563 0.120833 0.028708 0.037808
0 0.073438 0.116667 0.019832 0.026443
0 0.278906 0.121875 0.022937 0.028155
0 0.259375 0.126042 0.023362 0.031655
0 0.426563 0.132292 0.026637 0.037182
0 0.7875 0.141667 0.034491 0.054505
0 0.453125 0.132292 0.026593 0.033416
0 0.855469 0.1375 0.025828 0.035728
0 0.746094 0.147917 0.041121 0.044949
0 0.411719 0.142708 0.020091 0.02753
0 0.942187 0.145833 0.022861 0.027439
0 0.958594 0.155208 0.028387 0.035348
0 0.390625 0.157292 0.024274 0.028304
0 0.290625 0.1625 0.024652 0.030465
0 0.548438 0.165625 0.024505 0.036624
0 0.778125 0.1625 0.021314 0.02663
0 0.873437 0.16875 0.031146 0.039183
0 0.446875 0.164583 0.019429 0.026567
0 0.207031 0.169792 0.025088 0.031317
0 0.414844 0.173958 0.043179 0.039294
0 0.246875 0.180208 0.031015 0.046326
0 0.567969 0.172917 0.023244 0.031704
0 0.270313 0.180208 0.026901 0.032323
0 0.025781 0.19375 0.023177 0.033006
0 0.678906 0.192708 0.025217 0.033302
0 0.515625 0.205208 0.028241 0.044524
0 0.145313 0.198958 0.01998 0.028483
0 0.16875 0.201042 0.02101 0.028935
0 0.772656 0.207292 0.025323 0.037101
0 0.86875 0.210417 0.022152 0.027355
0 0.249219 0.216667 0.027468 0.032673
0 0.644531 0.219792 0.027995 0.033773
0 0.460938 0.21875 0.020521 0.026513
0 0.211719 0.227083 0.027621 0.034701
0 0.555469 0.227083 0.020647 0.026788
0 0.689063 0.229167 0.023103 0.02886
0 0.678125 0.242708 0.028409 0.039503
0 0.066406 0.241667 0.023826 0.034994
0 0.596094 0.247917 0.032697 0.050725
0 0.817187 0.242708 0.024039 0.030661
0 0.403906 0.244792 0.023103 0.02886
0 0.782813 0.253125 0.019909 0.025929
0 0.667969 0.260417 0.023588 0.03325
0 0.782813 0.275 0.028906 0.037105
0 0.073438 0.272917 0.020412 0.025429
0 0.414062 0.276042 0.024359 0.033115
0 0.750781 0.284375 0.025032 0.034809
0 0.024219 0.2875 0.021787 0.032655
0 0.924219 0.290625 0.026331 0.037475
0 0.422656 0.292708 0.027387 0.036261
0 0.796875 0.290625 0.019733 0.025046
0 0.5375 0.303125 0.033351 0.043849
0 0.772656 0.295833 0.022876 0.031243
0 0.008571 0.298958 0.017141 0.03313
0 0.266406 0.296875 0.022768 0.026762
0 0.799219 0.296875 0.020566 0.026042
0 0.967187 0.314583 0.028399 0.043624
0 0.884375 0.311458 0.025215 0.032495
0 0.819531 0.31875 0.028186 0.036371
0 0.624219 0.320833 0.022129 0.030969
0 0.792188 0.332292 0.02771 0.046994
0 0.730469 0.321875 0.020529 0.025786
0 0.016406 0.325 0.021203 0.030662
0 0.151562 0.332292 0.022114 0.034653
0 0.088281 0.330208 0.023633 0.029668
0 0.821094 0.354167 0.030421 0.054672
0 0.414062 0.34375 0.025837 0.030331
0 0.377344 0.35625 0.033978 0.037406
0 0.329688 0.355208 0.02288 0.032835
0 0.76875 0.355208 0.01882 0.024173
0 0.588281 0.3625 0.024946 0.031337
0 0.755469 0.367708 0.025594 0.03579
0 0.786719 0.376042 0.021929 0.025115
0 0.573438 0.385417 0.027141 0.034876
0 0.682031 0.4 0.029851 0.043474
0 0.154688 0.391667 0.021242 0.026567
0 0.311719 0.395833 0.030001 0.037085
0 0.053906 0.390625 0.01882 0.024173
0 0.884375 0.4 0.021575 0.028766
0 0.505469 0.40625 0.024459 0.028776
0 0.626563 0.407292 0.02032 0.023137
0 0.164062 0.410417 0.022067 0.026726
0 0.988265 0.416667 0.02347 0.038602
0 0.292969 0.416667 0.020521 0.026513
0 0.527344 0.417708 0.01882 0.024173
0 0.988256 0.441667 0.023488 0.042817
0 0.941406 0.436458 0.02124 0.030344
0 0.339062 0.4375 0.018867 0.026122
0 0.6375 0.444792 0.028151 0.040208
0 0.346875 0.448958 0.034064 0.040868
0 0.85625 0.446875 0.028545 0.036751
0 0.410938 0.460417 0.02749 0.031005
0 0.860938 0.473958 0.029066 0.038755
0 0.9375 0.479167 0.025636 0.035222
0 0.454688 0.492708 0.018827 0.023629
0 0.5 0.504167 0.028192 0.045489
0 0.674219 0.50625 0.024657 0.037738
0 0.884375 0.509375 0.032405 0.035701
0 0.619531 0.517708 0.032457 0.045391
0 0.239063 0.510417 0.021333 0.026872
0 0.773438 0.511458 0.023557 0.030821
0 0.695312 0.515625 0.021239 0.025868
0 0.424219 0.519792 0.023906 0.033448
0 0.245312 0.527083 0.02356 0.030315
0 0.501563 0.529167 0.022039 0.026501
0 0.480469 0.535417 0.026124 0.031426
0 0.6875 0.536458 0.024381 0.03447
0 0.953906 0.533333 0.02018 0.026907
0 0.223438 0.5375 0.02431 0.030289
0 0.50625 0.55 0.021645 0.030804
0 0.914062 0.577083 0.041521 0.080594
0 0.277344 0.553125 0.026723 0.029685
0 0.58125 0.560417 0.025899 0.036038
0 0.714063 0.557292 0.024292 0.029355
0 0.178906 0.569792 0.02752 0.039762
0 0.395313 0.56875 0.023569 0.034832
0 0.875781 0.578125 0.033071 0.039125
0 0.460156 0.578125 0.029269 0.03763
0 0.691406 0.573958 0.021479 0.027243
0 0.639062 0.578125 0.01882 0.024173
0 0.673438 0.595833 0.024365 0.032238
0 0.575 0.601042 0.031462 0.039028
0 0.801562 0.603125 0.024598 0.033805
0 0.374219 0.60625 0.027829 0.038542
0 0.428125 0.60625 0.023115 0.031409
0 0.508594 0.609375 0.030739 0.036168
0 0.764062 0.611458 0.027149 0.037383
0 0.2625 0.623958 0.022099 0.027768
0 0.210938 0.632292 0.022346 0.029794
0 0.761719 0.636458 0.027412 0.038337
0 0.904687 0.639583 0.032942 0.036892
0 0.596094 0.6375 0.019057 0.027229
0 0.634375 0.644792 0.026157 0.036188
0 0.607812 0.639583 0.020371 0.024457
0 0.216406 0.645833 0.026881 0.031008
0 0.750781 0.659375 0.026724 0.034099
0 0.265625 0.661458 0.024983 0.031584
0 0.303125 0.661458 0.021393 0.027703
0 0.407813 0.66875 0.021508 0.03051
0 0.385937 0.670833 0.021653 0.030795
0 0.10625 0.676042 0.022325 0.028159
0 0.145313 0.679167 0.021362 0.02664
0 0.120313 0.682292 0.021924 0.029232
0 0.392969 0.688542 0.021788 0.030078
0 0.278906 0.7 0.037178 0.044722
0 0.582031 0.694792 0.026026 0.036828
0 0.092188 0.7 0.021203 0.030662
0 0.253125 0.698958 0.024394 0.028127
0 0.744531 0.697917 0.019832 0.026443
0 0.499219 0.704167 0.027157 0.038174
0 0.636719 0.7125 0.024533 0.03271
0 0.06875 0.717708 0.01882 0.024173
0 0.496875 0.721875 0.023906 0.033448
0 0.839063 0.720833 0.020319 0.023139
0 0.571094 0.729167 0.02439 0.035121
0 0.271094 0.728125 0.018921 0.024472
0 0.635156 0.74375 0.027045 0.039035
0 0.100781 0.741667 0.020826 0.029466
0 0.741406 0.745833 0.024782 0.034677
0 0.234375 0.746875 0.024679 0.030191
0 0.764844 0.75 0.024568 0.035303
0 0.142187 0.75625 0.023063 0.030344
0 0.35 0.765625 0.022193 0.03277
0 0.949219 0.773958 0.022815 0.027608
0 0.472656 0.785417 0.025062 0.035457
0 0.914062 0.788542 0.018442 0.024589
0 0.799219 0.8 0.024835 0.031146
0 0.9125 0.807292 0.021896 0.030747
0 0.182812 0.81875 0.02752 0.030504
0 0.616406 0.820833 0.02413 0.031832
0 0.267969 0.823958 0.023177 0.033006
0 0.450781 0.836458 0.028835 0.042958
0 0.899219 0.834375 0.02325 0.033147
0 0.023438 0.84375 0.030615 0.038721
0 0.920312 0.85 0.021542 0.027554
0 0.810937 0.857292 0.028044 0.034063
0 0.15 0.854167 0.021887 0.025097
0 0.910937 0.85625 0.024818 0.032596
0 0.639062 0.8625 0.022143 0.027371
0 0.110156 0.865625 0.021921 0.025381
0 0.507031 0.872917 0.025899 0.036038
0 0.426563 0.872917 0.021976 0.025927
0 0.805469 0.875 0.023609 0.031982
0 0.372656 0.877083 0.023847 0.0333
0 0.664844 0.880208 0.021653 0.030795
0 0.064062 0.885417 0.026608 0.030345
0 0.854688 0.896875 0.027766 0.044207
0 0.674219 0.891667 0.021333 0.026872
0 0.246875 0.896875 0.022042 0.028455
0 0.646094 0.903125 0.022874 0.032977
0 0.352344 0.905208 0.027373 0.029352
0 0.321875 0.908333 0.032919 0.033202
0 0.16875 0.910417 0.024318 0.031312
0 0.542969 0.91875 0.039991 0.036363
0 0.579688 0.928125 0.020661 0.028728
0 0.905469 0.933333 0.027467 0.034263
0 0.517969 0.932292 0.023319 0.029672
0 0.704688 0.934375 0.021924 0.029232
0 0.339844 0.940625 0.018769 0.023116
0 0.308594 0.945833 0.023227 0.029506
0 0.850781 0.944792 0.019613 0.024433
0 0.753125 0.9625 0.025916 0.036018
0 0.278125 0.967708 0.019573 0.024204
0 0.708594 0.973958 0.021131 0.02449
0 0.864844 0.987909 0.028951 0.024182
0 0.341406 0.989147 0.020676 0.021706