0 0.551562 0.008647 0.01882 0.017295
0 0.367969 0.019792 0.020045 0.029423
0 0.264062 0.051042 0.017982 0.022269
0 0.957031 0.117708 0.01733 0.02503
0 0.809375 0.126042 0.017721 0.025103
0 0.789844 0.13125 0.019724 0.029262
0 0.558594 0.148958 0.018888 0.028239
0 0.703906 0.155208 0.025787 0.024559
0 0.285938 0.171875 0.01841 0.032305
0 0.484375 0.182292 0.017317 0.024011
0 0.463281 0.209375 0.022484 0.032614
0 0.414062 0.20625 0.017982 0.022269
0 0.961719 0.235417 0.019543 0.023126
0 0.006256 0.24375 0.012511 0.023107
0 0.794531 0.255208 0.018354 0.025228
0 0.946875 0.294792 0.018096 0.024127
0 0.941406 0.295833 0.017317 0.024011
0 0.203906 0.297917 0.019531 0.021875
0 0.4875 0.311458 0.022209 0.027663
0 0.778125 0.3125 0.01733 0.02503
0 0.494531 0.316667 0.019574 0.023676
0 0.783594 0.320833 0.018769 0.023116
0 0.465625 0.364583 0.018008 0.02309
0 0.491406 0.365625 0.02032 0.023137
0 0.086719 0.377083 0.01875 0.022917
0 0.336719 0.379167 0.019035 0.026241
0 0.353906 0.411458 0.01882 0.024173
0 0.902344 0.414583 0.020314 0.022296
0 0.500781 0.416667 0.018304 0.026169
0 0.507812 0.422917 0.018008 0.02309
0 0.507031 0.430208 0.016702 0.023976
0 0.199219 0.433333 0.018787 0.026105
0 0.932813 0.451042 0.017317 0.024011
0 0.175781 0.458333 0.019733 0.025046
0 0.074219 0.480208 0.01882 0.024173
0 0.721875 0.483333 0.018769 0.023116
0 0.671094 0.494792 0.019925 0.025905
0 0.71875 0.520833 0.023491 0.027306
0 0.503125 0.545833 0.028907 0.025122
0 0.878906 0.571875 0.018051 0.025047
0 0.298438 0.576042 0.018442 0.024589
0 0.572656 0.580208 0.020154 0.028445
0 0.30625 0.589583 0.021279 0.026691
0 0.558594 0.6125 0.018999 0.02628
0 0.290625 0.695833 0.019574 0.023676
0 0.778125 0.701042 0.018096 0.024127
0 0.905469 0.828125 0.022033 0.032373
0 0.45 0.839583 0.022657 0.022302
0 0.710938 0.842708 0.02123 0.025887
0 0.941406 0.902083 0.019429 0.026567
0 0.297656 0.917708 0.018096 0.024127
0 0.472656 0.947917 0.019446 0.026546
0 0.491406 0.966667 0.016722 0.027086