0 0.8125 0.017708 0.024101 0.03339
0 0.371875 0.040625 0.022756 0.02825
0 0.877344 0.14375 0.023647 0.042821
0 0.378125 0.151042 0.021314 0.02663
0 0.384375 0.171875 0.022325 0.028159
0 0.829688 0.192708 0.023899 0.03324
0 0.107813 0.197917 0.024652 0.030465
0 0.254688 0.226042 0.026305 0.036148
0 0.314844 0.225 0.029095 0.032278
0 0.929688 0.226042 0.027448 0.028969
0 0.939063 0.248958 0.020736 0.028573
0 0.745313 0.263542 0.018442 0.024589
0 0.526563 0.288542 0.021648 0.029332
0 0.336719 0.290625 0.018773 0.023107
0 0.725 0.336458 0.02829 0.035646
0 0.585156 0.346875 0.022849 0.032869
0 0.169531 0.35 0.026041 0.030394
0 0.541406 0.35625 0.026041 0.030394
0 0.760938 0.378125 0.021999 0.028864
0 0.373437 0.401042 0.025084 0.031877
0 0.978906 0.402083 0.01965 0.029326
0 0.4375 0.417708 0.025043 0.028321
0 0.957031 0.421875 0.026711 0.032509
0 0.986514 0.429167 0.026971 0.027713
0 0.136719 0.465625 0.023097 0.028871
0 0.163281 0.502083 0.064175 0.103284
0 0.016406 0.473958 0.025594 0.03579
0 0.371875 0.536458 0.021999 0.028864
0 0.051562 0.564583 0.021819 0.028356
0 0.985938 0.569792 0.017759 0.024215
0 0.290625 0.578125 0.024584 0.031012
0 0.135156 0.623958 0.025984 0.029621
0 0.321875 0.636458 0.019574 0.023676
0 0.292969 0.659375 0.022861 0.027439
0 0.467969 0.671875 0.022828 0.027821
0 0.428906 0.680208 0.022017 0.028277
0 0.259375 0.716667 0.02309 0.032923
0 0.383594 0.727083 0.026166 0.030931
0 0.835938 0.792708 0.017438 0.024063
0 0.676562 0.873958 0.01998 0.028483
0 0.686719 0.872917 0.020046 0.026244
0 0.080469 0.902083 0.023758 0.031125
0 0.927344 0.9125 0.022209 0.038663
0 0.739062 0.907292 0.018939 0.024442
0 0.472656 0.958333 0.023758 0.031125
0 0.697656 0.966667 0.019909 0.025929
0 0.165625 0.975 0.024496 0.029918
0 0.9 0.982292 0.022558 0.029051