0 0.442969 0.008388 0.02032 0.016777
0 0.414844 0.019792 0.01882 0.024173
0 0.923438 0.039583 0.018048 0.02325
0 0.234375 0.042708 0.021131 0.02449
0 0.814063 0.086458 0.01882 0.024173
0 0.50625 0.092708 0.025808 0.028352
0 0.839063 0.09375 0.017721 0.025103
0 0.855469 0.109375 0.019574 0.023676
0 0.309375 0.109375 0.018939 0.024442
0 0.175781 0.111458 0.019543 0.023126
0 0.557031 0.129167 0.022726 0.025872
0 0.476562 0.129167 0.018769 0.023116
0 0.849219 0.135417 0.018304 0.026169
0 0.574219 0.15 0.020081 0.033397
0 0.827344 0.161458 0.019633 0.024542
0 0.895312 0.165625 0.021095 0.032525
0 0.339844 0.164583 0.02503 0.025943
0 0.878125 0.169792 0.024421 0.029117
0 0.771875 0.190625 0.02032 0.023137
0 0.65 0.196875 0.019119 0.025492
0 0.549219 0.21875 0.019683 0.026728
0 0.250781 0.226042 0.022738 0.028352
0 0.339844 0.227083 0.016724 0.028126
0 0.520312 0.253125 0.018374 0.028171
0 0.150781 0.253125 0.022661 0.024109
0 0.416406 0.302083 0.018466 0.028182
0 0.690625 0.298958 0.018442 0.024589
0 0.355469 0.315625 0.022674 0.02453
0 0.163281 0.319792 0.020371 0.024457
0 0.735156 0.335417 0.020072 0.030358
0 0.353906 0.344792 0.021878 0.023148
0 0.525 0.344792 0.018096 0.024127
0 0.403906 0.357292 0.019792 0.025321
0 0.875781 0.359375 0.019925 0.025905
0 0.761719 0.365625 0.017438 0.024063
0 0.765625 0.373958 0.01813 0.025093
0 0.178906 0.405208 0.02736 0.025977
0 0.349219 0.426042 0.019573 0.024204
0 0.650781 0.433333 0.018756 0.022285
0 0.665625 0.447917 0.01813 0.025093
0 0.2875 0.451042 0.018939 0.024442
0 0.382812 0.463542 0.017759 0.024215
0 0.833594 0.473958 0.017301 0.024027
0 0.307031 0.48125 0.019925 0.025905
0 0.645312 0.486458 0.018442 0.024589
0 0.186719 0.514583 0.025345 0.037078
0 0.808594 0.517708 0.022309 0.032747
0 0.521094 0.516667 0.019893 0.027596
0 0.786719 0.521875 0.019613 0.024433
0 0.519531 0.528125 0.020154 0.028445
0 0.015625 0.532292 0.024421 0.029117
0 0.490625 0.564583 0.019832 0.026443
0 0.098437 0.576042 0.018096 0.024127
0 0.359375 0.605208 0.019543 0.023126
0 0.521094 0.607292 0.019633 0.024542
0 0.423438 0.627083 0.018406 0.026178
0 0.580469 0.669792 0.019832 0.026443
0 0.826562 0.671875 0.018052 0.026078
0 0.371094 0.684375 0.019633 0.024542
0 0.8125 0.690625 0.018096 0.024127
0 0.132031 0.721875 0.019627 0.024405
0 0.529687 0.721875 0.018161 0.023679
0 0.247656 0.735417 0.018304 0.026169
0 0.15625 0.740625 0.018096 0.024127
0 0.4125 0.751042 0.021171 0.025078
0 0.620313 0.771875 0.018442 0.024589
0 0.05625 0.78125 0.018939 0.030266
0 0.75625 0.789583 0.018153 0.026097
0 0.266406 0.79375 0.020521 0.026513
0 0.054688 0.81875 0.020095 0.034426
0 0.571875 0.820833 0.017757 0.026099
0 0.521094 0.821875 0.019574 0.023676
0 0.126562 0.836458 0.023492 0.026
0 0.192969 0.85 0.02365 0.028234
0 0.234375 0.857292 0.018096 0.024127
0 0.460156 0.859375 0.018939 0.024442
0 0.080469 0.880208 0.018096 0.024127
0 0.575781 0.93125 0.019773 0.0268
0 0.170313 0.940625 0.018939 0.024442
0 0.071875 0.94375 0.021242 0.026567
0 0.222656 0.965625 0.019633 0.024542
0 0.73125 0.967708 0.018442 0.024589
0 0.683594 0.988228 0.01882 0.023545