0 0.40625 0.076042 0.018442 0.024589
0 0.789062 0.221875 0.019543 0.023126
0 0.605469 0.228125 0.017317 0.024011
0 0.425781 0.294792 0.020371 0.024457
0 0.547656 0.364583 0.018769 0.023116
0 0.122656 0.392708 0.019633 0.024542
0 0.225781 0.432292 0.018846 0.025128
0 0.076563 0.432292 0.019558 0.02407
0 0.300781 0.451042 0.019627 0.024405
0 0.0875 0.457292 0.01902 0.024748
0 0.642969 0.484375 0.017721 0.025103
0 0.730469 0.501042 0.017317 0.024011
0 0.029687 0.534375 0.018442 0.024589
0 0.157812 0.561458 0.019693 0.024852
0 0.174219 0.570833 0.019909 0.025929
0 0.55625 0.571875 0.01902 0.024748
0 0.560937 0.578125 0.018331 0.025253
0 0.682813 0.635417 0.019404 0.030301
0 0.199219 0.680208 0.025815 0.028335
0 0.21875 0.678125 0.01882 0.024173
0 0.239063 0.682292 0.021165 0.025459
0 0.147656 0.701042 0.018846 0.027254
0 0.0125 0.754167 0.02077 0.027051
0 0.058594 0.764583 0.019446 0.026546
0 0.263281 0.811458 0.017438 0.024063
0 0.411719 0.820833 0.016726 0.030209
0 0.777344 0.832292 0.019925 0.025905
0 0.18125 0.835417 0.017721 0.025103
0 0.457813 0.836458 0.021171 0.025078
0 0.775781 0.861458 0.017317 0.024011
0 0.757812 0.866667 0.020365 0.026164
0 0.292969 0.891667 0.019832 0.026443
0 0.599219 0.892708 0.017348 0.026056
0 0.371875 0.9125 0.018062 0.026069
0 0.541406 0.930208 0.019634 0.028175
0 0.614844 0.942708 0.019613 0.024433
0 0.607812 0.946875 0.021157 0.029222
0 0.565625 0.948958 0.021128 0.024499
0 0.08125 0.959375 0.016702 0.023976
0 0.534375 0.964583 0.018639 0.026258
0 0.522656 0.989382 0.02111 0.021237