0 0.642188 0.009756 0.018939 0.019513
0 0.386719 0.028125 0.018773 0.023107
0 0.684375 0.042708 0.019558 0.02407
0 0.539062 0.044792 0.018939 0.024442
0 0.75625 0.095833 0.021362 0.02664
0 0.403125 0.134375 0.021128 0.024499
0 0.760938 0.171875 0.018354 0.025228
0 0.127344 0.211458 0.019558 0.02407
0 0.634375 0.240625 0.018442 0.024589
0 0.467969 0.283333 0.019992 0.026974
0 0.39375 0.296875 0.018331 0.025253
0 0.278125 0.297917 0.018008 0.02309
0 0.35625 0.309375 0.018096 0.024127
0 0.769531 0.35 0.019918 0.030369
0 0.65625 0.379167 0.024223 0.025111
0 0.780469 0.396875 0.017317 0.024011
0 0.347656 0.433333 0.016719 0.026046
0 0.439063 0.452083 0.018991 0.026389
0 0.426563 0.45625 0.020092 0.030397
0 0.723437 0.45625 0.023444 0.025108
0 0.477344 0.469792 0.020432 0.028638
0 0.638281 0.479167 0.023461 0.030231
0 0.824219 0.480208 0.017658 0.024165
0 0.535156 0.541667 0.020046 0.026244
0 0.6625 0.58125 0.021333 0.026872
0 0.592969 0.594792 0.017301 0.024027
0 0.322656 0.633333 0.021239 0.025868
0 0.8625 0.634375 0.018442 0.024589
0 0.316406 0.653125 0.018096 0.024127
0 0.667969 0.655208 0.02426 0.027326
0 0.127344 0.657292 0.016702 0.023976
0 0.392969 0.661458 0.022664 0.023745
0 0.789844 0.6625 0.020627 0.027503
0 0.571875 0.685417 0.018354 0.025228
0 0.545312 0.721875 0.022959 0.032567
0 0.617188 0.772917 0.022689 0.025403
0 0.732031 0.857292 0.017317 0.024011
0 0.541406 0.866667 0.019446 0.026546
0 0.179688 0.873958 0.017721 0.025103
0 0.420312 0.877083 0.018406 0.026178
0 0.360938 0.880208 0.019574 0.023676
0 0.211719 0.888542 0.01887 0.031289
0 0.010937 0.911458 0.019178 0.025168