0 0.5 0.077083 0.018396 0.030233
0 0.860938 0.136458 0.018442 0.024589
0 0.353906 0.175 0.019574 0.023676
0 0.582031 0.178125 0.019613 0.024433
0 0.351562 0.18125 0.017759 0.024215
0 0.896875 0.1875 0.021242 0.026567
0 0.260937 0.197917 0.021314 0.02663
0 0.847656 0.211458 0.021098 0.023144
0 0.469531 0.233333 0.018817 0.02711
0 0.949219 0.248958 0.01813 0.025093
0 0.703125 0.258333 0.018827 0.023629
0 0.769531 0.322917 0.020314 0.022296
0 0.547656 0.335417 0.020242 0.030384
0 0.977344 0.352083 0.017982 0.022269
0 0.415625 0.377083 0.018008 0.02309
0 0.514062 0.389583 0.020328 0.024087
0 0.052344 0.401042 0.020339 0.023705
0 0.357031 0.417708 0.018888 0.028239
0 0.115625 0.446875 0.018939 0.024442
0 0.6 0.448958 0.018096 0.024127
0 0.40625 0.4625 0.01882 0.024173
0 0.682813 0.4625 0.018048 0.02325
0 0.414062 0.467708 0.019627 0.024405
0 0.675 0.479167 0.020566 0.027421
0 0.433594 0.519792 0.020377 0.02459
0 0.022656 0.53125 0.019992 0.026974
0 0.14375 0.583333 0.018756 0.022285
0 0.39375 0.588542 0.018442 0.024589
0 0.086719 0.591667 0.019768 0.025593
0 0.239063 0.601042 0.01902 0.024748
0 0.993132 0.701042 0.013735 0.024127
0 0.154688 0.702083 0.018756 0.022285
0 0.961719 0.716667 0.019558 0.02407
0 0.06875 0.740625 0.018367 0.028175
0 0.483594 0.811458 0.018827 0.023629
0 0.35 0.838542 0.021131 0.02449
0 0.125 0.884375 0.021172 0.028874
0 0.257812 0.920833 0.020509 0.025821
0 0.711719 0.932292 0.018773 0.023107
0 0.340625 0.96875 0.018773 0.023107