0 0.694531 0.033333 0.035523 0.037082
0 0.38125 0.030208 0.018096 0.024127
0 0.214844 0.05 0.026593 0.033416
0 0.875781 0.080208 0.020432 0.028638
0 0.800781 0.085417 0.027013 0.034554
0 0.023438 0.0875 0.025564 0.0345
0 0.058594 0.082292 0.020371 0.024457
0 0.945312 0.09375 0.022143 0.027371
0 0.917188 0.133333 0.023521 0.026804
0 0.120313 0.159375 0.024899 0.034055
0 0.173437 0.197917 0.027939 0.041629
0 0.621875 0.207292 0.019251 0.027293
0 0.890625 0.225 0.021362 0.02664
0 0.175781 0.253125 0.019925 0.025905
0 0.392969 0.290625 0.03139 0.040148
0 0.990992 0.284375 0.018017 0.02378
0 0.585938 0.311458 0.023244 0.031704
0 0.047656 0.321875 0.020666 0.028723
0 0.791406 0.358333 0.025129 0.029733
0 0.508594 0.3625 0.022874 0.032977
0 0.692969 0.3625 0.022922 0.031445
0 0.871094 0.369792 0.023345 0.03313
0 0.421094 0.386458 0.021645 0.030804
0 0.78125 0.472917 0.025042 0.032134
0 0.544531 0.478125 0.02688 0.033904
0 0.839063 0.48125 0.032178 0.034216
0 0.619531 0.496875 0.025414 0.032846
0 0.216406 0.504167 0.027752 0.041668
0 0.671875 0.50625 0.023259 0.032779
0 0.422656 0.528125 0.019792 0.025321
0 0.192188 0.539583 0.02475 0.031228
0 0.798438 0.579167 0.017345 0.026058
0 0.360938 0.586458 0.026084 0.035069
0 0.619531 0.597917 0.025011 0.035065
0 0.071094 0.603125 0.022447 0.02875
0 0.044531 0.617708 0.030311 0.041474
0 0.36875 0.620833 0.025564 0.0345
0 0.158594 0.632292 0.021902 0.027122
0 0.825 0.671875 0.026082 0.034329
0 0.220312 0.688542 0.022261 0.027887
0 0.142969 0.711458 0.027761 0.038563
0 0.635938 0.715625 0.018124 0.023544
0 0.188281 0.727083 0.018784 0.026311
0 0.157812 0.804167 0.021796 0.030069
0 0.289844 0.813542 0.028691 0.041226
0 0.092188 0.826042 0.021393 0.027703
0 0.707031 0.83125 0.025345 0.030561
0 0.008373 0.833333 0.016746 0.026567
0 0.683594 0.858333 0.020046 0.026244
0 0.336719 0.876042 0.03307 0.042469
0 0.132031 0.878125 0.019633 0.024542
0 0.113281 0.939583 0.019909 0.025929
0 0.476562 0.95625 0.027729 0.032708
0 0.898438 0.957292 0.029926 0.039113
0 0.371094 0.971875 0.019733 0.025046