0 0.76875 0.010946 0.017778 0.021892
0 0.51875 0.010475 0.021878 0.020949
0 0.253906 0.013542 0.01882 0.024173
0 0.414062 0.01875 0.018324 0.026151
0 0.186719 0.025 0.019476 0.030306
0 0.022656 0.027083 0.019339 0.027372
0 0.883594 0.048958 0.0223 0.033506
0 0.006564 0.067708 0.013127 0.024589
0 0.792969 0.075 0.019832 0.026443
0 0.314063 0.103125 0.018442 0.024589
0 0.221875 0.108333 0.018784 0.026311
0 0.321875 0.116667 0.025469 0.031621
0 0.154688 0.119792 0.021128 0.024499
0 0.53125 0.127083 0.017778 0.027118
0 0.822656 0.134375 0.020328 0.024087
0 0.064062 0.1375 0.021203 0.030662
0 0.494531 0.138542 0.021162 0.025464
0 0.558594 0.144792 0.020132 0.032373
0 0.061719 0.15 0.02018 0.026907
0 0.229687 0.15625 0.021187 0.026376
0 0.228125 0.1625 0.018406 0.026178
0 0.509375 0.165625 0.019444 0.032344
0 0.472656 0.182292 0.019633 0.024542
0 0.016406 0.190625 0.019542 0.02313
0 0.146094 0.196875 0.017317 0.024011
0 0.403906 0.209375 0.023185 0.034666
0 0.828125 0.207292 0.018096 0.024127
0 0.205469 0.260417 0.019413 0.030294
0 0.334375 0.264583 0.027389 0.027444
0 0.203906 0.269792 0.018374 0.028171
0 0.454688 0.276042 0.018406 0.026178
0 0.508594 0.276042 0.019633 0.024542
0 0.192969 0.282292 0.018442 0.024589
0 0.102344 0.301042 0.0223 0.028345
0 0.509375 0.298958 0.019627 0.024405
0 0.1375 0.333333 0.018888 0.028239
0 0.742188 0.335417 0.021242 0.026567
0 0.755469 0.35 0.018466 0.028182
0 0.221094 0.354167 0.0184 0.026183
0 0.665625 0.35625 0.025531 0.032443
0 0.814844 0.353125 0.021098 0.023144
0 0.978906 0.354167 0.019119 0.025492
0 0.850781 0.354167 0.018124 0.023544
0 0.653906 0.364583 0.025685 0.036465
0 0.453125 0.369792 0.02311 0.032628
0 0.072656 0.38125 0.019035 0.026241
0 0.715625 0.384375 0.021921 0.025381
0 0.385156 0.391667 0.027576 0.031557
0 0.857812 0.396875 0.018442 0.024589
0 0.466406 0.4 0.019195 0.026357
0 0.166406 0.405208 0.020377 0.02459
0 0.451562 0.410417 0.018991 0.026389
0 0.535156 0.417708 0.021187 0.026376
0 0.027344 0.426042 0.023279 0.032757
0 0.803125 0.423958 0.018442 0.024589
0 0.178125 0.429167 0.02507 0.027729
0 0.038281 0.438542 0.020706 0.03042
0 0.946094 0.442708 0.020501 0.032435
0 0.046875 0.448958 0.024459 0.028776
0 0.728125 0.448958 0.022658 0.023151
0 0.28125 0.472917 0.021198 0.026257
0 0.26875 0.477083 0.019531 0.027421
0 0.828125 0.495833 0.017757 0.026099
0 0.899219 0.520833 0.020745 0.031408
0 0.870313 0.526042 0.021575 0.028766
0 0.149219 0.532292 0.02111 0.023724
0 0.071094 0.546875 0.018846 0.025128
0 0.920312 0.55 0.021333 0.026872
0 0.867969 0.551042 0.019733 0.025046
0 0.807031 0.577083 0.016714 0.025008
0 0.636719 0.595833 0.02426 0.026024
0 0.73125 0.596875 0.020371 0.024457
0 0.520312 0.621875 0.01813 0.025093
0 0.714844 0.625 0.018828 0.03022
0 0.327344 0.628125 0.018773 0.023107
0 0.730469 0.634375 0.022675 0.024528
0 0.885156 0.657292 0.021582 0.032612
0 0.192188 0.655208 0.027346 0.023766
0 0.507031 0.678125 0.021901 0.024512
0 0.536719 0.692708 0.018939 0.024442
0 0.502344 0.722917 0.020627 0.027503
0 0.551562 0.727083 0.017757 0.026099
0 0.710938 0.738542 0.022067 0.026726
0 0.224219 0.758333 0.018406 0.026178
0 0.239063 0.7625 0.021095 0.022299
0 0.190625 0.821875 0.018442 0.024589
0 0.567187 0.828125 0.018939 0.024442
0 0.901563 0.830208 0.018442 0.024589
0 0.728906 0.855208 0.020371 0.024457
0 0.332813 0.872917 0.026724 0.034099
0 0.825781 0.880208 0.018048 0.02325
0 0.583594 0.886458 0.022089 0.030411
0 0.574219 0.897917 0.023479 0.027333
0 0.857812 0.902083 0.019429 0.026567
0 0.226562 0.954167 0.018756 0.022285