0 0.565625 0.041667 0.020566 0.026042
0 0.101562 0.05 0.018756 0.022285
0 0.29375 0.06875 0.017337 0.025026
0 0.595313 0.070833 0.018991 0.026389
0 0.272656 0.083333 0.019195 0.026357
0 0.067969 0.142708 0.018939 0.024442
0 0.539844 0.157292 0.019638 0.024534
0 0.803125 0.182292 0.018331 0.025253
0 0.25625 0.183333 0.02123 0.025887
0 0.472656 0.207292 0.019792 0.025321
0 0.496875 0.208333 0.018784 0.026311
0 0.333594 0.213542 0.021171 0.025078
0 0.547656 0.21875 0.018406 0.026178
0 0.253906 0.271875 0.021878 0.023148
0 0.455469 0.271875 0.019733 0.025046
0 0.161719 0.277083 0.021875 0.021875
0 0.479687 0.28125 0.020412 0.025429
0 0.220312 0.307292 0.017353 0.027093
0 0.514844 0.315625 0.020371 0.024457
0 0.427344 0.330208 0.02369 0.029063
0 0.153125 0.344792 0.018442 0.024589
0 0.207031 0.357292 0.022209 0.027663
0 0.475 0.355208 0.018096 0.024127
0 0.534375 0.364583 0.023444 0.025108
0 0.477344 0.39375 0.022728 0.025973
0 0.179688 0.396875 0.018096 0.024127
0 0.685937 0.403125 0.020364 0.024472
0 0.094531 0.40625 0.020627 0.027503
0 0.625781 0.411458 0.019543 0.023126
0 0.627344 0.416667 0.016714 0.025008
0 0.644531 0.465625 0.018808 0.028228
0 0.321094 0.465625 0.017759 0.024215
0 0.296875 0.46875 0.018331 0.025253
0 0.672656 0.466667 0.018756 0.022285
0 0.339844 0.476042 0.020371 0.024457
0 0.289062 0.478125 0.018096 0.024127
0 0.744531 0.498958 0.020432 0.028638
0 0.45 0.525 0.018784 0.026311
0 0.808594 0.563542 0.019401 0.028319
0 0.808594 0.572917 0.017757 0.026099
0 0.1375 0.576042 0.018876 0.02557
0 0.074219 0.6 0.035982 0.03393
0 0.758594 0.598958 0.019098 0.028216
0 0.091406 0.6125 0.025051 0.048005
0 0.069531 0.611458 0.019693 0.028264
0 0.584375 0.622917 0.017721 0.025103
0 0.014063 0.623958 0.018939 0.024442
0 0.210156 0.660417 0.025823 0.026597
0 0.389844 0.661458 0.020325 0.024095
0 0.577344 0.6625 0.019909 0.025929
0 0.6125 0.673958 0.018071 0.0271
0 0.835156 0.678125 0.022937 0.028155
0 0.571875 0.692708 0.021393 0.027703
0 0.541406 0.69375 0.018008 0.02309
0 0.484375 0.719792 0.023813 0.032672
0 0.299219 0.732292 0.019531 0.023958
0 0.033594 0.755208 0.019633 0.024542
0 0.0375 0.759375 0.018442 0.024589
0 0.389062 0.7625 0.018991 0.026389
0 0.584375 0.776042 0.018096 0.024127
0 0.551562 0.783333 0.02591 0.030699
0 0.511719 0.803125 0.020154 0.028445
0 0.144531 0.803125 0.022689 0.025403
0 0.207031 0.809375 0.023026 0.028919
0 0.439063 0.858333 0.022613 0.034731
0 0.194531 0.8625 0.022665 0.025104
0 0.046875 0.864583 0.019035 0.026241
0 0.447656 0.885417 0.019531 0.027421
0 0.449219 0.89375 0.020046 0.026244
0 0.439063 0.905208 0.019098 0.028216
0 0.121094 0.907292 0.018816 0.028149
0 0.126562 0.913542 0.021131 0.02449
0 0.314844 0.922917 0.019909 0.025929
0 0.45625 0.954167 0.018008 0.02309
0 0.194531 0.964583 0.023221 0.034631
0 0.451562 0.967708 0.019693 0.024852
0 0.759375 0.980208 0.018442 0.024589
0 0.05 0.991304 0.018756 0.017392