0 0.052344 0.009953 0.018354 0.019906
0 0.375781 0.03628 0.061785 0.072561
0 0.635156 0.019792 0.020494 0.032346
0 0.833594 0.109375 0.022675 0.027132
0 0.530469 0.122917 0.023874 0.032174
0 0.464844 0.158333 0.027818 0.041337
0 0.464062 0.184375 0.023476 0.030208
0 0.070312 0.189583 0.022937 0.028155
0 0.81875 0.195833 0.021727 0.028969
0 0.95 0.235417 0.026732 0.03492
0 0.323437 0.258333 0.033598 0.052901
0 0.439063 0.25625 0.040175 0.045649
0 0.436719 0.346875 0.022756 0.02825
0 0.910156 0.354167 0.024584 0.031012
0 0.603906 0.363542 0.024899 0.034055
0 0.946875 0.363542 0.017438 0.024063
0 0.958594 0.384375 0.028835 0.042958
0 0.84375 0.417708 0.039699 0.086792
0 0.440625 0.417708 0.025905 0.033963
0 0.044531 0.426042 0.025032 0.034809
0 0.960156 0.422917 0.019247 0.026491
0 0.191406 0.442708 0.025853 0.032508
0 0.596875 0.482292 0.020537 0.027934
0 0.30625 0.494792 0.021228 0.032366
0 0.625 0.521875 0.039609 0.056624
0 0.707812 0.519792 0.021222 0.032511
0 0.05 0.586458 0.019531 0.021875
0 0.628906 0.64375 0.019683 0.026728
0 0.333594 0.647917 0.029793 0.032009
0 0.742188 0.661458 0.025472 0.034539
0 0.603906 0.666667 0.025383 0.036527
0 0.374219 0.714583 0.027331 0.039247
0 0.049219 0.73125 0.023556 0.02766
0 0.525781 0.734375 0.019893 0.027596
0 0.227344 0.764583 0.026621 0.033198
0 0.375 0.779167 0.020521 0.026513
0 0.072656 0.795833 0.026688 0.039159
0 0.547656 0.8 0.020134 0.027719
0 0.159375 0.828125 0.024981 0.037873
0 0.530469 0.841667 0.042241 0.05174
0 0.982812 0.873958 0.019543 0.023126
0 0.910156 0.885417 0.027028 0.034532
0 0.707031 0.938542 0.026 0.030914
0 0.588281 0.940625 0.019627 0.024405
0 0.136719 0.944792 0.01902 0.024748
0 0.451562 0.961458 0.019531 0.026042
0 0.138281 0.983193 0.022946 0.033613
0 0.775781 0.985417 0.018827 0.023629