0 0.034375 0.079167 0.034476 0.036931
0 0.992273 0.103125 0.015455 0.028419
0 0.316406 0.280208 0.026221 0.032529
0 0.489844 0.311458 0.033326 0.043575
0 0.700781 0.319792 0.019178 0.025168
0 0.6625 0.363542 0.031253 0.039521
0 0.716406 0.4625 0.03329 0.040673
0 0.127344 0.509375 0.043538 0.05706
0 0.430469 0.517708 0.029501 0.034945
0 0.701562 0.563542 0.029279 0.045758
0 0.045312 0.663542 0.02743 0.02908
0 0.077344 0.75625 0.022665 0.025104
0 0.392188 0.775 0.031612 0.038943
0 0.455469 0.809375 0.027696 0.037411
0 0.210156 0.940625 0.023511 0.028281
0 0.071094 0.952083 0.025327 0.040945
0 0.114844 0.963542 0.029727 0.0433
0 0.4375 0.965625 0.037435 0.041632