0 0.122656 0.029167 0.020506 0.033376
0 0.048438 0.044792 0.027691 0.037805
0 0.572656 0.041667 0.020627 0.027503
0 0.01097 0.067708 0.02194 0.028344
0 0.989442 0.088542 0.021117 0.025381
0 0.260156 0.151042 0.026058 0.030642
0 0.989062 0.157292 0.020432 0.028638
0 0.153906 0.198958 0.020661 0.028728
0 0.044531 0.201042 0.018442 0.024589
0 0.13125 0.209375 0.02336 0.033114
0 0.117969 0.209375 0.019925 0.025905
0 0.461719 0.220833 0.018784 0.026311
0 0.309375 0.234375 0.020147 0.028452
0 0.404687 0.266667 0.027586 0.030966
0 0.346875 0.270833 0.021198 0.026257
0 0.149219 0.29375 0.019683 0.026728
0 0.746094 0.325 0.020627 0.027503
0 0.242188 0.33125 0.021508 0.03051
0 0.31875 0.372917 0.021202 0.026349
0 0.177344 0.4 0.019773 0.0268
0 0.066406 0.405208 0.019574 0.023676
0 0.40625 0.446875 0.021339 0.026862
0 0.128906 0.504167 0.022768 0.026762
0 0.446875 0.51875 0.021239 0.025868
0 0.571875 0.530208 0.018442 0.024589
0 0.332031 0.536458 0.019401 0.028319
0 0.560937 0.578125 0.023585 0.045902
0 0.869531 0.58125 0.020341 0.025073
0 0.304688 0.5875 0.034562 0.035209
0 0.013281 0.585417 0.020314 0.022296
0 0.836719 0.594792 0.019733 0.025046
0 0.905469 0.68125 0.02003 0.029373
0 0.611719 0.691667 0.022707 0.026328
0 0.148438 0.711458 0.021546 0.027548
0 0.539844 0.714583 0.019925 0.025905
0 0.391406 0.751042 0.019733 0.025046
0 0.391406 0.759375 0.02032 0.023137
0 0.278906 0.764583 0.022665 0.025104
0 0.682813 0.776042 0.017759 0.024215
0 0.333594 0.802083 0.019195 0.026357
0 0.857031 0.808333 0.019909 0.025929
0 0.410938 0.821875 0.019574 0.023676
0 0.888281 0.84375 0.019868 0.025663
0 0.333594 0.845833 0.020647 0.026788
0 0.528906 0.859375 0.018374 0.028171
0 0.327344 0.873958 0.020661 0.028728
0 0.014844 0.878125 0.019627 0.024405
0 0.500781 0.908333 0.016719 0.026046
0 0.476562 0.916667 0.024229 0.024547
0 0.471875 0.944792 0.018939 0.024442
0 0.857031 0.964583 0.018846 0.025128