0 0.546094 0.064583 0.028254 0.038776
0 0.819531 0.064583 0.0184 0.026183
0 0.24375 0.104167 0.02827 0.040182
0 0.50625 0.115625 0.067232 0.040749
0 0.372656 0.128125 0.023097 0.028871
0 0.060937 0.138542 0.03081 0.03572
0 0.194531 0.139583 0.025032 0.034809
0 0.509375 0.145833 0.024598 0.033805
0 0.294531 0.148958 0.020339 0.023705
0 0.217969 0.170833 0.020529 0.025786
0 0.261719 0.195833 0.022849 0.032869
0 0.280469 0.23125 0.019574 0.023676
0 0.491406 0.25625 0.029496 0.034954
0 0.45 0.284375 0.025994 0.039287
0 0.460938 0.291667 0.025611 0.031936
0 0.042188 0.292708 0.019543 0.023126
0 0.389062 0.315625 0.01902 0.024748
0 0.577344 0.334375 0.019925 0.025905
0 0.93125 0.35 0.02545 0.035034
0 0.421094 0.392708 0.025478 0.045061
0 0.76875 0.398958 0.017301 0.024027
0 0.478125 0.404167 0.021264 0.026134
0 0.360156 0.520833 0.026608 0.034667
0 0.392188 0.625 0.028871 0.043211
0 0.884375 0.692708 0.02555 0.063587
0 0.546094 0.688542 0.028339 0.045421
0 0.239844 0.69375 0.019925 0.025905
0 0.605469 0.742708 0.019119 0.025492
0 0.630469 0.764583 0.026195 0.0382
0 0.525781 0.7625 0.021727 0.028969
0 0.588281 0.908333 0.03265 0.040546
0 0.967187 0.9125 0.020313 0.023958