0 0.985938 0.013253 0.027612 0.026505
0 0.485938 0.033333 0.018008 0.02309
0 0.807031 0.061458 0.018561 0.025359
0 0.964063 0.072917 0.024623 0.030229
0 0.058594 0.080208 0.025235 0.036655
0 0.992265 0.109375 0.015471 0.024589
0 0.636719 0.136458 0.019638 0.024534
0 0.619531 0.139583 0.0184 0.026183
0 0.9375 0.160417 0.024024 0.034748
0 0.303906 0.185417 0.036405 0.043738
0 0.591406 0.2125 0.026155 0.036189
0 0.650781 0.217708 0.027871 0.035612
0 0.965625 0.247917 0.023607 0.028741
0 0.932031 0.266667 0.019531 0.027421
0 0.284375 0.322917 0.027099 0.03509
0 0.609375 0.319792 0.024309 0.027699
0 0.532031 0.367708 0.018773 0.023107
0 0.703125 0.369792 0.021648 0.029332
0 0.239844 0.398958 0.028262 0.045137
0 0.439844 0.434375 0.024341 0.028597
0 0.580469 0.45 0.018773 0.023107
0 0.971875 0.455208 0.019558 0.02407
0 0.710938 0.473958 0.018939 0.024442
0 0.220312 0.486458 0.024332 0.035222
0 0.990423 0.480208 0.019154 0.02407
0 0.038281 0.489583 0.026331 0.037475
0 0.471875 0.502083 0.025081 0.035435
0 0.638281 0.564583 0.025722 0.037499
0 0.236719 0.575 0.023734 0.034584
0 0.707031 0.58125 0.023557 0.030821
0 0.567969 0.622917 0.026188 0.034302
0 0.792188 0.626042 0.021582 0.032612
0 0.210156 0.634375 0.023319 0.033718
0 0.110156 0.683333 0.023718 0.029015
0 0.975781 0.6875 0.022796 0.034721
0 0.514062 0.85625 0.025474 0.037404
0 0.538281 0.923958 0.021796 0.02989
0 0.817187 0.923958 0.026421 0.03234
0 0.386719 0.973958 0.020288 0.027694