0 0.505469 0.011991 0.019733 0.023981
0 0.150781 0.016667 0.018784 0.026311
0 0.040625 0.021875 0.018096 0.024127
0 0.746875 0.021875 0.018096 0.024127
0 0.610938 0.036458 0.018384 0.029201
0 0.192188 0.046875 0.021128 0.024499
0 0.721875 0.06875 0.018784 0.026311
0 0.208594 0.069792 0.01882 0.024173
0 0.355469 0.077083 0.018304 0.026169
0 0.291406 0.083333 0.019195 0.026357
0 0.458594 0.085417 0.017348 0.026056
0 0.771094 0.084375 0.017317 0.024011
0 0.113281 0.095833 0.023475 0.026349
0 0.008425 0.121875 0.01685 0.024534
0 0.815625 0.152083 0.018756 0.022285
0 0.8375 0.159375 0.01902 0.024748
0 0.132812 0.171875 0.019543 0.023126
0 0.496094 0.175 0.022665 0.025104
0 0.898438 0.1875 0.018331 0.025253
0 0.167969 0.225 0.019446 0.026546
0 0.653125 0.227083 0.018836 0.029238
0 0.917188 0.239583 0.01813 0.025093
0 0.011578 0.25 0.023155 0.029089
0 0.151562 0.246875 0.018827 0.023629
0 0.335938 0.258333 0.021901 0.024512
0 0.046875 0.260417 0.017982 0.022269
0 0.041406 0.271875 0.018827 0.023629
0 0.35 0.294792 0.020332 0.025089
0 0.51875 0.311458 0.032879 0.042813
0 0.464844 0.307292 0.018976 0.027221
0 0.746094 0.310417 0.019868 0.025663
0 0.416406 0.315625 0.019592 0.025156
0 0.360156 0.321875 0.019053 0.030252
0 0.411719 0.327083 0.020676 0.026744
0 0.51875 0.330208 0.021141 0.027182
0 0.553906 0.346875 0.017301 0.024027
0 0.370312 0.35625 0.018324 0.026151
0 0.445312 0.35625 0.018406 0.026178
0 0.923438 0.38125 0.018048 0.02325
0 0.376563 0.385417 0.018561 0.025359
0 0.616406 0.388542 0.020441 0.025129
0 0.384375 0.410417 0.018324 0.026151
0 0.853906 0.429167 0.01802 0.023067
0 0.870313 0.469792 0.022226 0.031538
0 0.13125 0.467708 0.021171 0.025078
0 0.067969 0.476042 0.020517 0.029536
0 0.392188 0.477083 0.021943 0.026404
0 0.582812 0.478125 0.023491 0.026002
0 0.348438 0.479167 0.021887 0.025097
0 0.115625 0.479167 0.019534 0.022292
0 0.744531 0.483333 0.019909 0.025929
0 0.851562 0.496875 0.018071 0.0271
0 0.261719 0.503125 0.018096 0.024127
0 0.655469 0.507292 0.019552 0.024083
0 0.557813 0.516667 0.018324 0.026151
0 0.767188 0.526042 0.01813 0.025093
0 0.015625 0.544792 0.019365 0.027345
0 0.192188 0.557292 0.019601 0.028352
0 0.666406 0.5625 0.020521 0.026513
0 0.367969 0.573958 0.017337 0.025026
0 0.596875 0.579167 0.018836 0.029238
0 0.285156 0.589583 0.019446 0.026546
0 0.049219 0.6 0.021112 0.025088
0 0.470313 0.609375 0.018991 0.026389
0 0.5625 0.61875 0.018773 0.023107
0 0.217969 0.621875 0.019681 0.02538
0 0.602344 0.634375 0.018846 0.02378
0 0.333594 0.652083 0.019071 0.027215
0 0.723437 0.661458 0.021333 0.026872
0 0.728125 0.669792 0.023484 0.032424
0 0.726562 0.680208 0.018096 0.024127
0 0.325 0.686458 0.019445 0.029302
0 0.028906 0.705208 0.019792 0.025321
0 0.723437 0.710417 0.018008 0.02309
0 0.775781 0.715625 0.019925 0.025905
0 0.305469 0.727083 0.019909 0.025929
0 0.910937 0.751042 0.024326 0.027335
0 0.232031 0.772917 0.023489 0.025902
0 0.971094 0.776042 0.020352 0.025177
0 0.319531 0.790625 0.017317 0.024011
0 0.35 0.801042 0.019035 0.026241
0 0.316406 0.813542 0.027507 0.032832
0 0.451562 0.814583 0.025022 0.026377
0 0.610938 0.81875 0.017982 0.022269
0 0.739062 0.819792 0.017317 0.024011
0 0.871094 0.823958 0.017301 0.024027
0 0.532813 0.828125 0.018939 0.024442
0 0.380469 0.854167 0.019774 0.03233
0 0.990996 0.848958 0.018007 0.023629
0 0.339844 0.853125 0.016714 0.025008
0 0.427344 0.917708 0.02736 0.025977
0 0.828906 0.919792 0.017188 0.026042
0 0.584375 0.933333 0.01813 0.025093
0 0.354687 0.934375 0.01882 0.024173