0 0.292969 0.089583 0.020422 0.025409
0 0.542969 0.094792 0.01971 0.025332
0 0.234375 0.097917 0.017721 0.025103
0 0.755469 0.116667 0.021165 0.025459
0 0.315625 0.153125 0.021985 0.033408
0 0.416406 0.152083 0.019925 0.025905
0 0.285938 0.157292 0.017759 0.024215
0 0.925 0.161458 0.021386 0.031589
0 0.4625 0.164583 0.0184 0.026183
0 0.730469 0.169792 0.020364 0.024472
0 0.759375 0.171875 0.020339 0.023705
0 0.782031 0.172917 0.017348 0.026056
0 0.921875 0.182292 0.022523 0.030827
0 0.648438 0.186458 0.018008 0.02309
0 0.908594 0.192708 0.020364 0.024472
0 0.177344 0.228125 0.020432 0.028638
0 0.627344 0.232292 0.026085 0.036725
0 0.61875 0.242708 0.020583 0.030478
0 0.4625 0.26875 0.018008 0.02309
0 0.925781 0.273958 0.019733 0.025046
0 0.659375 0.3 0.022758 0.026784
0 0.625781 0.307292 0.018773 0.023107
0 0.828125 0.309375 0.02428 0.026751
0 0.853125 0.328125 0.018846 0.02378
0 0.882812 0.330208 0.022694 0.030993
0 0.033594 0.334375 0.017438 0.024063
0 0.9625 0.340625 0.019543 0.023126
0 0.670312 0.370833 0.022983 0.028439
0 0.361719 0.388542 0.019543 0.023126
0 0.560937 0.397917 0.020635 0.029352
0 0.54375 0.417708 0.020364 0.024472
0 0.65625 0.422917 0.018991 0.026389
0 0.610156 0.451042 0.02217 0.030923
0 0.710156 0.495833 0.019733 0.025046
0 0.992542 0.505208 0.014915 0.02503
0 0.471875 0.5125 0.020313 0.021875
0 0.521094 0.526042 0.019909 0.025929
0 0.465625 0.528125 0.018096 0.024127
0 0.714844 0.5375 0.019832 0.026443
0 0.864844 0.564583 0.020046 0.026244
0 0.353906 0.582292 0.017337 0.025026
0 0.577344 0.601042 0.019792 0.025321
0 0.783594 0.615625 0.021128 0.024499
0 0.875781 0.630208 0.019733 0.025046
0 0.308594 0.633333 0.020627 0.027503
0 0.949219 0.665625 0.019768 0.025593
0 0.448437 0.665625 0.019633 0.024542
0 0.932031 0.669792 0.017317 0.024011
0 0.392969 0.680208 0.01882 0.024173
0 0.78125 0.703125 0.019574 0.023676
0 0.5375 0.713542 0.01813 0.025093
0 0.56875 0.715625 0.018939 0.024442
0 0.025 0.729167 0.02475 0.031228
0 0.882031 0.757292 0.017317 0.024011
0 0.292969 0.789583 0.041902 0.048191
0 0.786719 0.780208 0.020935 0.028889
0 0.379688 0.798958 0.017813 0.031258
0 0.435156 0.8 0.016719 0.026046
0 0.953906 0.823958 0.021929 0.025115
0 0.302344 0.823958 0.018756 0.022285
0 0.484375 0.828125 0.01902 0.024748
0 0.394531 0.844792 0.018827 0.023629
0 0.588281 0.858333 0.020046 0.026244
0 0.507812 0.863542 0.017759 0.024215
0 0.442969 0.896875 0.01882 0.024173
0 0.765625 0.898958 0.018124 0.023544
0 0.795312 0.917708 0.025129 0.029733
0 0.953125 0.945833 0.020444 0.026341
0 0.520312 0.986444 0.033596 0.027112