0 0.65 0.073958 0.034324 0.039029
0 0.250781 0.133333 0.029247 0.040209
0 0.803125 0.128125 0.018939 0.024442
0 0.342969 0.146875 0.017317 0.024011
0 0.210938 0.178125 0.023421 0.033
0 0.648438 0.191667 0.022996 0.028271
0 0.66875 0.215625 0.01902 0.024748
0 0.228906 0.271875 0.025799 0.031271
0 0.132812 0.291667 0.023988 0.030346
0 0.701562 0.30625 0.026402 0.034282
0 0.4875 0.308333 0.028104 0.03441
0 0.972656 0.319792 0.022067 0.026726
0 0.446875 0.359375 0.026724 0.034099
0 0.253906 0.358333 0.019909 0.025929
0 0.246094 0.365625 0.023906 0.033448
0 0.975781 0.367708 0.025747 0.034775
0 0.384375 0.388542 0.021546 0.027548
0 0.226562 0.39375 0.023493 0.032412
0 0.296094 0.398958 0.023421 0.033
0 0.859375 0.40625 0.023287 0.034879
0 0.852344 0.417708 0.019714 0.027305
0 0.135937 0.444792 0.034947 0.042164
0 0.651563 0.442708 0.024189 0.033584
0 0.359375 0.45625 0.023867 0.032182
0 0.748437 0.49375 0.028932 0.030374
0 0.987189 0.536458 0.025622 0.035583
0 0.69375 0.54375 0.026975 0.032146
0 0.960938 0.555208 0.02325 0.033147
0 0.842969 0.594792 0.022558 0.029051
0 0.251563 0.652083 0.025135 0.03905
0 0.660156 0.69375 0.026409 0.035655
0 0.934375 0.694792 0.025215 0.032495
0 0.458594 0.723958 0.027618 0.041308
0 0.397656 0.730208 0.019925 0.025905
0 0.446875 0.7375 0.020801 0.028133
0 0.678125 0.748958 0.021949 0.026392
0 0.623437 0.754167 0.021333 0.026872
0 0.148438 0.888542 0.062962 0.098238
0 0.758594 0.85625 0.024225 0.030977
0 0.896875 0.864583 0.025086 0.031874
0 0.932031 0.876042 0.029355 0.03426
0 0.810937 0.886458 0.018442 0.024589
0 0.315625 0.959375 0.027813 0.040001
0 0.3625 0.961458 0.018442 0.024589