0 0.516406 0.010731 0.01882 0.021462
0 0.504687 0.01177 0.017658 0.023541
0 0.458594 0.017708 0.017317 0.024011
0 0.647656 0.017708 0.019543 0.023126
0 0.580469 0.033333 0.019868 0.025663
0 0.872656 0.033333 0.018999 0.02628
0 0.094531 0.042708 0.022937 0.028155
0 0.6875 0.046875 0.01882 0.024173
0 0.495312 0.063542 0.019627 0.024405
0 0.096094 0.079167 0.022937 0.028155
0 0.428906 0.08125 0.018999 0.02628
0 0.357812 0.092708 0.021593 0.032602
0 0.457031 0.09375 0.019476 0.030306
0 0.910937 0.110417 0.018784 0.026311
0 0.364844 0.130208 0.020371 0.024457
0 0.815625 0.15625 0.017345 0.026058
0 0.170313 0.166667 0.018939 0.024442
0 0.324219 0.183333 0.021176 0.031534
0 0.574219 0.203125 0.021656 0.028229
0 0.742969 0.208333 0.020627 0.027503
0 0.335938 0.219792 0.019012 0.028214
0 0.771875 0.223958 0.018939 0.024442
0 0.18125 0.228125 0.018442 0.024589
0 0.025 0.252083 0.02428 0.026751
0 0.1875 0.253125 0.020441 0.025129
0 0.489063 0.253125 0.018442 0.024589
0 0.491406 0.260417 0.020866 0.030437
0 0.134375 0.260417 0.017982 0.022269
0 0.489063 0.269792 0.018442 0.024589
0 0.364844 0.29375 0.020758 0.034448
0 0.342187 0.307292 0.017759 0.024215
0 0.914844 0.307292 0.016702 0.023976
0 0.539844 0.326042 0.01882 0.024173
0 0.952344 0.326042 0.019792 0.025321
0 0.353125 0.330208 0.02118 0.025185
0 0.94375 0.35 0.021899 0.034554
0 0.310937 0.3625 0.019868 0.025663
0 0.408594 0.369792 0.018442 0.024589
0 0.540625 0.375 0.017337 0.025026
0 0.694531 0.3875 0.019832 0.026443
0 0.369531 0.394792 0.01882 0.024173
0 0.629687 0.408333 0.020509 0.032429
0 0.553906 0.426042 0.01902 0.024748
0 0.385156 0.4375 0.017757 0.026099
0 0.832812 0.438542 0.018048 0.02325
0 0.664844 0.448958 0.019401 0.028319
0 0.340625 0.451042 0.020377 0.02459
0 0.139844 0.460417 0.025945 0.030063
0 0.434375 0.470833 0.025055 0.02666
0 0.566406 0.472917 0.023439 0.023153
0 0.247656 0.482292 0.023162 0.029482
0 0.472656 0.484375 0.019972 0.028419
0 0.840625 0.485417 0.024233 0.028169
0 0.255469 0.488542 0.02032 0.023137
0 0.414844 0.495833 0.021669 0.03458
0 0.535937 0.49375 0.021187 0.026376
0 0.442969 0.511458 0.019792 0.025321
0 0.503906 0.520833 0.018354 0.027152
0 0.484375 0.533333 0.018784 0.026311
0 0.342187 0.541667 0.023356 0.034695
0 0.769531 0.559375 0.019733 0.025046
0 0.195312 0.580208 0.019401 0.028319
0 0.133594 0.58125 0.019446 0.026546
0 0.695312 0.611458 0.023527 0.036723
0 0.907031 0.613542 0.019733 0.025046
0 0.526563 0.630208 0.020371 0.024457
0 0.579688 0.647917 0.020072 0.030358
0 0.314844 0.654167 0.02018 0.026907
0 0.171094 0.676042 0.017317 0.024011
0 0.228906 0.695833 0.019783 0.033363
0 0.905469 0.704167 0.022937 0.028155
0 0.723437 0.707292 0.024258 0.025926
0 0.119531 0.7125 0.018406 0.026178
0 0.020313 0.723958 0.021131 0.02449
0 0.503125 0.738542 0.018008 0.02309
0 0.924219 0.741667 0.020046 0.026244
0 0.980469 0.744792 0.020432 0.028638
0 0.516406 0.747917 0.02018 0.026907
0 0.33125 0.747917 0.017982 0.022269
0 0.439063 0.758333 0.022152 0.027355
0 0.215625 0.760417 0.022858 0.027444
0 0.284375 0.7625 0.021333 0.026872
0 0.739844 0.764583 0.016722 0.027086
0 0.842969 0.767708 0.01882 0.024173
0 0.571094 0.790625 0.017317 0.024011
0 0.879687 0.795833 0.020866 0.030437
0 0.05 0.796875 0.017759 0.024215
0 0.694531 0.801042 0.020129 0.031393
0 0.267969 0.804167 0.022861 0.027439
0 0.907031 0.805208 0.019733 0.025046
0 0.257031 0.810417 0.020341 0.025073
0 0.348438 0.817708 0.017759 0.024215
0 0.984375 0.81875 0.018161 0.023679
0 0.565625 0.838542 0.021499 0.038587
0 0.257031 0.839583 0.028951 0.028277
0 0.058594 0.847917 0.027347 0.026133
0 0.110156 0.869792 0.018442 0.024589
0 0.372656 0.877083 0.026058 0.030642
0 0.846875 0.909375 0.018096 0.024127
0 0.276562 0.9125 0.021875 0.021875
0 0.926562 0.925 0.018331 0.025253
0 0.774219 0.933333 0.019992 0.026974
0 0.379688 0.939583 0.020072 0.030358
0 0.507812 0.944792 0.01902 0.024748
0 0.067187 0.946875 0.018304 0.026169
0 0.430469 0.970833 0.019832 0.026443