0 0.534375 0.101042 0.018331 0.025253
0 0.542188 0.105208 0.019427 0.031319
0 0.860938 0.108333 0.021112 0.025088
0 0.534375 0.113542 0.023451 0.024539
0 0.534375 0.247917 0.018784 0.026311
0 0.921875 0.258333 0.022858 0.027444
0 0.578125 0.321875 0.031278 0.029647
0 0.510156 0.323958 0.018096 0.024127
0 0.69375 0.327083 0.027437 0.028794
0 0.248438 0.401042 0.022828 0.030437
0 0.475781 0.522917 0.020441 0.025129
0 0.30625 0.571875 0.01882 0.024173
0 0.3125 0.573958 0.02422 0.023155
0 0.546875 0.573958 0.02032 0.023137
0 0.832031 0.580208 0.02018 0.026907
0 0.207031 0.588542 0.022067 0.029423
0 0.042969 0.60625 0.019534 0.022292
0 0.427344 0.634375 0.017317 0.024011
0 0.2375 0.757292 0.018939 0.024442
0 0.026562 0.78125 0.021542 0.027554
0 0.307031 0.814583 0.026389 0.034301
0 0.698438 0.846875 0.018808 0.028228
0 0.696875 0.857292 0.018367 0.028175
0 0.43125 0.896875 0.020441 0.025129
0 0.339062 0.96875 0.019065 0.031282
0 0.759375 0.985417 0.02428 0.026751