0 0.955469 0.035417 0.020801 0.028133
0 0.633594 0.041667 0.023874 0.032174
0 0.948438 0.094792 0.020666 0.028723
0 0.789062 0.146875 0.021648 0.029332
0 0.084375 0.188542 0.022193 0.03277
0 0.176563 0.216667 0.019579 0.02505
0 0.259375 0.223958 0.027593 0.0349
0 0.360156 0.234375 0.019627 0.024405
0 0.103125 0.283333 0.018991 0.026389
0 0.146094 0.321875 0.046897 0.08439
0 0.182812 0.304167 0.020365 0.026164
0 0.235156 0.319792 0.02924 0.037864
0 0.465625 0.421875 0.024494 0.031715
0 0.341406 0.4375 0.02692 0.036212
0 0.286719 0.457292 0.021259 0.028345
0 0.260937 0.535417 0.028853 0.03738
0 0.584375 0.5375 0.019531 0.027421
0 0.471094 0.565625 0.04774 0.071993
0 0.423438 0.547917 0.02714 0.033665
0 0.091406 0.589583 0.040558 0.058326
0 0.419531 0.626042 0.040916 0.049944
0 0.385156 0.629167 0.02018 0.026907
0 0.142969 0.664583 0.035381 0.052694
0 0.576562 0.663542 0.029226 0.043914
0 0.692969 0.660417 0.023368 0.030196
0 0.035937 0.777083 0.034222 0.041014
0 0.248438 0.777083 0.025507 0.03125
0 0.739844 0.788542 0.017658 0.024165
0 0.315625 0.81875 0.020697 0.026524
0 0.2375 0.904167 0.023492 0.026
0 0.670312 0.922917 0.03471 0.044223
0 0.153906 0.91875 0.025826 0.029329
0 0.354687 0.930208 0.042591 0.055186
0 0.174219 0.919792 0.018442 0.024589
0 0.75625 0.935417 0.022254 0.031093
0 0.975781 0.96875 0.028764 0.040547
0 0.755469 0.976042 0.019574 0.023676