0 0.782031 0.038542 0.020664 0.032451
0 0.257812 0.05 0.021479 0.027243
0 0.990962 0.05 0.018075 0.028234
0 0.559375 0.083333 0.024237 0.029198
0 0.207813 0.128125 0.024229 0.027144
0 0.015625 0.134375 0.027393 0.028636
0 0.799219 0.160417 0.02253 0.034609
0 0.038281 0.264583 0.026646 0.029795
0 0.532813 0.278125 0.02237 0.031064
0 0.642969 0.29375 0.022254 0.031093
0 0.479687 0.326042 0.026211 0.031218
0 0.746094 0.342708 0.035282 0.034651
0 0.080469 0.359375 0.023781 0.028969
0 0.3875 0.370833 0.021508 0.03051
0 0.7 0.389583 0.021508 0.03051
0 0.271094 0.401042 0.023718 0.029015
0 0.683594 0.40625 0.0184 0.026183
0 0.39375 0.434375 0.024568 0.035303
0 0.919531 0.439583 0.022995 0.032052
0 0.799219 0.489583 0.018999 0.02628
0 0.4125 0.501042 0.025219 0.029986
0 0.770312 0.521875 0.021362 0.02664
0 0.525 0.535417 0.02253 0.034609
0 0.6625 0.536458 0.026083 0.03037
0 0.733594 0.548958 0.025918 0.029193
0 0.160156 0.588542 0.020736 0.028573
0 0.232813 0.589583 0.024459 0.028776
0 0.559375 0.670833 0.027478 0.034165
0 0.146875 0.684375 0.03272 0.041117
0 0.432031 0.682292 0.022672 0.032831
0 0.70625 0.678125 0.018442 0.024589
0 0.301563 0.697917 0.025257 0.029424
0 0.1625 0.7375 0.023385 0.032449
0 0.816406 0.741667 0.026308 0.031809
0 0.371875 0.751042 0.024332 0.035222
0 0.83125 0.759375 0.023863 0.029661
0 0.907813 0.759375 0.022758 0.028319
0 0.515625 0.764583 0.021116 0.030583
0 0.536719 0.808333 0.019925 0.025905
0 0.685937 0.810417 0.024508 0.031695
0 0.420312 0.820833 0.023298 0.029827
0 0.374219 0.889583 0.018939 0.024442
0 0.092188 0.901042 0.026056 0.039077
0 0.519531 0.898958 0.023933 0.036696
0 0.227344 0.939583 0.026176 0.032033
0 0.24375 0.969792 0.018442 0.024589
0 0.576562 0.975 0.018124 0.023544