0 0.485938 0.012592 0.020517 0.025185
0 0.665625 0.021875 0.021645 0.030804
0 0.975 0.030208 0.017317 0.024011
0 0.272656 0.035417 0.022656 0.031302
0 0.332813 0.051042 0.026117 0.041183
0 0.890625 0.047917 0.026618 0.031354
0 0.678125 0.045833 0.018784 0.026311
0 0.199219 0.053125 0.027045 0.039035
0 0.75625 0.054167 0.031415 0.037965
0 0.10625 0.053125 0.021701 0.028014
0 0.35625 0.055208 0.02101 0.028935
0 0.674219 0.060417 0.021989 0.028877
0 0.271094 0.064583 0.024533 0.03271
0 0.94375 0.072917 0.021116 0.030583
0 0.692969 0.080208 0.032102 0.040983
0 0.827344 0.080208 0.028107 0.036895
0 0.78125 0.080208 0.022849 0.032869
0 0.873437 0.0875 0.04464 0.039947
0 0.901563 0.084375 0.026552 0.032908
0 0.311719 0.088542 0.023026 0.028919
0 0.38125 0.092708 0.021447 0.032454
0 0.789062 0.129167 0.078255 0.083058
0 0.695312 0.108333 0.020583 0.030478
0 0.877344 0.109375 0.019593 0.02836
0 0.598437 0.114583 0.021038 0.029672
0 0.852344 0.142708 0.052538 0.05498
0 0.917188 0.127083 0.018304 0.026169
0 0.571875 0.13125 0.021116 0.030583
0 0.697656 0.136458 0.027442 0.041145
0 0.3375 0.135417 0.02292 0.033794
0 0.141406 0.135417 0.020072 0.030358
0 0.523438 0.1375 0.021689 0.030701
0 0.6625 0.141667 0.023438 0.03125
0 0.907031 0.151042 0.028758 0.038887
0 0.936719 0.163542 0.034181 0.055474
0 0.539844 0.158333 0.02018 0.026907
0 0.371875 0.161458 0.024652 0.030465
0 0.492969 0.1875 0.02018 0.026907
0 0.335156 0.19375 0.020072 0.030358
0 0.320312 0.19375 0.017438 0.024063
0 0.141406 0.205208 0.025594 0.03579
0 0.564063 0.20625 0.020664 0.032451
0 0.313281 0.208333 0.021138 0.034503
0 0.664062 0.205208 0.022346 0.029794
0 0.516406 0.209375 0.020422 0.030453
0 0.959375 0.207292 0.02101 0.028935
0 0.067187 0.211458 0.019332 0.028307
0 0.292969 0.215625 0.021658 0.029319
0 0.891406 0.233333 0.046118 0.058022
0 0.698438 0.229167 0.022254 0.031093
0 0.633594 0.232292 0.018029 0.025068
0 0.971875 0.235417 0.025243 0.032454
0 0.3375 0.245833 0.024897 0.032298
0 0.750781 0.258333 0.02325 0.033147
0 0.683594 0.258333 0.026195 0.032242
0 0.857812 0.25625 0.018406 0.026178
0 0.434375 0.261458 0.025915 0.033268
0 0.713281 0.273958 0.020372 0.028564
0 0.657031 0.283333 0.02278 0.034774
0 0.685937 0.284375 0.022796 0.034721
0 0.948438 0.284375 0.021896 0.030747
0 0.044531 0.29375 0.02099 0.030596
0 0.638281 0.3 0.025585 0.041099
0 0.914062 0.294792 0.024652 0.030465
0 0.138281 0.317708 0.022794 0.040756
0 0.408594 0.319792 0.021447 0.032454
0 0.210938 0.329167 0.023421 0.033
0 0.875 0.332292 0.022303 0.032753
0 0.452344 0.342708 0.021076 0.032495
0 0.939063 0.340625 0.019012 0.028214
0 0.200781 0.347917 0.020045 0.029423
0 0.903125 0.35625 0.025149 0.035616
0 0.075 0.359375 0.021475 0.03346
0 0.45625 0.366667 0.028628 0.043584
0 0.78125 0.367708 0.024491 0.037045
0 0.378906 0.365625 0.023097 0.028871
0 0.5875 0.36875 0.028721 0.034174
0 0.946094 0.367708 0.02583 0.032635
0 0.547656 0.366667 0.019251 0.027293
0 0.839063 0.367708 0.018442 0.024589
0 0.049219 0.377083 0.020046 0.026244
0 0.20625 0.388542 0.023707 0.030548
0 0.625 0.390625 0.02217 0.02922
0 0.786719 0.395833 0.02229 0.030836
0 0.078125 0.397917 0.018991 0.026389
0 0.634375 0.402083 0.021645 0.030804
0 0.744531 0.405208 0.023951 0.036884
0 0.902344 0.407292 0.020372 0.028564
0 0.815625 0.414583 0.018442 0.024589
0 0.214062 0.422917 0.020434 0.029303
0 0.90625 0.421875 0.018442 0.024589
0 0.154688 0.4375 0.023862 0.035072
0 0.96875 0.440625 0.024477 0.040914
0 0.23125 0.44375 0.021726 0.031709
0 0.273438 0.445833 0.021448 0.030739
0 0.836719 0.444792 0.019593 0.02836
0 0.697656 0.451042 0.025838 0.032623
0 0.190625 0.452083 0.021653 0.030795
0 0.920312 0.453125 0.021924 0.029232
0 0.607031 0.45625 0.019404 0.030301
0 0.80625 0.455208 0.023234 0.02937
0 0.275 0.466667 0.020938 0.027401
0 0.1875 0.473958 0.025778 0.03734
0 0.747656 0.472917 0.020072 0.030358
0 0.853906 0.485417 0.020706 0.03042
0 0.090625 0.485417 0.018342 0.027161
0 0.977344 0.489583 0.027408 0.029582
0 0.9625 0.490625 0.020661 0.028728
0 0.846094 0.494792 0.022268 0.032512
0 0.623437 0.495833 0.021903 0.030739
0 0.444531 0.496875 0.019036 0.029228
0 0.920312 0.501042 0.018396 0.030233
0 0.711719 0.503125 0.019762 0.0313
0 0.903906 0.514583 0.020579 0.030481
0 0.544531 0.516667 0.020866 0.030437
0 0.650781 0.521875 0.020745 0.031408
0 0.404687 0.522917 0.018784 0.026311
0 0.616406 0.527083 0.022657 0.03289
0 0.808594 0.535417 0.024386 0.034972
0 0.03125 0.533333 0.022152 0.027355
0 0.935937 0.538542 0.021475 0.03346
0 0.210156 0.540625 0.019401 0.028319
0 0.640625 0.557292 0.03147 0.049125
0 0.696094 0.552083 0.020583 0.030478
0 0.025781 0.559375 0.01995 0.031372
0 0.472656 0.559375 0.020456 0.028611
0 0.721094 0.565625 0.025307 0.033133
0 0.526563 0.576042 0.021222 0.032511
0 0.714063 0.595833 0.02163 0.033588
0 0.503125 0.602083 0.021689 0.030701
0 0.174219 0.608333 0.021138 0.034503
0 0.464062 0.610417 0.020515 0.034408
0 0.367188 0.619792 0.021095 0.032525
0 0.76875 0.629167 0.02773 0.040895
0 0.803125 0.621875 0.018342 0.027161
0 0.813281 0.629167 0.022495 0.030475
0 0.338281 0.636458 0.01995 0.031372
0 0.166406 0.6375 0.019683 0.026728
0 0.823438 0.644792 0.023266 0.040798
0 0.189844 0.64375 0.01733 0.02503
0 0.604688 0.657292 0.023661 0.032628
0 0.328125 0.658333 0.018384 0.029201
0 0.46875 0.657292 0.020945 0.028672
0 0.503906 0.665625 0.021989 0.028877
0 0.082031 0.676042 0.019445 0.029302
0 0.571875 0.679167 0.021362 0.02664
0 0.338281 0.680208 0.017835 0.025128
0 0.511719 0.6875 0.023309 0.038763
0 0.467187 0.686458 0.01998 0.028483
0 0.726562 0.689583 0.02493 0.031865
0 0.214062 0.696875 0.01998 0.028483
0 0.933594 0.705208 0.021582 0.032612
0 0.046875 0.70625 0.019681 0.02538
0 0.917969 0.715625 0.023309 0.038763
0 0.897656 0.726042 0.01979 0.034398
0 0.735938 0.726042 0.020566 0.026042
0 0.989607 0.7375 0.020786 0.028345
0 0.723437 0.75 0.023569 0.034832
0 0.367188 0.748958 0.018846 0.027254
0 0.920312 0.75 0.021819 0.028356
0 0.521094 0.755208 0.020288 0.027694
0 0.852344 0.763542 0.023569 0.034832
0 0.717187 0.76875 0.01813 0.025093
0 0.145313 0.773958 0.021151 0.034494
0 0.441406 0.772917 0.020242 0.030384
0 0.579688 0.792708 0.021804 0.02852
0 0.555469 0.797917 0.023583 0.030562
0 0.464844 0.80625 0.019251 0.027293
0 0.628125 0.809375 0.023461 0.030231
0 0.778906 0.815625 0.019693 0.028264
0 0.417187 0.816667 0.017835 0.025128
0 0.527344 0.829167 0.036334 0.040359
0 0.513281 0.85 0.026548 0.040418
0 0.719531 0.859375 0.030627 0.04764
0 0.796094 0.866667 0.021496 0.034476
0 0.675 0.864583 0.018976 0.027221
0 0.175 0.884375 0.018096 0.024127
0 0.49375 0.890625 0.020154 0.028445
0 0.836719 0.897917 0.025414 0.033885
0 0.353125 0.898958 0.01892 0.026267
0 0.470313 0.901042 0.019574 0.023676
0 0.252344 0.908333 0.018827 0.023629
0 0.577344 0.921875 0.019972 0.028419
0 0.669531 0.930208 0.023026 0.028919
0 0.789844 0.929167 0.019035 0.026241
0 0.620313 0.942708 0.02946 0.03532
0 0.542969 0.945833 0.017337 0.025026
0 0.552344 0.944792 0.018096 0.024127
0 0.94375 0.955208 0.022438 0.032662
0 0.821875 0.960417 0.02077 0.027051
0 0.299219 0.975 0.016722 0.027086