0 0.974219 0.0625 0.019925 0.025905
0 0.713281 0.075 0.025639 0.031693
0 0.534375 0.140625 0.025695 0.03914
0 0.939844 0.20625 0.02867 0.035498
0 0.895312 0.272917 0.024291 0.029293
0 0.834375 0.308333 0.039481 0.047239
0 0.780469 0.302083 0.027624 0.03239
0 0.041406 0.370833 0.018939 0.024442
0 0.459375 0.417708 0.03241 0.039479
0 0.7125 0.4125 0.022945 0.029561
0 0.738281 0.44375 0.029014 0.040468
0 0.1125 0.459375 0.024238 0.039798
0 0.5125 0.458333 0.01802 0.023067
0 0.084375 0.513542 0.02487 0.038844
0 0.016406 0.585417 0.026742 0.033612
0 0.496094 0.589583 0.030632 0.031709
0 0.69375 0.880208 0.025423 0.033664
0 0.10625 0.983333 0.025826 0.029329