0 0.094531 0.046875 0.025982 0.033258
0 0.221094 0.071875 0.019925 0.025905
0 0.91875 0.083333 0.02464 0.031651
0 0.885156 0.092708 0.022138 0.032503
0 0.83125 0.096875 0.019332 0.028307
0 0.628125 0.128125 0.018008 0.02309
0 0.510156 0.171875 0.019543 0.023126
0 0.775 0.176042 0.018876 0.02557
0 0.546094 0.182292 0.019574 0.023676
0 0.139844 0.190625 0.019633 0.024542
0 0.734375 0.194792 0.019119 0.025492
0 0.144531 0.196875 0.019733 0.025046
0 0.051562 0.213542 0.018096 0.024127
0 0.894531 0.245833 0.029163 0.034283
0 0.413281 0.245833 0.019925 0.025905
0 0.754687 0.244792 0.018773 0.023107
0 0.032813 0.258333 0.018442 0.024589
0 0.477344 0.265625 0.019925 0.025905
0 0.596094 0.280208 0.020147 0.028452
0 0.814844 0.310417 0.020416 0.025301
0 0.514062 0.313542 0.019374 0.029294
0 0.413281 0.340625 0.01882 0.024173
0 0.421094 0.346875 0.019543 0.023126
0 0.604688 0.375 0.020572 0.026624
0 0.432812 0.392708 0.021313 0.028417
0 0.825781 0.394792 0.023847 0.0333
0 0.572656 0.411458 0.026134 0.030828
0 0.239063 0.442708 0.01998 0.028483
0 0.39375 0.497917 0.025825 0.026682
0 0.654687 0.5125 0.02514 0.034522
0 0.275 0.563542 0.02101 0.028935
0 0.671094 0.570833 0.020627 0.027503
0 0.391406 0.572917 0.019909 0.025929
0 0.86875 0.576042 0.017363 0.030211
0 0.089063 0.627083 0.018756 0.022285
0 0.666406 0.628125 0.01902 0.024748
0 0.411719 0.655208 0.019638 0.024534
0 0.509375 0.660417 0.018008 0.02309
0 0.835156 0.677083 0.02018 0.026907
0 0.5625 0.733333 0.018756 0.022285
0 0.260156 0.788542 0.020441 0.025129
0 0.364844 0.796875 0.019542 0.02313
0 0.521094 0.815625 0.020371 0.024457
0 0.157031 0.859375 0.019178 0.025168
0 0.197656 0.878125 0.019633 0.024542
0 0.345313 0.889583 0.018769 0.023116
0 0.114062 0.920833 0.021333 0.026872
0 0.105469 0.964583 0.019574 0.023676