0 0.959375 0.028125 0.018342 0.027161
0 0.813281 0.0375 0.020769 0.031387
0 0.154688 0.042708 0.020313 0.023958
0 0.251563 0.046875 0.018561 0.025359
0 0.171875 0.052083 0.018008 0.02309
0 0.184375 0.055208 0.018939 0.024442
0 0.021094 0.067708 0.018827 0.023629
0 0.852344 0.070833 0.020046 0.026244
0 0.089844 0.08125 0.020314 0.022296
0 0.028125 0.084375 0.016702 0.023976
0 0.852344 0.088542 0.02197 0.025832
0 0.319531 0.10625 0.020046 0.026244
0 0.408594 0.108333 0.02018 0.026907
0 0.653125 0.108333 0.018756 0.022285
0 0.509375 0.113542 0.018331 0.025253
0 0.696094 0.115625 0.019627 0.024405
0 0.542188 0.123958 0.022726 0.025872
0 0.427344 0.129167 0.0184 0.026183
0 0.521094 0.134375 0.022828 0.027821
0 0.642188 0.135417 0.018324 0.026151
0 0.6875 0.151042 0.018367 0.028175
0 0.382812 0.151042 0.020377 0.02459
0 0.075 0.155208 0.024079 0.030374
0 0.16875 0.159375 0.019332 0.028307
0 0.260937 0.157292 0.018939 0.024442
0 0.335156 0.165625 0.018161 0.023679
0 0.117188 0.177083 0.019918 0.030369
0 0.199219 0.185417 0.022758 0.026784
0 0.844531 0.194792 0.018367 0.028175
0 0.482812 0.203125 0.018442 0.024589
0 0.04375 0.226042 0.021333 0.026872
0 0.298438 0.230208 0.018888 0.028239
0 0.736719 0.239583 0.02278 0.034774
0 0.520312 0.238542 0.020697 0.026524
0 0.729688 0.244792 0.018374 0.028171
0 0.76875 0.253125 0.019543 0.023126
0 0.589844 0.257292 0.019925 0.028323
0 0.685156 0.275 0.018052 0.026078
0 0.196875 0.278125 0.018096 0.024127
0 0.511719 0.282292 0.017317 0.024011
0 0.669531 0.292708 0.019445 0.029302
0 0.142187 0.3125 0.02099 0.030596
0 0.24375 0.317708 0.018805 0.027121
0 0.945312 0.326042 0.017438 0.024063
0 0.042969 0.33125 0.022758 0.026784
0 0.06875 0.334375 0.020364 0.024472
0 0.441406 0.353125 0.022726 0.025872
0 0.108594 0.379167 0.022858 0.027444
0 0.698438 0.380208 0.018096 0.024127
0 0.103906 0.397917 0.0201 0.026364
0 0.310156 0.4 0.020231 0.026656
0 0.891406 0.4 0.021323 0.026425
0 0.885156 0.402083 0.018784 0.026311
0 0.414844 0.410417 0.019035 0.026241
0 0.471094 0.434375 0.019792 0.025321
0 0.324219 0.438542 0.019733 0.025046
0 0.18125 0.44375 0.021887 0.025097
0 0.421875 0.454167 0.022217 0.02811
0 0.292969 0.453125 0.018442 0.024589
0 0.804688 0.45625 0.021198 0.026257
0 0.258594 0.46875 0.020509 0.025821
0 0.164844 0.473958 0.019925 0.025905
0 0.434375 0.485417 0.0226 0.034743
0 0.705469 0.485417 0.023521 0.026804
0 0.819531 0.488542 0.020371 0.024457
0 0.521875 0.501042 0.019558 0.02407
0 0.703125 0.509375 0.018939 0.024442
0 0.132031 0.528125 0.017658 0.024165
0 0.35 0.529167 0.025017 0.025188
0 0.672656 0.529167 0.019531 0.027421
0 0.840625 0.528125 0.018827 0.023629
0 0.395313 0.530208 0.018939 0.024442
0 0.716406 0.532292 0.01882 0.024173
0 0.957031 0.535417 0.019543 0.023126
0 0.928906 0.536458 0.017317 0.024011
0 0.520312 0.542708 0.019178 0.025168
0 0.723437 0.548958 0.021362 0.02664
0 0.467187 0.55625 0.021887 0.025097
0 0.141406 0.560417 0.020521 0.026513
0 0.076563 0.563542 0.01902 0.024748
0 0.947656 0.592708 0.017757 0.026099
0 0.340625 0.60625 0.021701 0.028014
0 0.213281 0.6125 0.019992 0.026974
0 0.377344 0.6125 0.019365 0.027345
0 0.624219 0.628125 0.019476 0.030306
0 0.770312 0.644792 0.018096 0.024127
0 0.58125 0.646875 0.021878 0.023149
0 0.322656 0.65625 0.019832 0.026443
0 0.515625 0.6625 0.020045 0.029423
0 0.321875 0.663542 0.019633 0.024542
0 0.229687 0.666667 0.017721 0.025103
0 0.857812 0.669792 0.023558 0.029478
0 0.536719 0.669792 0.019531 0.027421
0 0.5125 0.672917 0.020416 0.025301
0 0.729688 0.672917 0.018406 0.026178
0 0.351562 0.680208 0.018342 0.027161
0 0.484375 0.688542 0.019457 0.033374
0 0.396094 0.704167 0.020422 0.025409
0 0.36875 0.726042 0.019633 0.024542
0 0.557813 0.751042 0.02203 0.026707
0 0.478125 0.764583 0.021242 0.026567
0 0.60625 0.76875 0.021239 0.025868
0 0.157812 0.777083 0.019534 0.022292
0 0.177344 0.779167 0.022067 0.026726
0 0.142969 0.790625 0.017337 0.025026
0 0.545312 0.791667 0.021333 0.026872
0 0.139844 0.796875 0.017317 0.024011
0 0.742188 0.811458 0.018846 0.027254
0 0.196875 0.816667 0.017757 0.026099
0 0.921875 0.815625 0.018442 0.024589
0 0.507812 0.820833 0.018406 0.026178
0 0.374219 0.822917 0.018991 0.026389
0 0.50625 0.832292 0.018096 0.024127
0 0.221875 0.8375 0.021333 0.026872
0 0.332813 0.839583 0.020566 0.026042
0 0.391406 0.855208 0.020147 0.028452
0 0.983594 0.855208 0.017317 0.024011
0 0.15 0.860417 0.018396 0.030233
0 0.563281 0.866667 0.022051 0.026939
0 0.697656 0.866667 0.019195 0.026357
0 0.495312 0.86875 0.018846 0.027254
0 0.820312 0.888542 0.018846 0.027254
0 0.475781 0.89375 0.019733 0.025046
0 0.25625 0.895833 0.018784 0.026311
0 0.186719 0.938542 0.019543 0.023126
0 0.790625 0.938542 0.017982 0.022269
0 0.896875 0.948958 0.027459 0.030125
0 0.827344 0.953125 0.02018 0.026907
0 0.644531 0.958333 0.020627 0.027503
0 0.721094 0.959375 0.021098 0.023144
0 0.145313 0.967708 0.018404 0.031268
0 0.852344 0.963542 0.018442 0.024589
0 0.871875 0.965625 0.018161 0.023679
0 0.260156 0.969792 0.020566 0.026042
0 0.032031 0.975 0.016714 0.025008
0 0.438281 0.973958 0.019733 0.025046
0 0.403906 0.99035 0.017757 0.019299