0 0.496875 0.017667 0.025784 0.035333
0 0.385156 0.017819 0.026391 0.035638
0 0.230469 0.029167 0.024447 0.033091
0 0.329688 0.03125 0.027755 0.032382
0 0.626563 0.027083 0.020313 0.025
0 0.921875 0.048958 0.02992 0.045642
0 0.652344 0.040625 0.01971 0.025332
0 0.796875 0.048958 0.018442 0.024589
0 0.932031 0.080208 0.020666 0.028723
0 0.95 0.082292 0.019178 0.025168
0 0.440625 0.111458 0.031269 0.031406
0 0.792969 0.110417 0.020046 0.026244
0 0.917188 0.122917 0.026646 0.029795
0 0.899219 0.123958 0.023607 0.028741
0 0.223438 0.152083 0.018939 0.024442
0 0.544531 0.157292 0.025289 0.031093
0 0.775781 0.1625 0.025589 0.035797
0 0.635156 0.164583 0.024835 0.031146
0 0.971875 0.170833 0.027699 0.032763
0 0.54375 0.179167 0.021946 0.026299
0 0.426563 0.2 0.025611 0.031936
0 0.489844 0.205208 0.023867 0.032182
0 0.042188 0.220833 0.02479 0.031527
0 0.7125 0.222917 0.029113 0.034806
0 0.31875 0.236458 0.021122 0.026093
0 0.645312 0.2375 0.021314 0.02663
0 0.761719 0.257292 0.032855 0.038591
0 0.710938 0.261458 0.024835 0.031146
0 0.926562 0.263542 0.021658 0.029319
0 0.344531 0.271875 0.02674 0.030964
0 0.335156 0.286458 0.024886 0.03407
0 0.4875 0.290625 0.01902 0.024748
0 0.791406 0.328125 0.023103 0.02886
0 0.819531 0.344792 0.028222 0.03504
0 0.989062 0.345833 0.019119 0.025492
0 0.477344 0.371875 0.025574 0.035632
0 0.355469 0.375 0.020341 0.025073
0 0.296094 0.390625 0.023476 0.030208
0 0.270313 0.395833 0.019429 0.026567
0 0.191406 0.411458 0.026195 0.032242
0 0.563281 0.415625 0.023666 0.033336
0 0.550781 0.4125 0.018756 0.022285
0 0.308594 0.435417 0.019446 0.026546
0 0.366406 0.448958 0.029481 0.042192
0 0.290625 0.448958 0.018442 0.024589
0 0.300781 0.483333 0.023867 0.032182
0 0.860938 0.490625 0.022717 0.033827
0 0.077344 0.501042 0.01971 0.025332
0 0.25 0.507292 0.02101 0.028935
0 0.897656 0.509375 0.018939 0.024442
0 0.51875 0.515625 0.018124 0.023544
0 0.572656 0.523958 0.023906 0.033448
0 0.572656 0.54375 0.029307 0.034742
0 0.282031 0.540625 0.017317 0.024011
0 0.376563 0.548958 0.027142 0.034874
0 0.396094 0.555208 0.020627 0.027503
0 0.320312 0.561458 0.018442 0.024589
0 0.919531 0.561458 0.019792 0.025321
0 0.90625 0.570833 0.028474 0.035767
0 0.767188 0.578125 0.042422 0.03913
0 0.282813 0.585417 0.026157 0.036188
0 0.830469 0.610417 0.020627 0.027503
0 0.425781 0.616667 0.025378 0.030888
0 0.476562 0.63125 0.036474 0.052511
0 0.364844 0.635417 0.019868 0.025663
0 0.366406 0.664583 0.031978 0.043982
0 0.019531 0.657292 0.024383 0.028296
0 0.838281 0.665625 0.026763 0.037361
0 0.760156 0.689583 0.0201 0.026364
0 0.090625 0.708333 0.047069 0.042182
0 0.339844 0.703125 0.017317 0.024011
0 0.976562 0.707292 0.022619 0.031242
0 0.65 0.7125 0.027639 0.034712
0 0.758594 0.726042 0.025545 0.045056
0 0.821094 0.717708 0.019693 0.028264
0 0.507812 0.71875 0.020789 0.026845
0 0.353125 0.73125 0.021946 0.026299
0 0.553906 0.734375 0.024608 0.032281
0 0.261719 0.739583 0.019429 0.026567
0 0.348438 0.742708 0.018096 0.024127
0 0.513281 0.761458 0.047132 0.058313
0 0.321094 0.748958 0.019627 0.024405
0 0.300781 0.772917 0.026593 0.033416
0 0.485156 0.769792 0.019768 0.025593
0 0.847656 0.778125 0.025081 0.035435
0 0.605469 0.780208 0.026221 0.032529
0 0.985938 0.779167 0.021542 0.027554
0 0.345313 0.792708 0.026585 0.037539
0 0.389062 0.811458 0.01902 0.024748
0 0.704688 0.819792 0.018827 0.023629
0 0.709375 0.821875 0.017658 0.024165
0 0.802344 0.834375 0.023192 0.02956
0 0.820312 0.859375 0.017301 0.024027
0 0.775781 0.88125 0.021761 0.031624
0 0.942969 0.889583 0.020058 0.027568
0 0.78125 0.95 0.017721 0.025103
0 0.55 0.977083 0.024652 0.030465