0 0.051562 0.00891 0.020319 0.017819
0 0.063281 0.010417 0.020313 0.020833
0 0.045312 0.04375 0.048753 0.08141
0 0.253906 0.140625 0.051704 0.045423
0 0.725 0.161458 0.021816 0.032581
0 0.951562 0.177083 0.021049 0.031547
0 0.313281 0.216667 0.025982 0.041199
0 0.84375 0.226042 0.022325 0.028159
0 0.19375 0.233333 0.029747 0.031622
0 0.671094 0.278125 0.025781 0.032981
0 0.467187 0.295833 0.018304 0.026169
0 0.789062 0.294792 0.018939 0.024442
0 0.196875 0.335417 0.020579 0.030481
0 0.816406 0.340625 0.024332 0.034042
0 0.54375 0.358333 0.022536 0.0407
0 0.078125 0.382292 0.021239 0.025868
0 0.497656 0.448958 0.02559 0.036981
0 0.432031 0.513542 0.023718 0.029015
0 0.059375 0.573958 0.025751 0.04504
0 0.810937 0.567708 0.024436 0.029089
0 0.542188 0.607292 0.022828 0.027821
0 0.555469 0.61875 0.01875 0.023958
0 0.530469 0.623958 0.02217 0.033498
0 0.84375 0.655208 0.021563 0.029929
0 0.383594 0.66875 0.020566 0.027421
0 0.835938 0.69375 0.020506 0.033376
0 0.742188 0.707292 0.023668 0.036768
0 0.533594 0.709375 0.025474 0.037404
0 0.390625 0.729167 0.029803 0.036166
0 0.291406 0.727083 0.018999 0.02628
0 0.720313 0.728125 0.021145 0.028907
0 0.542188 0.739583 0.022828 0.030437
0 0.885156 0.771875 0.02752 0.030504
0 0.507031 0.826042 0.023345 0.03313
0 0.385937 0.838542 0.026705 0.030084
0 0.907813 0.842708 0.025531 0.032443
0 0.304688 0.890625 0.018048 0.02325
0 0.364844 0.94375 0.01875 0.023958