0 0.807813 0.012432 0.023863 0.024863
0 0.630469 0.009778 0.022675 0.019555
0 0.739062 0.017273 0.026575 0.034545
0 0.93125 0.019792 0.025162 0.034253
0 0.410156 0.021875 0.020566 0.026042
0 0.774219 0.023958 0.023958 0.029808
0 0.910156 0.028125 0.021648 0.029332
0 0.26875 0.033333 0.025574 0.035632
0 0.298438 0.035417 0.024476 0.034441
0 0.857812 0.038542 0.021885 0.028544
0 0.1 0.040625 0.021333 0.026872
0 0.407813 0.039583 0.021479 0.027243
0 0.701562 0.04375 0.023287 0.034879
0 0.5625 0.052083 0.028333 0.042694
0 0.892969 0.053125 0.022346 0.029794
0 0.146875 0.060417 0.021508 0.03051
0 0.196875 0.067708 0.032909 0.045845
0 0.153125 0.06875 0.022656 0.031302
0 0.260156 0.069792 0.022756 0.02825
0 0.928906 0.075 0.023055 0.030355
0 0.729688 0.080208 0.02486 0.031
0 0.122656 0.084375 0.021228 0.032366
0 0.560937 0.085417 0.024436 0.029089
0 0.798438 0.088542 0.024565 0.029737
0 0.763281 0.096875 0.036132 0.041059
0 0.966406 0.091667 0.020697 0.026524
0 0.329688 0.1 0.032694 0.037423
0 0.301563 0.102083 0.025011 0.035065
0 0.35 0.101042 0.028531 0.033849
0 0.682813 0.101042 0.018096 0.024127
0 0.821875 0.102083 0.021112 0.025088
0 0.066406 0.105208 0.018442 0.024589
0 0.819531 0.119792 0.023063 0.030344
0 0.539062 0.128125 0.029878 0.045044
0 0.165625 0.122917 0.019592 0.025156
0 0.775 0.123958 0.01882 0.024173
0 0.975781 0.136458 0.024975 0.031796
0 0.802344 0.135417 0.020627 0.027503
0 0.096875 0.147917 0.019683 0.026728
0 0.813281 0.159375 0.030532 0.037168
0 0.992013 0.158333 0.015973 0.026546
0 0.325 0.1625 0.022918 0.028188
0 0.770312 0.167708 0.022254 0.031093
0 0.376563 0.172917 0.03218 0.036869
0 0.014844 0.170833 0.022376 0.031057
0 0.935156 0.171875 0.01998 0.028483
0 0.98841 0.18125 0.02318 0.031808
0 0.863281 0.1875 0.024038 0.035041
0 0.657031 0.191667 0.024886 0.03407
0 0.564844 0.196875 0.028987 0.042014
0 0.332813 0.198958 0.024224 0.033196
0 0.24375 0.20625 0.032688 0.03817
0 0.142969 0.203125 0.019693 0.028264
0 0.296875 0.208333 0.027829 0.038542
0 0.024219 0.205208 0.020661 0.028728
0 0.501563 0.211458 0.022856 0.029993
0 0.195312 0.21875 0.024393 0.038937
0 0.761719 0.21875 0.032459 0.041423
0 0.858594 0.217708 0.026114 0.032925
0 0.525781 0.223958 0.018939 0.024442
0 0.801562 0.228125 0.021038 0.029672
0 0.685156 0.232292 0.019733 0.025046
0 0.697656 0.248958 0.025124 0.02956
0 0.869531 0.253125 0.023259 0.032779
0 0.226562 0.270833 0.025149 0.032864
0 0.308594 0.272917 0.028395 0.03899
0 0.336719 0.275 0.023821 0.030088
0 0.146094 0.277083 0.022861 0.027439
0 0.505469 0.282292 0.025018 0.030234
0 0.620313 0.285417 0.029385 0.033876
0 0.758594 0.286458 0.018442 0.024589
0 0.2375 0.297917 0.025906 0.030705
0 0.484375 0.294792 0.021128 0.024499
0 0.680469 0.303125 0.026613 0.03321
0 0.563281 0.304167 0.02018 0.026907
0 0.827344 0.305208 0.021885 0.028544
0 0.471875 0.30625 0.021479 0.027243
0 0.7875 0.317708 0.0268 0.041781
0 0.510938 0.314583 0.026273 0.033081
0 0.216406 0.325 0.025594 0.03579
0 0.244531 0.320833 0.02077 0.027051
0 0.546875 0.33125 0.021116 0.030243
0 0.316406 0.332292 0.025806 0.027353
0 0.778906 0.342708 0.025197 0.04278
0 0.229687 0.347917 0.03475 0.041291
0 0.757031 0.34375 0.022858 0.027444
0 0.253125 0.344792 0.020509 0.025821
0 0.388281 0.35 0.022374 0.031728
0 0.516406 0.348958 0.023878 0.029636
0 0.560937 0.353125 0.018785 0.024068
0 0.785937 0.358333 0.019909 0.025929
0 0.246875 0.3625 0.023244 0.031704
0 0.539844 0.367708 0.025984 0.029621
0 0.317188 0.371875 0.023319 0.031093
0 0.985746 0.376042 0.028508 0.040003
0 0.198437 0.376042 0.021116 0.030583
0 0.692969 0.382292 0.020456 0.028611
0 0.144531 0.389583 0.024316 0.038943
0 0.817187 0.386458 0.024496 0.029918
0 0.885156 0.390625 0.023103 0.02886
0 0.607812 0.39375 0.020706 0.03042
0 0.161719 0.395833 0.023707 0.029853
0 0.430469 0.396875 0.019574 0.023676
0 0.507812 0.401042 0.02365 0.028234
0 0.125781 0.40625 0.019446 0.026546
0 0.753906 0.413542 0.022563 0.035606
0 0.717187 0.414583 0.02099 0.030596
0 0.816406 0.430208 0.024371 0.03362
0 0.277344 0.429167 0.021131 0.02449
0 0.4625 0.429167 0.021333 0.026872
0 0.796875 0.43125 0.02434 0.033657
0 0.832812 0.434375 0.018096 0.024127
0 0.910937 0.444792 0.036271 0.045388
0 0.464844 0.44375 0.022858 0.027444
0 0.560937 0.447917 0.026317 0.036132
0 0.507812 0.451042 0.027829 0.038542
0 0.544531 0.447917 0.02018 0.026907
0 0.69375 0.452083 0.021653 0.030795
0 0.863281 0.453125 0.025552 0.033182
0 0.026562 0.453125 0.021171 0.025078
0 0.621875 0.460417 0.024898 0.035495
0 0.0875 0.458333 0.02389 0.029491
0 0.450781 0.457292 0.023244 0.031704
0 0.117188 0.457292 0.01882 0.024173
0 0.428906 0.464583 0.023293 0.029834
0 0.363281 0.469792 0.024736 0.037004
0 0.577344 0.469792 0.027124 0.039737
0 0.947656 0.475 0.023933 0.036696
0 0.419531 0.475 0.022245 0.028848
0 0.755469 0.483333 0.021896 0.030747
0 0.534375 0.486458 0.021172 0.028874
0 0.694531 0.486458 0.021924 0.029232
0 0.363281 0.489583 0.022707 0.026328
0 0.051562 0.497917 0.021112 0.025088
0 0.584375 0.50625 0.030013 0.036347
0 0.749219 0.507292 0.028181 0.039371
0 0.040625 0.50625 0.021279 0.026691
0 0.602344 0.517708 0.030564 0.047844
0 0.914062 0.514583 0.024311 0.030345
0 0.490625 0.520833 0.032405 0.035701
0 0.121094 0.526042 0.020501 0.032435
0 0.357812 0.529167 0.027268 0.033329
0 0.63125 0.529167 0.022254 0.031093
0 0.992357 0.532292 0.015285 0.024542
0 0.028125 0.5375 0.021797 0.031587
0 0.667188 0.535417 0.017757 0.026099
0 0.215625 0.5375 0.018867 0.026122
0 0.172656 0.546875 0.02101 0.028935
0 0.425 0.557292 0.023906 0.033448
0 0.941406 0.555208 0.019909 0.025929
0 0.783594 0.558333 0.019832 0.026443
0 0.227344 0.5625 0.020604 0.028373
0 0.307031 0.560417 0.019613 0.024433
0 0.845313 0.572917 0.021575 0.028766
0 0.025781 0.572917 0.020046 0.026244
0 0.864844 0.576042 0.021582 0.032612
0 0.589844 0.584375 0.019633 0.024542
0 0.896094 0.591667 0.019792 0.025321
0 0.701562 0.597917 0.022254 0.031093
0 0.45625 0.608333 0.02859 0.033229
0 0.115625 0.609375 0.021924 0.029232
0 0.253906 0.616667 0.019832 0.026443
0 0.614062 0.61875 0.023752 0.029281
0 0.983594 0.630208 0.027256 0.037017
0 0.103125 0.626042 0.018442 0.024589
0 0.786719 0.629167 0.025335 0.030579
0 0.528906 0.636458 0.028036 0.034076
0 0.864844 0.632292 0.019633 0.024542
0 0.409375 0.634375 0.022104 0.027189
0 0.730469 0.636458 0.026688 0.028933
0 0.366406 0.640625 0.019574 0.023676
0 0.202344 0.645833 0.022742 0.03104
0 0.928125 0.644792 0.018785 0.024068
0 0.240625 0.648958 0.01875 0.022917
0 0.439063 0.65 0.022152 0.027355
0 0.215625 0.658333 0.02752 0.030504
0 0.173437 0.659375 0.020377 0.02459
0 0.558594 0.661458 0.021546 0.027548
0 0.804688 0.669792 0.02456 0.029745
0 0.310937 0.690625 0.02336 0.033114
0 0.882812 0.692708 0.030943 0.037713
0 0.661719 0.691667 0.022479 0.030881
0 0.38125 0.69375 0.021242 0.026567
0 0.588281 0.69375 0.024307 0.027625
0 0.925781 0.697917 0.023438 0.03125
0 0.810937 0.696875 0.023863 0.029661
0 0.18125 0.698958 0.02123 0.025887
0 0.3875 0.70625 0.024784 0.031536
0 0.650781 0.707292 0.022758 0.028319
0 0.058594 0.708333 0.021636 0.02966
0 0.908594 0.70625 0.02317 0.029214
0 0.704688 0.709375 0.021924 0.029232
0 0.233594 0.709375 0.019119 0.025492
0 0.535156 0.7125 0.019768 0.025593
0 0.492188 0.717708 0.027256 0.037017
0 0.672656 0.713542 0.019792 0.025321
0 0.145313 0.714583 0.021242 0.026567
0 0.553906 0.720833 0.02583 0.032635
0 0.888281 0.720833 0.018784 0.026311
0 0.067969 0.722917 0.020521 0.026513
0 0.084375 0.728125 0.021924 0.029232
0 0.521875 0.73125 0.035948 0.032446
0 0.538281 0.727083 0.021972 0.025937
0 0.776563 0.727083 0.021333 0.026872
0 0.108594 0.732292 0.022309 0.032747
0 0.905469 0.733333 0.023654 0.029634
0 0.447656 0.734375 0.021636 0.02966
0 0.029687 0.739583 0.022768 0.026762
0 0.545312 0.744792 0.026136 0.034848
0 0.413281 0.744792 0.02369 0.029063
0 0.664062 0.742708 0.019633 0.024542
0 0.780469 0.759375 0.023319 0.029672
0 0.302344 0.792708 0.023097 0.028871
0 0.100781 0.796875 0.019543 0.023126
0 0.947656 0.80625 0.025219 0.029986
0 0.354687 0.808333 0.026421 0.03234
0 0.769531 0.810417 0.021161 0.025349
0 0.3875 0.813542 0.021393 0.027703
0 0.417187 0.814583 0.021653 0.030795
0 0.028906 0.819792 0.025716 0.033513
0 0.735938 0.822917 0.019195 0.026357
0 0.042969 0.825 0.02018 0.026907
0 0.338281 0.823958 0.022726 0.025872
0 0.939063 0.828125 0.018827 0.023629
0 0.535937 0.840625 0.020777 0.028524
0 0.953125 0.848958 0.021447 0.032454
0 0.320312 0.8625 0.028542 0.045432
0 0.296094 0.861458 0.01998 0.028483
0 0.110156 0.861458 0.019613 0.024433
0 0.409375 0.866667 0.021239 0.025868
0 0.603125 0.86875 0.023931 0.031351
0 0.483594 0.873958 0.023857 0.035077
0 0.701562 0.877083 0.025124 0.02956
0 0.338281 0.884375 0.026361 0.038971
0 0.882812 0.882292 0.019543 0.023126
0 0.414844 0.894792 0.024095 0.033396
0 0.098437 0.895833 0.021546 0.027548
0 0.11875 0.901042 0.021313 0.028417
0 0.859375 0.905208 0.024101 0.03339
0 0.896094 0.904167 0.019768 0.025593
0 0.130469 0.915625 0.023592 0.027504
0 0.94375 0.915625 0.021333 0.026872
0 0.025781 0.917708 0.020392 0.025346
0 0.055469 0.919792 0.023511 0.028281
0 0.852344 0.925 0.021116 0.030583
0 0.488281 0.927083 0.028408 0.031772
0 0.764062 0.9375 0.028922 0.037014
0 0.546875 0.95 0.0236 0.031896
0 0.205469 0.948958 0.019633 0.024542
0 0.882031 0.963542 0.021267 0.029091
0 0.826562 0.966667 0.023908 0.03091
0 0.489063 0.971875 0.021563 0.029929
0 0.921875 0.969792 0.02032 0.023137
0 0.392969 0.977083 0.033759 0.03478
0 0.83125 0.980208 0.022143 0.027371
0 0.532813 0.988424 0.021542 0.023152