0 0.611719 0.008388 0.02032 0.016777
0 0.395313 0.03125 0.02123 0.025887
0 0.435156 0.030208 0.019733 0.025046
0 0.416406 0.057292 0.019543 0.023126
0 0.421875 0.0625 0.017757 0.026099
0 0.296875 0.082292 0.018939 0.024442
0 0.560156 0.0875 0.026038 0.037543
0 0.107813 0.1 0.018756 0.022285
0 0.154688 0.130208 0.017759 0.024215
0 0.746875 0.132292 0.017757 0.026099
0 0.563281 0.140625 0.018396 0.030233
0 0.949219 0.152083 0.021333 0.026872
0 0.379688 0.165625 0.022988 0.038608
0 0.682813 0.16875 0.018324 0.026151
0 0.783594 0.167708 0.018846 0.02378
0 0.096094 0.186458 0.017438 0.024063
0 0.244531 0.20625 0.019762 0.0313
0 0.703125 0.20625 0.018406 0.026178
0 0.686719 0.213542 0.022166 0.031451
0 0.170313 0.213542 0.01882 0.024173
0 0.796875 0.220833 0.01875 0.022917
0 0.236719 0.2375 0.019195 0.026357
0 0.536719 0.257292 0.019633 0.024542
0 0.134375 0.260417 0.020313 0.022917
0 0.235156 0.275 0.020319 0.023139
0 0.367969 0.28125 0.017348 0.026056
0 0.105469 0.295833 0.017982 0.022269
0 0.501563 0.301042 0.019543 0.023126
0 0.046875 0.315625 0.019012 0.028214
0 0.365625 0.317708 0.021878 0.023148
0 0.325 0.348958 0.018442 0.024589
0 0.634375 0.35 0.018008 0.02309
0 0.119531 0.3625 0.016702 0.023976
0 0.632812 0.385417 0.017721 0.025103
0 0.585156 0.395833 0.019065 0.031282
0 0.56875 0.420833 0.01733 0.02503
0 0.447656 0.43125 0.020092 0.030397
0 0.366406 0.446875 0.017337 0.025026
0 0.063281 0.470833 0.02503 0.025943
0 0.052344 0.471875 0.019768 0.025593
0 0.054688 0.485417 0.018867 0.026122
0 0.835156 0.49375 0.023453 0.029206
0 0.567969 0.495833 0.019925 0.025905
0 0.755469 0.496875 0.018466 0.028182
0 0.817969 0.508333 0.031295 0.032649
0 0.854688 0.509375 0.017317 0.024011
0 0.210938 0.511458 0.018939 0.024442
0 0.658594 0.51875 0.025139 0.029015
0 0.45 0.542708 0.018442 0.024589
0 0.753906 0.544792 0.016714 0.025008
0 0.017969 0.584375 0.019453 0.029296
0 0.883594 0.589583 0.018153 0.026097
0 0.371875 0.59375 0.025022 0.026377
0 0.334375 0.613542 0.018096 0.024127
0 0.765625 0.615625 0.017759 0.024215
0 0.401562 0.628125 0.02197 0.025832
0 0.940625 0.646875 0.018096 0.024127
0 0.453125 0.654167 0.018827 0.023629
0 0.145313 0.697917 0.017982 0.022269
0 0.525781 0.730208 0.017721 0.025103
0 0.3 0.732292 0.021901 0.024512
0 0.857031 0.740625 0.019992 0.026974
0 0.624219 0.775 0.019968 0.027429
0 0.414844 0.796875 0.019925 0.028323
0 0.824219 0.826042 0.017317 0.024011
0 0.819531 0.832292 0.017835 0.025128
0 0.766406 0.846875 0.018773 0.023107
0 0.596875 0.871875 0.018331 0.025253
0 0.598437 0.880208 0.01813 0.025093
0 0.507812 0.913542 0.018071 0.0271
0 0.423438 0.989037 0.017721 0.021926