0 0.642188 0.030208 0.021901 0.024512
0 0.659375 0.065625 0.021648 0.029332
0 0.438281 0.085417 0.020046 0.026244
0 0.552344 0.089583 0.019531 0.026042
0 0.55625 0.098958 0.018939 0.024442
0 0.660156 0.101042 0.019574 0.023676
0 0.829688 0.182292 0.019401 0.028319
0 0.149219 0.207292 0.023103 0.02886
0 0.224219 0.2625 0.019365 0.027345
0 0.557813 0.476042 0.02018 0.026907
0 0.942969 0.498958 0.017317 0.024011
0 0.200781 0.504167 0.019683 0.026728
0 0.171875 0.514583 0.018331 0.025253
0 0.190625 0.520833 0.017721 0.025103
0 0.9875 0.523958 0.018939 0.024442
0 0.342969 0.544792 0.025131 0.037069
0 0.064844 0.553125 0.02559 0.036981
0 0.960938 0.561458 0.018876 0.02557
0 0.66875 0.623958 0.021161 0.025349
0 0.571094 0.640625 0.017317 0.024011
0 0.2625 0.657292 0.018939 0.024442
0 0.972656 0.659375 0.023298 0.029827
0 0.784375 0.66875 0.018769 0.023116
0 0.542188 0.735417 0.021239 0.025868
0 0.2 0.74375 0.021198 0.026257
0 0.130469 0.753125 0.025081 0.027379
0 0.435937 0.7625 0.020314 0.022296
0 0.588281 0.798958 0.01882 0.024173
0 0.271875 0.840625 0.025107 0.032372
0 0.032813 0.85 0.021546 0.027548
0 0.598437 0.8625 0.018769 0.023116
0 0.254688 0.872917 0.019012 0.028214
0 0.521875 0.872917 0.019429 0.026567
0 0.249219 0.878125 0.019792 0.025321
0 0.685937 0.915625 0.025095 0.028633
0 0.077344 0.940625 0.017359 0.02813
0 0.11875 0.9625 0.018769 0.023116
0 0.079687 0.977083 0.022152 0.027355
0 0.183594 0.986907 0.023093 0.026186