0 0.771094 0.13125 0.019574 0.023676
0 0.175 0.14375 0.01875 0.022917
0 0.559375 0.145833 0.021161 0.025349
0 0.529687 0.196875 0.01902 0.024748
0 0.879687 0.241667 0.018817 0.02711
0 0.642969 0.253125 0.021188 0.031523
0 0.629687 0.292708 0.019427 0.031319
0 0.847656 0.302083 0.025033 0.028345
0 0.084375 0.326042 0.018384 0.029201
0 0.514062 0.333333 0.020441 0.025129
0 0.428906 0.358333 0.022768 0.026762
0 0.521094 0.3625 0.016724 0.028126
0 0.753125 0.394792 0.018096 0.024127
0 0.553125 0.408333 0.017757 0.026099
0 0.097656 0.410417 0.020339 0.023705
0 0.398438 0.432292 0.018876 0.02557
0 0.913281 0.444792 0.020204 0.029401
0 0.660937 0.465625 0.022808 0.029452
0 0.475 0.496875 0.018442 0.024589
0 0.376563 0.510417 0.017982 0.022269
0 0.373437 0.519792 0.017778 0.027118
0 0.514062 0.55 0.017757 0.026099
0 0.477344 0.561458 0.019531 0.022917
0 0.632812 0.56875 0.0211 0.027734
0 0.664844 0.591667 0.022728 0.025973
0 0.242188 0.608333 0.01813 0.025093
0 0.717969 0.613542 0.023908 0.033445
0 0.729688 0.61875 0.027696 0.037411
0 0.138281 0.629167 0.019446 0.026546
0 0.196875 0.646875 0.01882 0.024173
0 0.499219 0.646875 0.018442 0.024589
0 0.457031 0.651042 0.019574 0.023676
0 0.288281 0.660417 0.018867 0.026122
0 0.630469 0.6625 0.019832 0.026443
0 0.23125 0.697917 0.019195 0.026357
0 0.208594 0.707292 0.019925 0.028323
0 0.55 0.716667 0.021902 0.02619
0 0.421875 0.733333 0.026081 0.030374
0 0.598437 0.772917 0.02123 0.025887
0 0.828125 0.807292 0.02079 0.0324
0 0.2125 0.819792 0.020371 0.024457
0 0.038281 0.917708 0.019627 0.024405
0 0.472656 0.947917 0.0184 0.026183
0 0.43125 0.955208 0.016702 0.023976
0 0.290625 0.985417 0.018784 0.026311