0 0.634375 0.013209 0.026698 0.026419
0 0.492188 0.019792 0.027481 0.029714
0 0.392969 0.051042 0.028123 0.061566
0 0.523438 0.047917 0.024425 0.030612
0 0.233594 0.065625 0.042198 0.047778
0 0.553125 0.063542 0.019627 0.024405
0 0.435937 0.069792 0.025513 0.033411
0 0.651563 0.069792 0.02667 0.034179
0 0.460938 0.075 0.025642 0.035177
0 0.989433 0.098958 0.021133 0.037256
0 0.56875 0.094792 0.021247 0.027272
0 0.436719 0.115625 0.043583 0.055528
0 0.95 0.1125 0.024736 0.030494
0 0.621875 0.145833 0.054774 0.044076
0 0.36875 0.147917 0.029121 0.031837
0 0.891406 0.176042 0.020432 0.028638
0 0.444531 0.190625 0.02813 0.053339
0 0.414062 0.19375 0.037509 0.047069
0 0.457031 0.238542 0.032005 0.048421
0 0.5375 0.242708 0.03907 0.032454
0 0.428906 0.269792 0.052948 0.05285
0 0.671875 0.280208 0.046113 0.033336
0 0.4875 0.295833 0.041775 0.059158
0 0.514844 0.319792 0.024486 0.050025
0 0.116406 0.329167 0.022908 0.031203
0 0.203125 0.33125 0.025552 0.033182
0 0.597656 0.336458 0.025273 0.030852
0 0.389844 0.340625 0.019762 0.028269
0 0.65 0.359375 0.037519 0.032648
0 0.171094 0.365625 0.018827 0.023629
0 0.573438 0.377083 0.029509 0.035827
0 0.325 0.398958 0.028298 0.053424
0 0.942969 0.388542 0.024228 0.02455
0 0.532813 0.410417 0.027924 0.064622
0 0.834375 0.405208 0.023421 0.033
0 0.585938 0.435417 0.052431 0.039335
0 0.632031 0.438542 0.023951 0.036884
0 0.078125 0.435417 0.018756 0.022285
0 0.059375 0.476042 0.020566 0.026042
0 0.782813 0.538542 0.021658 0.029319
0 0.484375 0.544792 0.019558 0.02407
0 0.165625 0.55625 0.021339 0.026862
0 0.350781 0.579167 0.029537 0.036103
0 0.182031 0.611458 0.023451 0.027139
0 0.389844 0.632292 0.023298 0.029827
0 0.436719 0.683333 0.027239 0.033549
0 0.879687 0.680208 0.019638 0.024534
0 0.78125 0.694792 0.02287 0.032981
0 0.491406 0.701042 0.023597 0.02855
0 0.275 0.701042 0.018939 0.024442
0 0.557031 0.708333 0.019446 0.026546
0 0.467969 0.713542 0.023666 0.033336
0 0.011719 0.723958 0.020432 0.028638
0 0.374219 0.732292 0.02389 0.029491
0 0.814844 0.753125 0.031658 0.040064
0 0.399219 0.754167 0.030391 0.038442
0 0.158594 0.767708 0.019925 0.025905
0 0.926562 0.803125 0.032882 0.032895
0 0.20625 0.809375 0.022756 0.02825
0 0.845313 0.820833 0.021645 0.030804
0 0.539062 0.869792 0.024144 0.033889
0 0.008638 0.896875 0.017276 0.03322
0 0.082812 0.954167 0.034319 0.039039
0 0.132812 0.952083 0.024835 0.031146
0 0.063281 0.961458 0.019693 0.024852
0 0.091406 0.975 0.025938 0.031646
0 0.988281 0.987225 0.017757 0.025549