0 0.244531 0.010733 0.01892 0.021467
0 0.563281 0.020833 0.019429 0.026567
0 0.353125 0.042708 0.022017 0.028277
0 0.177344 0.09375 0.021946 0.026299
0 0.911719 0.098958 0.020432 0.028638
0 0.254688 0.120833 0.030585 0.036812
0 0.3375 0.130208 0.027825 0.041036
0 0.547656 0.154167 0.023906 0.033448
0 0.671875 0.153125 0.023227 0.029506
0 0.908594 0.163542 0.021582 0.032612
0 0.342187 0.190625 0.019543 0.023126
0 0.7 0.197917 0.018331 0.025253
0 0.1625 0.205208 0.018048 0.02325
0 0.167187 0.23125 0.024237 0.029198
0 0.485938 0.23125 0.024309 0.027699
0 0.796875 0.245833 0.018052 0.026078
0 0.785937 0.285417 0.024847 0.031127
0 0.107813 0.305208 0.030014 0.033581
0 0.764844 0.319792 0.024568 0.035303
0 0.450781 0.345833 0.026033 0.042993
0 0.898438 0.357292 0.018442 0.024589
0 0.235156 0.395833 0.019558 0.02407
0 0.097656 0.41875 0.020416 0.025301
0 0.244531 0.430208 0.022883 0.028677
0 0.885938 0.438542 0.019733 0.025046
0 0.85625 0.482292 0.021259 0.029733
0 0.632812 0.510417 0.023475 0.026349
0 0.152344 0.535417 0.024105 0.035971
0 0.183594 0.54375 0.022216 0.034646
0 0.560937 0.564583 0.019119 0.025492
0 0.759375 0.567708 0.021648 0.029332
0 0.855469 0.56875 0.020627 0.027503
0 0.875781 0.575 0.018999 0.02628
0 0.952344 0.588542 0.025548 0.037392
0 0.755469 0.595833 0.019925 0.025905
0 0.491406 0.633333 0.020341 0.025073
0 0.422656 0.658333 0.017757 0.026099
0 0.603906 0.702083 0.02018 0.026907
0 0.651563 0.720833 0.021339 0.026862
0 0.441406 0.726042 0.021902 0.027122
0 0.136719 0.7625 0.024291 0.029293
0 0.675781 0.766667 0.022912 0.031456
0 0.841406 0.778125 0.019972 0.028419
0 0.389844 0.803125 0.020147 0.028452
0 0.835938 0.836458 0.017759 0.024215
0 0.660156 0.852083 0.019446 0.026546
0 0.180469 0.888542 0.020432 0.028638
0 0.065625 0.902083 0.021689 0.030701
0 0.342969 0.90625 0.021339 0.026862
0 0.828906 0.9125 0.019832 0.026443
0 0.99308 0.95 0.013839 0.026169