0 0.2375 0.012717 0.021239 0.025434
0 0.199219 0.030208 0.019633 0.024542
0 0.404687 0.05625 0.017982 0.022269
0 0.659375 0.111458 0.027412 0.028079
0 0.90625 0.109375 0.017438 0.024063
0 0.482031 0.128125 0.020371 0.024457
0 0.082031 0.146875 0.017317 0.024011
0 0.1 0.148958 0.017721 0.025103
0 0.139063 0.166667 0.02486 0.031
0 0.794531 0.184375 0.019638 0.024534
0 0.464844 0.198958 0.017759 0.024215
0 0.304688 0.205208 0.023606 0.032462
0 0.315625 0.210417 0.020147 0.028452
0 0.546094 0.207292 0.019574 0.023676
0 0.16875 0.211458 0.021171 0.025078
0 0.550781 0.213542 0.019733 0.025046
0 0.032031 0.240625 0.01882 0.024173
0 0.0875 0.241667 0.021239 0.025868
0 0.48125 0.242708 0.019638 0.024534
0 0.078125 0.253125 0.020441 0.025129
0 0.944531 0.271875 0.017438 0.024063
0 0.269531 0.285417 0.020456 0.028611
0 0.298438 0.290625 0.018442 0.024589
0 0.060937 0.30625 0.02163 0.034492
0 0.501563 0.309375 0.017759 0.024215
0 0.141406 0.315625 0.02003 0.029373
0 0.203906 0.323958 0.018846 0.02378
0 0.817187 0.323958 0.017759 0.024215
0 0.198437 0.328125 0.018096 0.024127
0 0.546875 0.3375 0.029203 0.032524
0 0.203906 0.339583 0.019909 0.025929
0 0.046875 0.340625 0.01882 0.024173
0 0.428125 0.342708 0.018374 0.028171
0 0.802344 0.340625 0.016714 0.025008
0 0.597656 0.346875 0.018442 0.024589
0 0.964063 0.354167 0.018867 0.026122
0 0.860938 0.371875 0.018442 0.024589
0 0.630469 0.375 0.022758 0.026784
0 0.954688 0.390625 0.018331 0.025253
0 0.460156 0.39375 0.019534 0.022292
0 0.059375 0.398958 0.018442 0.024589
0 0.234375 0.411458 0.021878 0.023148
0 0.510156 0.413542 0.017317 0.024011
0 0.132812 0.432292 0.017353 0.027093
0 0.066406 0.435417 0.019195 0.026357
0 0.697656 0.453125 0.021878 0.023148
0 0.600781 0.469792 0.019693 0.024852
0 0.796875 0.483333 0.019623 0.027154
0 0.409375 0.494792 0.017317 0.024011
0 0.650781 0.503125 0.022658 0.023151
0 0.075781 0.509375 0.017757 0.026099
0 0.035937 0.511458 0.018939 0.024442
0 0.326562 0.513542 0.01802 0.023067
0 0.201563 0.516667 0.018442 0.027169
0 0.025 0.520833 0.018406 0.026178
0 0.694531 0.535417 0.019609 0.026145
0 0.972656 0.540625 0.019574 0.023676
0 0.691406 0.544792 0.023097 0.028871
0 0.196094 0.560417 0.019195 0.026357
0 0.432812 0.573958 0.020313 0.023958
0 0.571094 0.573958 0.019574 0.023676
0 0.677344 0.579167 0.021105 0.034487
0 0.364063 0.615625 0.018096 0.024127
0 0.454688 0.619792 0.019444 0.032344
0 0.542188 0.615625 0.02428 0.026751
0 0.303906 0.63125 0.022346 0.029794
0 0.070312 0.634375 0.022042 0.028455
0 0.5375 0.642708 0.018096 0.024127
0 0.5875 0.642708 0.018096 0.024127
0 0.461719 0.657292 0.017317 0.024011
0 0.770312 0.659375 0.018096 0.024127
0 0.422656 0.664583 0.017348 0.026056
0 0.775781 0.665625 0.018939 0.024442
0 0.813281 0.685417 0.016719 0.026046
0 0.244531 0.686458 0.019627 0.024405
0 0.897656 0.702083 0.019947 0.034431
0 0.509375 0.698958 0.023451 0.024539
0 0.9625 0.708333 0.018639 0.026258
0 0.50625 0.713542 0.018442 0.024589
0 0.860156 0.717708 0.017317 0.024011
0 0.6125 0.720833 0.017982 0.022269
0 0.7375 0.726042 0.01733 0.02503
0 0.695312 0.758333 0.021653 0.030795
0 0.575 0.767708 0.019573 0.024204
0 0.425 0.7875 0.023344 0.031678
0 0.128906 0.7875 0.02018 0.026907
0 0.336719 0.811458 0.017317 0.024011
0 0.141406 0.813542 0.023451 0.024539
0 0.204687 0.815625 0.021267 0.029091
0 0.524219 0.823958 0.020387 0.028188
0 0.267969 0.836458 0.019613 0.024433
0 0.699219 0.844792 0.024237 0.025431
0 0.991592 0.846875 0.016817 0.02309
0 0.060937 0.858333 0.018062 0.026069
0 0.339062 0.89375 0.021701 0.028014
0 0.777344 0.9125 0.019534 0.022292
0 0.84375 0.915625 0.018773 0.023107
0 0.097656 0.926042 0.019633 0.024542
0 0.51875 0.934375 0.027351 0.02546
0 0.742188 0.973958 0.018939 0.024442
0 0.050781 0.976042 0.01733 0.02503
0 0.869531 0.976042 0.019574 0.023676