0 0.085156 0.030208 0.023652 0.033045
0 0.419531 0.072917 0.022707 0.026328
0 0.300781 0.096875 0.042871 0.062678
0 0.657031 0.088542 0.024274 0.028304
0 0.275781 0.094792 0.026593 0.033416
0 0.491406 0.1 0.020583 0.030478
0 0.216406 0.161458 0.025118 0.032496
0 0.257031 0.169792 0.035203 0.046937
0 0.915625 0.182292 0.024229 0.027144
0 0.941406 0.207292 0.01998 0.028483
0 0.588281 0.215625 0.022756 0.02825
0 0.225 0.228125 0.023319 0.029672
0 0.25 0.334375 0.030887 0.034823
0 0.720313 0.346875 0.025873 0.039054
0 0.773438 0.351042 0.028635 0.036202
0 0.341406 0.421875 0.021978 0.027245
0 0.236719 0.427083 0.02018 0.026907
0 0.241406 0.438542 0.019889 0.031364
0 0.532813 0.4625 0.028021 0.035684
0 0.367188 0.478125 0.0362 0.049005
0 0.092188 0.473958 0.024436 0.029089
0 0.464062 0.488542 0.034416 0.041783
0 0.761719 0.497917 0.019992 0.026974
0 0.679688 0.538542 0.041536 0.060045
0 0.071094 0.544792 0.03022 0.038725
0 0.142187 0.546875 0.017358 0.028131
0 0.053125 0.569792 0.021648 0.029332
0 0.426563 0.571875 0.018939 0.024442
0 0.49375 0.578125 0.028303 0.032876
0 0.438281 0.584375 0.020566 0.026042
0 0.367969 0.589583 0.019746 0.030276
0 0.739844 0.601042 0.024588 0.035168
0 0.623437 0.723958 0.057798 0.056585
0 0.018233 0.727083 0.036467 0.057807
0 0.438281 0.716667 0.018809 0.026082
0 0.465625 0.722917 0.018304 0.026169
0 0.449219 0.736458 0.033314 0.047418
0 0.425 0.75 0.029227 0.050109
0 0.489063 0.803125 0.031425 0.032981
0 0.946094 0.796875 0.018096 0.024127
0 0.889844 0.826042 0.029044 0.040293
0 0.457031 0.827083 0.029181 0.032843
0 0.595313 0.870833 0.030784 0.037679
0 0.320312 0.909375 0.030632 0.042283
0 0.589844 0.942708 0.039894 0.062487
0 0.225781 0.942708 0.022856 0.029993
0 0.039062 0.957292 0.022017 0.028277
0 0.195312 0.961458 0.022874 0.032977
0 0.600781 0.972917 0.033685 0.041993
0 0.885156 0.970833 0.02018 0.026907
0 0.757031 0.98843 0.020091 0.02314