0 0.15 0.044792 0.024421 0.029117
0 0.009127 0.048958 0.018255 0.02875
0 0.546094 0.076042 0.024229 0.027144
0 0.357031 0.102083 0.018071 0.0271
0 0.365625 0.109375 0.018846 0.027254
0 0.103906 0.109375 0.017438 0.024063
0 0.189062 0.133333 0.017721 0.025103
0 0.149219 0.135417 0.019909 0.025929
0 0.224219 0.148958 0.019613 0.024433
0 0.183594 0.172917 0.019633 0.024542
0 0.196875 0.183333 0.021362 0.02664
0 0.577344 0.203125 0.01882 0.024173
0 0.123438 0.223958 0.020736 0.028573
0 0.707812 0.230208 0.018096 0.024127
0 0.107031 0.254167 0.020566 0.026042
0 0.121094 0.259375 0.019633 0.024542
0 0.176563 0.266667 0.018008 0.02309
0 0.689063 0.273958 0.01902 0.024748
0 0.411719 0.278125 0.020932 0.028824
0 0.571094 0.305208 0.019012 0.028214
0 0.260937 0.310417 0.017982 0.022269
0 0.032813 0.320833 0.018991 0.026389
0 0.249219 0.326042 0.018827 0.023629
0 0.250781 0.340625 0.016702 0.023976
0 0.039062 0.3625 0.018161 0.023679
0 0.177344 0.370833 0.019638 0.024534
0 0.205469 0.375 0.021137 0.024621
0 0.614062 0.389583 0.021313 0.028417
0 0.352344 0.391667 0.023707 0.029853
0 0.274219 0.394792 0.018808 0.028228
0 0.702344 0.405208 0.019613 0.024433
0 0.158594 0.423958 0.022828 0.027821
0 0.136719 0.426042 0.019574 0.023676
0 0.965625 0.429167 0.018784 0.026311
0 0.142969 0.4375 0.020521 0.026513
0 0.68125 0.441667 0.018991 0.026389
0 0.246875 0.45 0.021528 0.030488
0 0.335938 0.45 0.017778 0.027118
0 0.977344 0.502083 0.018784 0.026311
0 0.185156 0.504167 0.016719 0.026046
0 0.257812 0.522917 0.018008 0.02309
0 0.571094 0.5375 0.021313 0.028417
0 0.271094 0.557292 0.017317 0.024011
0 0.086719 0.576042 0.018342 0.027161
0 0.04375 0.598958 0.017317 0.024011
0 0.120313 0.609375 0.018096 0.024127
0 0.323437 0.613542 0.02507 0.027729
0 0.514844 0.640625 0.019573 0.024204
0 0.351562 0.667708 0.018561 0.025359
0 0.653125 0.672917 0.01813 0.025093
0 0.921875 0.685417 0.018784 0.026311
0 0.289062 0.71875 0.024258 0.025926
0 0.635938 0.736458 0.018442 0.024589
0 0.161719 0.746875 0.019792 0.025321
0 0.6625 0.763542 0.026618 0.028699
0 0.735156 0.772917 0.021203 0.030662
0 0.953125 0.780208 0.018442 0.024589
0 0.420312 0.782292 0.018442 0.024589
0 0.99332 0.788542 0.01336 0.026058
0 0.445312 0.791667 0.018784 0.026311
0 0.665625 0.792708 0.018442 0.024589
0 0.214844 0.803125 0.018048 0.02325
0 0.448437 0.811458 0.018354 0.025228
0 0.230469 0.813542 0.019633 0.024542
0 0.326562 0.822917 0.018008 0.02309
0 0.045312 0.83125 0.01802 0.023067
0 0.25625 0.835417 0.020566 0.026042
0 0.296094 0.838542 0.019733 0.025046
0 0.5 0.842708 0.018096 0.024127
0 0.0375 0.855208 0.017317 0.024011
0 0.376563 0.875 0.017757 0.026099
0 0.365625 0.904167 0.025784 0.025116
0 0.989844 0.920833 0.019832 0.026443
0 0.922656 0.927083 0.0227 0.030266
0 0.257812 0.930208 0.018442 0.024589
0 0.217969 0.936458 0.023692 0.028515
0 0.245312 0.953125 0.018442 0.024589
0 0.945312 0.957292 0.018442 0.024589
0 0.259375 0.978125 0.018442 0.024589
0 0.241406 0.984491 0.022849 0.031018
0 0.834375 0.987228 0.018374 0.025544