0 0.825781 0.011728 0.018052 0.023455
0 0.734375 0.060417 0.018867 0.026122
0 0.125 0.132292 0.022675 0.027132
0 0.129688 0.148958 0.01902 0.024748
0 0.421875 0.155208 0.022661 0.024109
0 0.355469 0.170833 0.019681 0.02538
0 0.417969 0.185417 0.019429 0.026567
0 0.448437 0.189583 0.019429 0.026567
0 0.370312 0.205208 0.019543 0.023126
0 0.164844 0.25625 0.019446 0.026546
0 0.692187 0.295833 0.018052 0.026078
0 0.427344 0.302083 0.018769 0.023116
0 0.746094 0.311458 0.019733 0.025046
0 0.851562 0.313542 0.019558 0.02407
0 0.228906 0.322917 0.019429 0.026567
0 0.073438 0.332292 0.021656 0.028229
0 0.064062 0.334375 0.018331 0.025253
0 0.046094 0.3375 0.019992 0.026974
0 0.755469 0.355208 0.023961 0.036671
0 0.448437 0.373958 0.025162 0.034253
0 0.070312 0.38125 0.018406 0.026178
0 0.559375 0.391667 0.023576 0.030461
0 0.832812 0.389583 0.018756 0.022285
0 0.496875 0.427083 0.020328 0.024087
0 0.746875 0.432292 0.019627 0.024405
0 0.925781 0.453125 0.020371 0.024457
0 0.911719 0.465625 0.01998 0.028483
0 0.453906 0.477083 0.019534 0.022292
0 0.785156 0.48125 0.019558 0.02407
0 0.660937 0.482292 0.017658 0.024165
0 0.785156 0.488542 0.018827 0.023629
0 0.752344 0.544792 0.019633 0.024542
0 0.330469 0.561458 0.020371 0.024457
0 0.234375 0.567708 0.018442 0.024589
0 0.229687 0.56875 0.018756 0.022285
0 0.534375 0.580208 0.018161 0.023679
0 0.040625 0.601042 0.018442 0.024589
0 0.294531 0.628125 0.019792 0.025321
0 0.405469 0.642708 0.019693 0.028264
0 0.85625 0.646875 0.018939 0.024442
0 0.453906 0.653125 0.01882 0.024173
0 0.655469 0.707292 0.01733 0.02503
0 0.244531 0.751042 0.0195 0.031323
0 0.764062 0.748958 0.018442 0.024589
0 0.520312 0.792708 0.021403 0.0324
0 0.347656 0.819792 0.019543 0.023126
0 0.19375 0.83125 0.021921 0.025381
0 0.36875 0.977083 0.018008 0.02309
0 0.342187 0.986458 0.018939 0.024442