0 0.176563 0.013979 0.029005 0.027958
0 0.264844 0.027083 0.021943 0.026404
0 0.059375 0.035417 0.017345 0.026058
0 0.725781 0.038542 0.019782 0.028249
0 0.541406 0.051042 0.02269 0.029686
0 0.091406 0.051042 0.019543 0.023126
0 0.350781 0.055208 0.021128 0.024499
0 0.236719 0.059375 0.017317 0.024011
0 0.098437 0.063542 0.016702 0.023976
0 0.507031 0.084375 0.024335 0.040889
0 0.547656 0.08125 0.020072 0.030358
0 0.530469 0.08125 0.017317 0.024011
0 0.342187 0.088542 0.020566 0.026042
0 0.516406 0.088542 0.019613 0.024433
0 0.201563 0.090625 0.018561 0.025359
0 0.303906 0.098958 0.018921 0.024472
0 0.882812 0.11875 0.018153 0.026097
0 0.417187 0.126042 0.01902 0.024748
0 0.585938 0.130208 0.018442 0.024589
0 0.089844 0.147917 0.019195 0.026357
0 0.128906 0.160417 0.025784 0.025116
0 0.480469 0.172917 0.021632 0.03863
0 0.333594 0.167708 0.026565 0.025118
0 0.497656 0.217708 0.019574 0.023676
0 0.35 0.226042 0.018384 0.029201
0 0.024219 0.232292 0.021393 0.027703
0 0.047656 0.2375 0.017802 0.029182
0 0.01875 0.320833 0.018417 0.033343
0 0.315625 0.321875 0.018442 0.024589
0 0.313281 0.328125 0.018442 0.024589
0 0.471875 0.352083 0.018991 0.026389
0 0.644531 0.376042 0.021972 0.025937
0 0.401562 0.402083 0.022109 0.031411
0 0.842969 0.411458 0.020441 0.025129
0 0.385937 0.430208 0.018096 0.024127
0 0.410938 0.444792 0.021899 0.024518
0 0.582812 0.459375 0.018096 0.024127
0 0.400781 0.463542 0.01995 0.031372
0 0.790625 0.48125 0.027346 0.025119
0 0.372656 0.483333 0.016719 0.026046
0 0.634375 0.489583 0.017353 0.027093
0 0.064844 0.508333 0.019683 0.026728
0 0.885156 0.548958 0.020352 0.025177
0 0.540625 0.558333 0.020528 0.029524
0 0.553125 0.560417 0.017345 0.026058
0 0.696875 0.561458 0.017793 0.028147
0 0.855469 0.58125 0.016719 0.026046
0 0.855469 0.589583 0.017317 0.024011
0 0.530469 0.592708 0.019543 0.023126
0 0.810937 0.601042 0.018442 0.024589
0 0.794531 0.605208 0.023489 0.025902
0 0.390625 0.608333 0.019195 0.026357
0 0.501563 0.634375 0.023451 0.024539
0 0.609375 0.655208 0.021149 0.028199
0 0.924219 0.663542 0.022675 0.024528
0 0.096875 0.666667 0.018354 0.025228
0 0.439844 0.680208 0.019552 0.024083
0 0.909375 0.686458 0.019573 0.024204
0 0.071875 0.69375 0.02123 0.025887
0 0.142969 0.697917 0.018153 0.026097
0 0.372656 0.721875 0.026631 0.029643
0 0.380469 0.721875 0.022664 0.023745
0 0.047656 0.725 0.020018 0.028372
0 0.853906 0.727083 0.019574 0.023676
0 0.203125 0.732292 0.018939 0.024442
0 0.171875 0.769792 0.018096 0.024127
0 0.386719 0.796875 0.021582 0.032612
0 0.65625 0.794792 0.018281 0.025183
0 0.228906 0.801042 0.019592 0.025156
0 0.672656 0.855208 0.019531 0.023958
0 0.713281 0.858333 0.024247 0.026365
0 0.250781 0.859375 0.019792 0.025321
0 0.3 0.866667 0.021819 0.028356
0 0.310156 0.873958 0.018442 0.024589
0 0.369531 0.889583 0.024307 0.027625
0 0.021875 0.903125 0.018096 0.024127
0 0.838281 0.922917 0.019832 0.026443
0 0.4375 0.925 0.021333 0.026872
0 0.163281 0.927083 0.0184 0.026183
0 0.316406 0.938542 0.022042 0.028455
0 0.617969 0.940625 0.021098 0.023144
0 0.553125 0.980208 0.018846 0.025128
0 0.421875 0.986718 0.024394 0.026564