0 0.388281 0.023958 0.018096 0.024127
0 0.545312 0.04375 0.018756 0.022285
0 0.536719 0.0625 0.023097 0.028871
0 0.614062 0.103125 0.019832 0.026443
0 0.316406 0.219792 0.026954 0.031644
0 0.717187 0.289583 0.018784 0.026311
0 0.006317 0.307292 0.012635 0.024748
0 0.282813 0.315625 0.019574 0.023676
0 0.325781 0.351042 0.02287 0.032981
0 0.240625 0.367708 0.016702 0.023976
0 0.273438 0.370833 0.018827 0.023629
0 0.233594 0.385417 0.02123 0.025887
0 0.510156 0.391667 0.022261 0.027887
0 0.502344 0.392708 0.019613 0.024433
0 0.607812 0.45625 0.01813 0.025093
0 0.207813 0.494792 0.020045 0.029423
0 0.657813 0.532292 0.018367 0.028175
0 0.5 0.558333 0.021546 0.027548
0 0.328125 0.560417 0.018939 0.024442
0 0.488281 0.576042 0.018008 0.02309
0 0.367969 0.58125 0.017345 0.026058
0 0.379688 0.617708 0.018331 0.025253
0 0.423438 0.640625 0.018331 0.025253
0 0.750781 0.651042 0.019574 0.023676
0 0.755469 0.6625 0.019893 0.027596
0 0.240625 0.679167 0.022758 0.026784
0 0.351562 0.688542 0.019178 0.025168
0 0.19375 0.70625 0.01995 0.031372
0 0.205469 0.75 0.020231 0.026656
0 0.04375 0.767708 0.018442 0.024589
0 0.340625 0.814583 0.018082 0.030215
0 0.516406 0.815625 0.019627 0.024405
0 0.390625 0.839583 0.018756 0.022285
0 0.566406 0.863542 0.020422 0.025409
0 0.739844 0.873958 0.020371 0.024457