0 0.153906 0.092708 0.020583 0.030478
0 0.15 0.102083 0.020521 0.026513
0 0.375 0.142708 0.017317 0.024011
0 0.048438 0.370833 0.024837 0.032478
0 0.325 0.402083 0.021479 0.027243
0 0.160938 0.430208 0.018442 0.024589
0 0.50625 0.446875 0.021901 0.024512
0 0.29375 0.473958 0.018442 0.024589
0 0.542188 0.495833 0.018442 0.02717
0 0.065625 0.53125 0.017757 0.026099
0 0.824219 0.55 0.01979 0.034398
0 0.307031 0.619792 0.01998 0.028483
0 0.51875 0.65625 0.027381 0.030357
0 0.967969 0.658333 0.019683 0.026728
0 0.071875 0.670833 0.017982 0.022269
0 0.807813 0.725 0.02537 0.030289
0 0.652344 0.741667 0.019429 0.026567
0 0.551562 0.757292 0.021575 0.028766
0 0.121875 0.854167 0.021198 0.026257
0 0.103906 0.987703 0.020866 0.024594