0 0.135937 0.047917 0.027399 0.032381
0 0.446875 0.044792 0.020661 0.028728
0 0.857031 0.080208 0.017301 0.024027
0 0.360156 0.111458 0.022996 0.028271
0 0.267188 0.135417 0.021701 0.028014
0 0.475781 0.140625 0.025611 0.031936
0 0.497656 0.180208 0.020517 0.029536
0 0.388281 0.189583 0.024136 0.031823
0 0.214062 0.192708 0.03053 0.03262
0 0.821875 0.292708 0.018161 0.023679
0 0.801562 0.305208 0.018561 0.025359
0 0.782031 0.322917 0.025052 0.026576
0 0.388281 0.347917 0.03727 0.039911
0 0.6625 0.384375 0.022675 0.027132
0 0.560156 0.415625 0.021412 0.031463
0 0.1625 0.425 0.024232 0.030858
0 0.877344 0.425 0.022254 0.031093
0 0.569531 0.429167 0.022868 0.029857
0 0.692187 0.451042 0.032198 0.032709
0 0.710156 0.526042 0.022849 0.032869
0 0.796875 0.54375 0.024045 0.035033
0 0.264062 0.577083 0.033726 0.035199
0 0.242188 0.585417 0.024995 0.032943
0 0.201563 0.642708 0.021658 0.029319
0 0.796875 0.647917 0.030114 0.037728
0 0.740625 0.653125 0.02617 0.036863
0 0.180469 0.65 0.018784 0.026311
0 0.824219 0.660417 0.019909 0.025929
0 0.057813 0.671875 0.024847 0.031127
0 0.660156 0.764583 0.024624 0.035128
0 0.535937 0.761458 0.018442 0.024589
0 0.221094 0.795833 0.028906 0.037105
0 0.6875 0.797917 0.025424 0.031337
0 0.723437 0.8125 0.024425 0.030612
0 0.960156 0.814583 0.023319 0.031093
0 0.341406 0.832292 0.020432 0.028638
0 0.603906 0.859375 0.022856 0.029993
0 0.257812 0.878125 0.029774 0.031093
0 0.735156 0.895833 0.022193 0.03277
0 0.510156 0.896875 0.025043 0.028321
0 0.910937 0.907292 0.022346 0.029794