0 0.682031 0.009658 0.019098 0.019316
0 0.264062 0.008917 0.018331 0.017835
0 0.678125 0.019792 0.019531 0.027421
0 0.484375 0.023958 0.018096 0.024127
0 0.394531 0.08125 0.021104 0.024098
0 0.305469 0.105208 0.021231 0.025776
0 0.626563 0.201042 0.021131 0.02449
0 0.261719 0.24375 0.022658 0.023151
0 0.679688 0.251042 0.018096 0.024127
0 0.103125 0.25625 0.017345 0.026058
0 0.809375 0.285417 0.028981 0.035592
0 0.532031 0.283333 0.019574 0.023676
0 0.7125 0.338542 0.018161 0.023679
0 0.914844 0.354167 0.020072 0.030358
0 0.538281 0.363542 0.022798 0.02679
0 0.454688 0.36875 0.019543 0.023126
0 0.515625 0.373958 0.019543 0.023126
0 0.564063 0.379167 0.02123 0.025887
0 0.9125 0.382292 0.018331 0.025253
0 0.958594 0.392708 0.017317 0.024011
0 0.545312 0.411458 0.018442 0.024589
0 0.201563 0.429167 0.017721 0.025103
0 0.441406 0.452083 0.019683 0.026728
0 0.889062 0.455208 0.018769 0.023116
0 0.096875 0.497917 0.018324 0.026151
0 0.302344 0.548958 0.017317 0.024011
0 0.641406 0.552083 0.018756 0.022285
0 0.64375 0.558333 0.018048 0.02325
0 0.66875 0.560417 0.018756 0.022285
0 0.664062 0.589583 0.017757 0.026099
0 0.635938 0.59375 0.018442 0.024589
0 0.171875 0.60625 0.019832 0.026443
0 0.255469 0.616667 0.02018 0.026907
0 0.865625 0.627083 0.017721 0.025103
0 0.408594 0.634375 0.017348 0.026056
0 0.330469 0.64375 0.020045 0.029423
0 0.25 0.659375 0.02032 0.023137
0 0.525781 0.70625 0.029082 0.03095
0 0.271875 0.733333 0.018784 0.026311
0 0.41875 0.732292 0.018939 0.024442
0 0.567187 0.736458 0.018096 0.024127
0 0.78125 0.740625 0.018939 0.024442
0 0.533594 0.767708 0.021131 0.02449
0 0.578125 0.767708 0.018442 0.024589
0 0.515625 0.769792 0.018096 0.024127
0 0.727344 0.771875 0.018827 0.023629
0 0.475 0.786458 0.01882 0.024173
0 0.251563 0.792708 0.017759 0.024215
0 0.271094 0.857292 0.019429 0.026567
0 0.703125 0.86875 0.018161 0.023679
0 0.654687 0.938542 0.018096 0.024127
0 0.800781 0.951042 0.018921 0.024472
0 0.422656 0.971875 0.019724 0.029262
0 0.207813 0.983333 0.021198 0.026257