0 0.028125 0.010712 0.021104 0.021424
0 0.348438 0.096875 0.037541 0.031044
0 0.853906 0.096875 0.022309 0.032747
0 0.024219 0.184375 0.017317 0.024011
0 0.585156 0.252083 0.026862 0.034014
0 0.796875 0.271875 0.023948 0.029945
0 0.123438 0.298958 0.018808 0.028228
0 0.0625 0.369792 0.019074 0.032316
0 0.985156 0.391667 0.026221 0.032529
0 0.336719 0.45 0.025819 0.026793
0 0.496094 0.478125 0.026568 0.027154
0 0.934375 0.498958 0.020546 0.042716
0 0.645312 0.501042 0.018096 0.024127
0 0.504687 0.517708 0.01882 0.024173
0 0.139063 0.530208 0.021878 0.023148
0 0.421094 0.567708 0.02018 0.026907
0 0.964063 0.567708 0.018096 0.024127
0 0.241406 0.5875 0.022695 0.02514
0 0.283594 0.627083 0.021645 0.030804
0 0.367188 0.634375 0.019518 0.032347
0 0.764062 0.633333 0.019531 0.027421
0 0.430469 0.65625 0.033224 0.038125
0 0.365625 0.675 0.024316 0.029501
0 0.800781 0.680208 0.019774 0.03233
0 0.345313 0.696875 0.018442 0.024589
0 0.398438 0.707292 0.017759 0.024215
0 0.319531 0.715625 0.019574 0.023676
0 0.457813 0.716667 0.017721 0.025103
0 0.29375 0.784375 0.021804 0.02852
0 0.614844 0.795833 0.019992 0.026974
0 0.760938 0.8375 0.02123 0.025887
0 0.603125 0.846875 0.018442 0.024589
0 0.577344 0.889583 0.019446 0.026546
0 0.466406 0.946875 0.01995 0.031372