0 0.935937 0.013878 0.021508 0.027755
0 0.782813 0.170833 0.024453 0.034626
0 0.503125 0.204167 0.017757 0.026099
0 0.31875 0.2125 0.021203 0.030662
0 0.239063 0.216667 0.028044 0.034063
0 0.228906 0.344792 0.029967 0.033718
0 0.103906 0.389583 0.019733 0.025046
0 0.046875 0.403125 0.029759 0.032605
0 0.465625 0.4125 0.026779 0.031865
0 0.398438 0.538542 0.018876 0.02557
0 0.0375 0.541667 0.021508 0.03051
0 0.869531 0.548958 0.02325 0.033147
0 0.664844 0.563542 0.028073 0.035159
0 0.702344 0.575 0.032157 0.047619
0 0.903906 0.604167 0.024706 0.039753
0 0.675781 0.601042 0.022226 0.031538
0 0.082812 0.619792 0.027045 0.045247
0 0.360938 0.613542 0.021648 0.029332
0 0.864844 0.614583 0.025273 0.030852
0 0.460156 0.621875 0.018855 0.030261
0 0.460938 0.635417 0.017359 0.02813
0 0.70625 0.639583 0.020517 0.029536
0 0.779687 0.671875 0.023301 0.038678
0 0.607031 0.682292 0.019714 0.027305
0 0.079687 0.7375 0.01902 0.024748
0 0.182031 0.772917 0.029222 0.039412
0 0.398438 0.776042 0.018442 0.024589
0 0.682031 0.791667 0.020627 0.027503
0 0.976562 0.80625 0.020866 0.030437
0 0.844531 0.811458 0.020666 0.028723
0 0.026562 0.855208 0.024847 0.031127
0 0.532031 0.895833 0.024694 0.034818
0 0.907813 0.907292 0.021669 0.03458