0 0.35 0.067708 0.020454 0.02833
0 0.872656 0.097917 0.021946 0.026299
0 0.773438 0.135417 0.019429 0.026567
0 0.311719 0.185417 0.022996 0.028271
0 0.198437 0.194792 0.031938 0.037104
0 0.457031 0.247917 0.019531 0.027421
0 0.845313 0.248958 0.021172 0.028874
0 0.622656 0.248958 0.019925 0.025905
0 0.945312 0.25 0.018008 0.02309
0 0.879687 0.269792 0.022768 0.026762
0 0.010488 0.359375 0.020977 0.033137
0 0.696094 0.419792 0.028988 0.030175
0 0.207813 0.46875 0.025857 0.028661
0 0.585156 0.501042 0.019627 0.024405
0 0.201563 0.571875 0.033726 0.035199
0 0.016406 0.594792 0.019638 0.024534
0 0.169531 0.604167 0.025918 0.029193
0 0.9625 0.616667 0.021138 0.034503
0 0.858594 0.653125 0.027603 0.031194
0 0.633594 0.657292 0.020432 0.028638
0 0.689844 0.666667 0.021161 0.025349
0 0.25 0.723958 0.021796 0.02989
0 0.484375 0.741667 0.021819 0.028356
0 0.0125 0.757292 0.021408 0.02918
0 0.749219 0.763542 0.01998 0.028483
0 0.753125 0.796875 0.022111 0.027748
0 0.260156 0.8375 0.02389 0.029491
0 0.736719 0.84375 0.0201 0.026364
0 0.328125 0.864583 0.024837 0.032478
0 0.542969 0.879167 0.023462 0.02919
0 0.274219 0.892708 0.03288 0.041489
0 0.70625 0.944792 0.022995 0.033548
0 0.988281 0.965625 0.021648 0.029332
0 0.414062 0.985957 0.024436 0.028086