0 0.128906 0.052083 0.019071 0.027215
0 0.635156 0.054167 0.025984 0.029621
0 0.164844 0.076042 0.020666 0.028723
0 0.754687 0.132292 0.022464 0.028723
0 0.095312 0.15625 0.027905 0.034571
0 0.742188 0.211458 0.02381 0.030106
0 0.255469 0.269792 0.023267 0.036642
0 0.2 0.308333 0.021314 0.02663
0 0.91875 0.328125 0.020509 0.032429
0 0.750781 0.365625 0.022017 0.028277
0 0.253125 0.372917 0.027663 0.036163
0 0.376563 0.377083 0.026608 0.030345
0 0.120313 0.422917 0.018442 0.024589
0 0.371094 0.458333 0.021362 0.02664
0 0.7875 0.465625 0.031711 0.039642
0 0.509375 0.501042 0.019627 0.024405
0 0.136719 0.598958 0.02883 0.041675
0 0.075 0.603125 0.030072 0.039469
0 0.321094 0.615625 0.028963 0.030634
0 0.328906 0.676042 0.02687 0.039345
0 0.644531 0.796875 0.019724 0.029262
0 0.642969 0.903125 0.035176 0.035519
0 0.510938 0.954167 0.021116 0.030583
0 0.704688 0.978125 0.022111 0.032714