0 0.200781 0.009779 0.019638 0.019559
0 0.935156 0.025 0.024607 0.042902
0 0.590625 0.017708 0.01902 0.024748
0 0.90625 0.036458 0.018331 0.025253
0 0.074219 0.041667 0.023583 0.030562
0 0.384375 0.051042 0.023718 0.029015
0 0.98125 0.095833 0.027456 0.029955
0 0.067187 0.121875 0.025935 0.028892
0 0.759375 0.133333 0.018756 0.022285
0 0.178906 0.138542 0.023556 0.02766
0 0.936719 0.142708 0.028963 0.030634
0 0.978906 0.144792 0.019601 0.028352
0 0.670312 0.14375 0.018048 0.02325
0 0.904687 0.180208 0.021339 0.026862
0 0.03125 0.195833 0.018773 0.023107
0 0.85625 0.219792 0.018921 0.024472
0 0.463281 0.276042 0.032326 0.0367
0 0.899219 0.272917 0.021902 0.027122
0 0.058594 0.290625 0.023248 0.030703
0 0.882812 0.323958 0.018161 0.023679
0 0.835938 0.333333 0.018756 0.022285
0 0.220312 0.348958 0.022464 0.028723
0 0.239063 0.365625 0.020432 0.028638
0 0.530469 0.372917 0.020676 0.026744
0 0.567187 0.378125 0.018939 0.024442
0 0.583594 0.38125 0.020627 0.027503
0 0.575 0.384375 0.022731 0.029504
0 0.621875 0.384375 0.01998 0.028483
0 0.521875 0.396875 0.032279 0.035586
0 0.501563 0.392708 0.018442 0.024589
0 0.769531 0.395833 0.021314 0.02663
0 0.551562 0.404167 0.0184 0.026183
0 0.792969 0.403125 0.017759 0.024215
0 0.510938 0.444792 0.02143 0.027648
0 0.279687 0.453125 0.020328 0.024087
0 0.246094 0.458333 0.019638 0.024534
0 0.407031 0.458333 0.017982 0.022269
0 0.830469 0.496875 0.023055 0.028598
0 0.444531 0.527083 0.019446 0.026546
0 0.461719 0.56875 0.019992 0.026974
0 0.466406 0.589583 0.026474 0.032764
0 0.228906 0.589583 0.019992 0.026974
0 0.291406 0.641667 0.026376 0.032785
0 0.735938 0.640625 0.021542 0.027554
0 0.942187 0.688542 0.022675 0.027132
0 0.3625 0.711458 0.025815 0.028335
0 0.625781 0.733333 0.023553 0.035492
0 0.026562 0.764583 0.02354 0.038583
0 0.014844 0.76875 0.023344 0.031678
0 0.729688 0.765625 0.018331 0.025253
0 0.425 0.853125 0.021239 0.025868
0 0.864844 0.90625 0.023609 0.031982
0 0.336719 0.9125 0.019247 0.026491
0 0.155469 0.919792 0.025806 0.027353
0 0.499219 0.955208 0.026221 0.032529