0 0.769531 0.015176 0.026263 0.030352
0 0.096094 0.013578 0.019057 0.027156
0 0.315625 0.032292 0.021949 0.026392
0 0.929688 0.035417 0.021116 0.030583
0 0.500781 0.0375 0.024039 0.030661
0 0.528125 0.036458 0.018442 0.024589
0 0.092188 0.044792 0.021727 0.028969
0 0.407813 0.054167 0.026251 0.035002
0 0.876563 0.053125 0.021971 0.029612
0 0.232031 0.054167 0.022707 0.026328
0 0.203125 0.057292 0.022815 0.027608
0 0.444531 0.057292 0.019633 0.024542
0 0.783594 0.059375 0.01813 0.025093
0 0.767188 0.06875 0.028544 0.040084
0 0.2875 0.065625 0.026263 0.031537
0 0.472656 0.066667 0.02317 0.029214
0 0.589063 0.069792 0.02714 0.033665
0 0.334375 0.08125 0.051381 0.049537
0 0.949219 0.075 0.023198 0.034888
0 0.628906 0.078125 0.028481 0.037733
0 0.38125 0.085417 0.022464 0.028723
0 0.239063 0.092708 0.022828 0.027821
0 0.046094 0.095833 0.022152 0.027355
0 0.272656 0.119792 0.032826 0.041828
0 0.314063 0.120833 0.025837 0.030331
0 0.589844 0.120833 0.024564 0.030774
0 0.134375 0.121875 0.01902 0.024748
0 0.66875 0.123958 0.020432 0.028638
0 0.239844 0.126042 0.025856 0.028595
0 0.875781 0.128125 0.026015 0.034015
0 0.828906 0.133333 0.026383 0.034189
0 0.55625 0.141667 0.027729 0.032708
0 0.694531 0.139583 0.02077 0.027051
0 0.792188 0.140625 0.02101 0.028935
0 0.3875 0.15 0.021726 0.031709
0 0.342969 0.15 0.024652 0.030465
0 0.517969 0.15 0.021038 0.029672
0 0.570312 0.155208 0.028395 0.03899
0 0.505469 0.165625 0.054897 0.052275
0 0.267969 0.153125 0.018827 0.023629
0 0.039844 0.155208 0.019627 0.024405
0 0.611719 0.158333 0.021546 0.027548
0 0.694531 0.160417 0.025161 0.033548
0 0.060937 0.170833 0.026135 0.037662
0 0.477344 0.171875 0.0226 0.034743
0 0.65 0.170833 0.026572 0.029211
0 0.927344 0.172917 0.026719 0.029507
0 0.6875 0.171875 0.02426 0.027326
0 0.347656 0.173958 0.022346 0.029794
0 0.810937 0.173958 0.018921 0.024472
0 0.419531 0.176042 0.023097 0.028871
0 0.751563 0.180208 0.022186 0.028591
0 0.523438 0.180208 0.021362 0.02664
0 0.614844 0.184375 0.023988 0.030346
0 0.188281 0.186458 0.021119 0.029767
0 0.246875 0.195833 0.035711 0.038935
0 0.329688 0.195833 0.027395 0.033844
0 0.679688 0.198958 0.02663 0.032366
0 0.082812 0.205208 0.024341 0.028597
0 0.033594 0.211458 0.023841 0.029258
0 0.2375 0.227083 0.028308 0.031376
0 0.108594 0.235417 0.039831 0.047756
0 0.200781 0.228125 0.026644 0.028054
0 0.117969 0.246875 0.020566 0.026042
0 0.634375 0.260417 0.018769 0.023116
0 0.85 0.267708 0.020509 0.025821
0 0.760938 0.26875 0.021459 0.027275
0 0.424219 0.283333 0.019768 0.025593
0 0.53125 0.284375 0.021656 0.028229
0 0.503906 0.292708 0.021546 0.027548
0 0.764844 0.305208 0.023906 0.033448
0 0.010572 0.30625 0.021144 0.025927
0 0.564063 0.311458 0.02325 0.033147
0 0.591406 0.320833 0.023996 0.030103
0 0.789844 0.325 0.019429 0.026567
0 0.403125 0.328125 0.02203 0.026707
0 0.851562 0.336458 0.024436 0.029089
0 0.127344 0.339583 0.022828 0.027821
0 0.489063 0.336458 0.02118 0.025185
0 0.364844 0.340625 0.022519 0.029368
0 0.560937 0.361458 0.022325 0.028159
0 0.299219 0.375 0.022254 0.031093
0 0.18125 0.375 0.022152 0.027355
0 0.623437 0.389583 0.034491 0.054505
0 0.803906 0.38125 0.022129 0.030969
0 0.527344 0.388542 0.022828 0.027821
0 0.177344 0.3875 0.019534 0.022292
0 0.936719 0.396875 0.024496 0.029918
0 0.266406 0.398958 0.023556 0.02766
0 0.926562 0.405208 0.028906 0.037105
0 0.221094 0.403125 0.019543 0.023126
0 0.409375 0.40625 0.021903 0.030739
0 0.274219 0.40625 0.02284 0.02723
0 0.649219 0.420833 0.050535 0.058468
0 0.144531 0.4125 0.021333 0.026872
0 0.749219 0.415625 0.021648 0.029332
0 0.060156 0.419792 0.030804 0.033782
0 0.236719 0.419792 0.022861 0.027439
0 0.741406 0.422917 0.02563 0.034173
0 0.082031 0.438542 0.026083 0.03037
0 0.876563 0.447917 0.021198 0.026257
0 0.558594 0.454167 0.023055 0.028598
0 0.746875 0.458333 0.024692 0.030786
0 0.379688 0.466667 0.027147 0.037678
0 0.124219 0.465625 0.02563 0.031709
0 0.164062 0.466667 0.023054 0.029204
0 0.640625 0.48125 0.027698 0.03918
0 0.926562 0.492708 0.023856 0.034731
0 0.011719 0.496875 0.020371 0.024457
0 0.14375 0.498958 0.019365 0.027345
0 0.973437 0.5 0.022849 0.032869
0 0.432812 0.507292 0.024101 0.03339
0 0.702344 0.507292 0.019574 0.023676
0 0.955469 0.5125 0.025833 0.035722
0 0.139844 0.5125 0.042211 0.031038
0 0.397656 0.516667 0.026081 0.030374
0 0.233594 0.526042 0.022226 0.031538
0 0.597656 0.5375 0.044324 0.045319
0 0.657031 0.539583 0.022725 0.033819
0 0.749219 0.538542 0.025856 0.028595
0 0.828906 0.554167 0.032891 0.057552
0 0.516406 0.540625 0.019542 0.02313
0 0.882031 0.551042 0.025009 0.037163
0 0.549219 0.546875 0.022689 0.025403
0 0.110937 0.547917 0.022051 0.026939
0 0.557813 0.559375 0.024625 0.036744
0 0.45625 0.558333 0.021333 0.026872
0 0.490625 0.559375 0.02493 0.031865
0 0.783594 0.557292 0.019693 0.024852
0 0.025 0.563542 0.021161 0.025349
0 0.580469 0.567708 0.026281 0.032051
0 0.34375 0.567708 0.023511 0.028281
0 0.117969 0.569792 0.02389 0.029491
0 0.372656 0.56875 0.020521 0.026513
0 0.811719 0.579167 0.026765 0.033788
0 0.945312 0.579167 0.023857 0.035077
0 0.315625 0.580208 0.029725 0.029627
0 0.525 0.5875 0.02516 0.035307
0 0.427344 0.590625 0.023097 0.028871
0 0.4625 0.59375 0.024079 0.030374
0 0.507812 0.595833 0.023569 0.034832
0 0.400781 0.601042 0.025414 0.032846
0 0.5375 0.607292 0.026 0.035478
0 0.155469 0.613542 0.023511 0.028281
0 0.013281 0.61875 0.022665 0.025104
0 0.833594 0.63125 0.024588 0.035168
0 0.488281 0.630208 0.023319 0.029672
0 0.68125 0.636458 0.025079 0.037256
0 0.006688 0.639583 0.013376 0.024442
0 0.214844 0.654167 0.023592 0.030549
0 0.098437 0.657292 0.021787 0.032655
0 0.526563 0.654167 0.021546 0.027548
0 0.788281 0.667708 0.029146 0.040775
0 0.847656 0.663542 0.020154 0.028445
0 0.405469 0.671875 0.02513 0.028344
0 0.636719 0.673958 0.023511 0.028281
0 0.385937 0.680208 0.028598 0.036398
0 0.249219 0.679167 0.026057 0.030133
0 0.228906 0.683333 0.023319 0.029672
0 0.141406 0.684375 0.024565 0.029737
0 0.725781 0.696875 0.0257 0.033535
0 0.135937 0.703125 0.021804 0.02852
0 0.017188 0.721875 0.031277 0.028244
0 0.910937 0.730208 0.018827 0.023629
0 0.930469 0.736458 0.024804 0.032617
0 0.507031 0.745833 0.024076 0.032101
0 0.571875 0.744792 0.024736 0.030494
0 0.022656 0.745833 0.023489 0.025902
0 0.091406 0.747917 0.01875 0.022917
0 0.815625 0.75625 0.030667 0.036811
0 0.914062 0.761458 0.032759 0.045129
0 0.091406 0.758333 0.022777 0.026557
0 0.382812 0.7625 0.027533 0.030248
0 0.595313 0.765625 0.024341 0.028597
0 0.716406 0.775 0.025589 0.035797
0 0.035937 0.777083 0.022051 0.026939
0 0.473438 0.777083 0.021242 0.026567
0 0.780469 0.778125 0.023476 0.030208
0 0.93125 0.785417 0.024095 0.033396
0 0.200781 0.789583 0.023746 0.030768
0 0.71875 0.803125 0.036652 0.053619
0 0.891406 0.797917 0.025957 0.03004
0 0.258594 0.798958 0.023752 0.029281
0 0.385156 0.797917 0.022858 0.027444
0 0.824219 0.801042 0.023097 0.028871
0 0.282813 0.804167 0.024946 0.031337
0 0.771094 0.811458 0.026251 0.035002
0 0.633594 0.816667 0.029417 0.038398
0 0.100781 0.819792 0.022519 0.029368
0 0.0375 0.83125 0.023356 0.034695
0 0.653906 0.83125 0.040682 0.036189
0 0.157031 0.830208 0.023863 0.029661
0 0.342969 0.832292 0.023752 0.029281
0 0.014063 0.834375 0.021011 0.029578
0 0.476562 0.8375 0.020377 0.02459
0 0.864844 0.857292 0.034032 0.057924
0 0.194531 0.85 0.022245 0.028848
0 0.628906 0.851042 0.019633 0.024542
0 0.907813 0.864583 0.02838 0.035433
0 0.451562 0.865625 0.020371 0.024457
0 0.485156 0.867708 0.023607 0.028741
0 0.361719 0.866667 0.020313 0.023958
0 0.297656 0.869792 0.023781 0.028969
0 0.76875 0.880208 0.021924 0.029232
0 0.220312 0.879167 0.018769 0.023116
0 0.495312 0.883333 0.021333 0.026872
0 0.413281 0.886458 0.023782 0.028969
0 0.627344 0.8875 0.022922 0.031445
0 0.458594 0.888542 0.02276 0.031984
0 0.045312 0.896875 0.025837 0.030331
0 0.210156 0.896875 0.022675 0.024528
0 0.125 0.902083 0.02313 0.033957
0 0.085938 0.902083 0.021203 0.030662
0 0.921875 0.901042 0.024736 0.030494
0 0.165625 0.90625 0.025048 0.026775
0 0.474219 0.911458 0.023491 0.027306
0 0.811719 0.9125 0.023556 0.02766
0 0.920312 0.91875 0.018096 0.024127
0 0.485938 0.928125 0.021929 0.025115
0 0.405469 0.938542 0.023652 0.033045
0 0.942969 0.938542 0.023097 0.028871
0 0.024219 0.948958 0.02681 0.037759
0 0.369531 0.947917 0.025014 0.029203
0 0.946094 0.961458 0.02101 0.028935
0 0.186719 0.9625 0.027369 0.026821
0 0.647656 0.966667 0.021524 0.031658
0 0.030469 0.964583 0.018801 0.024039
0 0.607031 0.963542 0.018769 0.023116
0 0.528125 0.970833 0.024289 0.026634
0 0.124219 0.979167 0.021575 0.028766
0 0.021094 0.982292 0.022726 0.025872
0 0.175 0.987573 0.021172 0.024854
0 0.660937 0.988059 0.02591 0.023882
0 0.107031 0.991477 0.019574 0.017046