0 0.144531 0.04375 0.018876 0.02557
0 0.399219 0.123958 0.018846 0.02378
0 0.860156 0.13125 0.020046 0.026244
0 0.132812 0.133333 0.018124 0.023544
0 0.060156 0.142708 0.01998 0.028483
0 0.703125 0.173958 0.062974 0.08086
0 0.441406 0.1625 0.027255 0.036849
0 0.485156 0.163542 0.026034 0.036852
0 0.239844 0.197917 0.047611 0.101182
0 0.669531 0.20625 0.019429 0.026567
0 0.691406 0.244792 0.021727 0.028969
0 0.300781 0.276042 0.025873 0.039054
0 0.183594 0.280208 0.022731 0.029504
0 0.588281 0.284375 0.02048 0.031322
0 0.098437 0.314583 0.022995 0.03066
0 0.257031 0.315625 0.02946 0.03532
0 0.404687 0.395833 0.020566 0.026042
0 0.346094 0.419792 0.026963 0.035543
0 0.716406 0.432292 0.031792 0.041817
0 0.497656 0.45 0.020341 0.025073
0 0.10625 0.48125 0.02708 0.048156
0 0.336719 0.472917 0.024079 0.030374
0 0.865625 0.471875 0.019733 0.025046
0 0.521875 0.473958 0.018846 0.02378
0 0.507812 0.480208 0.024309 0.031325
0 0.021094 0.489583 0.02139 0.029072
0 0.172656 0.517708 0.018331 0.025253
0 0.142969 0.578125 0.0294 0.040928
0 0.617188 0.617708 0.028215 0.035868
0 0.200781 0.632292 0.035724 0.042285
0 0.657031 0.636458 0.034911 0.048718
0 0.577344 0.635417 0.024466 0.031952
0 0.73125 0.673958 0.018827 0.023629
0 0.413281 0.688542 0.031329 0.041003
0 0.586719 0.69375 0.022348 0.030658
0 0.464844 0.717708 0.019792 0.025321
0 0.288281 0.726042 0.021176 0.031534
0 0.533594 0.722917 0.018008 0.02309
0 0.016406 0.766667 0.030593 0.038324
0 0.221094 0.780208 0.025982 0.033258
0 0.696094 0.828125 0.020666 0.028723
0 0.610938 0.851042 0.033777 0.041009
0 0.204687 0.93125 0.039822 0.052338