0 0.717969 0.021492 0.034458 0.042984
0 0.564063 0.045833 0.020231 0.026656
0 0.6625 0.057292 0.031204 0.036711
0 0.68125 0.067708 0.03265 0.040546
0 0.794531 0.0875 0.020134 0.027719
0 0.107031 0.091667 0.031299 0.030063
0 0.138281 0.103125 0.024393 0.038937
0 0.157812 0.128125 0.025918 0.036577
0 0.725781 0.190625 0.019792 0.025321
0 0.417969 0.225 0.028246 0.03104
0 0.23125 0.233333 0.021198 0.026257
0 0.559375 0.269792 0.017658 0.024165
0 0.441406 0.278125 0.019693 0.028264
0 0.142969 0.286458 0.023716 0.039662
0 0.029687 0.295833 0.025884 0.029767
0 0.24375 0.313542 0.030473 0.030253
0 0.6375 0.364583 0.029702 0.045622
0 0.041406 0.361458 0.020422 0.025409
0 0.171094 0.411458 0.024934 0.036904
0 0.714844 0.469792 0.026117 0.041183
0 0.202344 0.494792 0.026729 0.035638
0 0.2 0.534375 0.021658 0.029319
0 0.214844 0.564583 0.023556 0.02766
0 0.527344 0.596875 0.031652 0.048258
0 0.427344 0.622917 0.022729 0.02728
0 0.846875 0.635417 0.022466 0.036608
0 0.238281 0.74375 0.027679 0.031706
0 0.751563 0.771875 0.021648 0.029332
0 0.433594 0.7875 0.02669 0.043039
0 0.7375 0.804167 0.030828 0.038459
0 0.110937 0.801042 0.020154 0.028445
0 0.651563 0.883333 0.021653 0.030795
0 0.361719 0.907292 0.027444 0.031564
0 0.736719 0.911458 0.023461 0.030231
0 0.140625 0.936458 0.023254 0.036653
0 0.833594 0.935417 0.020046 0.026244
0 0.532813 0.942708 0.021816 0.032581