0 0.935156 0.05 0.044038 0.053697
0 0.374219 0.072917 0.036999 0.051426
0 0.504687 0.067708 0.025088 0.031368
0 0.801562 0.077083 0.026155 0.036189
0 0.044531 0.102083 0.022729 0.02728
0 0.45 0.194792 0.035548 0.038159
0 0.590625 0.197917 0.026843 0.034125
0 0.357812 0.245833 0.025415 0.043052
0 0.178125 0.284375 0.0339 0.035558
0 0.65625 0.302083 0.050054 0.06566
0 0.044531 0.29375 0.018331 0.025253
0 0.163281 0.3 0.018048 0.02325
0 0.7 0.322917 0.024981 0.037873
0 0.09375 0.3375 0.023903 0.032879
0 0.440625 0.361458 0.02854 0.036758
0 0.130469 0.379167 0.026644 0.028054
0 0.757031 0.403125 0.031731 0.042308
0 0.046094 0.451042 0.03023 0.036196
0 0.195312 0.46875 0.029962 0.035201
0 0.5875 0.483333 0.021819 0.028356
0 0.977344 0.4875 0.019531 0.027421
0 0.642969 0.521875 0.038726 0.041157
0 0.625 0.5625 0.023654 0.029634
0 0.648438 0.578125 0.018773 0.023107
0 0.713281 0.594792 0.042758 0.05297
0 0.753906 0.586458 0.020091 0.02753
0 0.457031 0.590625 0.024467 0.034451
0 0.602344 0.6 0.022255 0.033718
0 0.623437 0.644792 0.06658 0.105357
0 0.542188 0.660417 0.021796 0.02989
0 0.9 0.665625 0.022937 0.028155
0 0.167969 0.686458 0.04416 0.050933
0 0.0875 0.686458 0.032412 0.03933
0 0.317969 0.759375 0.044372 0.051612
0 0.126562 0.767708 0.026 0.041993
0 0.170313 0.789583 0.023894 0.035927
0 0.546875 0.790625 0.025838 0.032623
0 0.921875 0.808333 0.035255 0.043528
0 0.484375 0.813542 0.030887 0.034823
0 0.551562 0.826042 0.022017 0.028277
0 0.799219 0.854167 0.032128 0.03396
0 0.428125 0.876042 0.024995 0.032943
0 0.089844 0.904167 0.026496 0.036437
0 0.452344 0.909375 0.019792 0.025321
0 0.277344 0.923958 0.01998 0.028483
0 0.575 0.939583 0.027036 0.038865
0 0.046875 0.944792 0.020432 0.028638
0 0.360156 0.954167 0.031365 0.032247
0 0.182031 0.965625 0.018561 0.025359
0 0.182031 0.980208 0.020432 0.028638