0 0.170313 0.173958 0.031775 0.039194
0 0.210156 0.219792 0.020579 0.030481
0 0.565625 0.308333 0.020579 0.030481
0 0.415625 0.390625 0.038638 0.04948
0 0.419531 0.429167 0.023206 0.042779
0 0.032031 0.442708 0.018367 0.028175
0 0.4125 0.457292 0.020361 0.033344
0 0.848437 0.523958 0.018052 0.026078
0 0.849219 0.5375 0.016719 0.026046
0 0.620313 0.585417 0.018008 0.02309
0 0.116406 0.622917 0.020566 0.026042
0 0.108594 0.645833 0.029896 0.05966
0 0.157031 0.680208 0.022675 0.027132
0 0.376563 0.6875 0.017345 0.026058
0 0.583594 0.767708 0.02378 0.036905