0 0.25 0.022917 0.017353 0.027093
0 0.203125 0.039583 0.018048 0.02325
0 0.522656 0.048958 0.023489 0.025902
0 0.763281 0.053125 0.017317 0.024011
0 0.140625 0.067708 0.021901 0.024512
0 0.8625 0.078125 0.022858 0.027444
0 0.357812 0.08125 0.017757 0.026099
0 0.024219 0.114583 0.020627 0.027503
0 0.317969 0.13125 0.021645 0.030804
0 0.252344 0.135417 0.022376 0.031057
0 0.327344 0.144792 0.023298 0.029827
0 0.853906 0.158333 0.032115 0.031533
0 0.030469 0.166667 0.019992 0.026974
0 0.103906 0.176042 0.020566 0.026042
0 0.490625 0.188542 0.019178 0.025168
0 0.242188 0.198958 0.017757 0.026099
0 0.3375 0.2 0.018756 0.022285
0 0.529687 0.211458 0.018827 0.023629
0 0.360938 0.219792 0.019633 0.024542
0 0.389844 0.241667 0.019925 0.025905
0 0.174219 0.254167 0.020072 0.030358
0 0.007713 0.260417 0.015427 0.027243
0 0.783594 0.271875 0.019574 0.023676
0 0.753125 0.28125 0.018784 0.026311
0 0.369531 0.291667 0.020676 0.026744
0 0.441406 0.315625 0.018096 0.024127
0 0.685156 0.323958 0.019794 0.029266
0 0.082812 0.344792 0.022979 0.040745
0 0.442969 0.345833 0.01998 0.028483
0 0.114844 0.347917 0.019534 0.022292
0 0.409375 0.3625 0.028577 0.036218
0 0.544531 0.423958 0.023421 0.033
0 0.575781 0.421875 0.019792 0.025321
0 0.109375 0.425 0.019429 0.026567
0 0.125 0.428125 0.020628 0.031456
0 0.272656 0.428125 0.018442 0.024589
0 0.302344 0.46875 0.03208 0.029695
0 0.034375 0.486458 0.020371 0.024457
0 0.303125 0.4875 0.023466 0.025161
0 0.055469 0.509375 0.022707 0.026328
0 0.838281 0.508333 0.02018 0.026907
0 0.707031 0.514583 0.02574 0.036049
0 0.939063 0.51875 0.018867 0.026122
0 0.135937 0.661458 0.02032 0.023137
0 0.517188 0.6625 0.018354 0.027152
0 0.555469 0.669792 0.021872 0.040681
0 0.948438 0.721875 0.018096 0.024127
0 0.05 0.726042 0.018161 0.023679
0 0.839844 0.752083 0.034006 0.037019
0 0.10625 0.858333 0.019035 0.026241
0 0.840625 0.926042 0.019768 0.025593
0 0.671875 0.941667 0.018304 0.026169
0 0.970313 0.94375 0.020666 0.028723
0 0.514844 0.946875 0.019534 0.022292
0 0.721875 0.969792 0.024837 0.032478
0 0.403125 0.986386 0.022143 0.027227