0 0.122656 0.0125 0.019552 0.024083
0 0.085938 0.013542 0.017759 0.024215
0 0.542188 0.019792 0.020736 0.028573
0 0.489063 0.05 0.018846 0.027254
0 0.028906 0.054167 0.018367 0.028175
0 0.514844 0.055208 0.028128 0.027158
0 0.152344 0.063542 0.019531 0.027421
0 0.636719 0.064583 0.019746 0.030276
0 0.1125 0.066667 0.018324 0.026151
0 0.346875 0.069792 0.02512 0.028147
0 0.746094 0.08125 0.020566 0.026042
0 0.325781 0.094792 0.022918 0.028188
0 0.354687 0.094792 0.021901 0.024512
0 0.705469 0.1 0.022708 0.026425
0 0.249219 0.107292 0.019693 0.028264
0 0.335938 0.121875 0.021313 0.028417
0 0.351562 0.122917 0.018354 0.025228
0 0.632812 0.127083 0.017721 0.025103
0 0.239844 0.13125 0.023475 0.026349
0 0.225781 0.134375 0.023466 0.025161
0 0.635938 0.133333 0.017757 0.026099
0 0.265625 0.142708 0.019401 0.028319
0 0.714063 0.147917 0.019467 0.034408
0 0.209375 0.161458 0.018939 0.024442
0 0.449219 0.164583 0.018867 0.026122
0 0.757031 0.167708 0.02198 0.028333
0 0.127344 0.192708 0.023603 0.028747
0 0.34375 0.202083 0.021362 0.02664
0 0.503125 0.209375 0.021171 0.025078
0 0.7875 0.21875 0.018384 0.029201
0 0.59375 0.225 0.018342 0.027161
0 0.816406 0.238542 0.021179 0.036543
0 0.616406 0.236458 0.029714 0.027485
0 0.707031 0.265625 0.01882 0.024173
0 0.917188 0.277083 0.021677 0.042758
0 0.122656 0.280208 0.023097 0.028871
0 0.71875 0.298958 0.017721 0.025103
0 0.834375 0.301042 0.019601 0.028352
0 0.466406 0.30625 0.022788 0.02699
0 0.676562 0.316667 0.019429 0.026567
0 0.254688 0.321875 0.01813 0.025093
0 0.923438 0.327083 0.017757 0.026099
0 0.794531 0.329167 0.02201 0.026744
0 0.096094 0.333333 0.022067 0.026726
0 0.603125 0.341667 0.025847 0.027406
0 0.480469 0.351042 0.022731 0.029504
0 0.438281 0.364583 0.019638 0.024534
0 0.490625 0.36875 0.021946 0.026299
0 0.441406 0.38125 0.022962 0.031548
0 0.908594 0.385417 0.021844 0.038622
0 0.482812 0.405208 0.019733 0.025046
0 0.272656 0.4125 0.023592 0.027503
0 0.836719 0.415625 0.018784 0.026311
0 0.086719 0.427083 0.023902 0.038808
0 0.13125 0.426042 0.021131 0.02449
0 0.513281 0.432292 0.017317 0.024011
0 0.43125 0.4375 0.021749 0.030635
0 0.117188 0.436458 0.017759 0.024215
0 0.709375 0.455208 0.018939 0.024442
0 0.571875 0.459375 0.024241 0.025176
0 0.719531 0.466667 0.020365 0.026164
0 0.285938 0.470833 0.018331 0.025253
0 0.505469 0.471875 0.022726 0.025872
0 0.860938 0.488542 0.018442 0.024589
0 0.697656 0.490625 0.019543 0.023126
0 0.435937 0.514583 0.021239 0.025868
0 0.80625 0.525 0.021041 0.035526
0 0.303906 0.548958 0.017438 0.024063
0 0.008113 0.560417 0.016225 0.035498
0 0.742188 0.561458 0.023454 0.034399
0 0.108594 0.567708 0.022232 0.035509
0 0.49375 0.5625 0.021333 0.026872
0 0.33125 0.565625 0.017358 0.028131
0 0.797656 0.56875 0.02018 0.026907
0 0.920312 0.569792 0.018096 0.024127
0 0.913281 0.583333 0.02118 0.025185
0 0.086719 0.598958 0.020092 0.030397
0 0.5875 0.611458 0.018342 0.027161
0 0.661719 0.611458 0.020441 0.025129
0 0.03125 0.616667 0.021362 0.02664
0 0.345313 0.627083 0.0195 0.031323
0 0.767188 0.659375 0.01813 0.025093
0 0.965625 0.68125 0.025008 0.027148
0 0.79375 0.690625 0.018331 0.025253
0 0.654687 0.698958 0.021275 0.036483
0 0.744531 0.692708 0.022726 0.025872
0 0.085156 0.697917 0.024769 0.033026
0 0.624219 0.701042 0.017317 0.024011
0 0.755469 0.710417 0.021314 0.02663
0 0.385937 0.715625 0.020826 0.029466
0 0.378906 0.730208 0.022278 0.032502
0 0.976562 0.758333 0.021887 0.025097
0 0.642969 0.761458 0.023103 0.02886
0 0.385937 0.76875 0.02101 0.028935
0 0.454688 0.785417 0.018161 0.023679
0 0.913281 0.795833 0.02018 0.026907
0 0.1625 0.8 0.018406 0.026178
0 0.500781 0.804167 0.023462 0.02542
0 0.140625 0.844792 0.022099 0.027768
0 0.678125 0.851042 0.018442 0.024589
0 0.514062 0.859375 0.020662 0.032453
0 0.240625 0.861458 0.018939 0.024442
0 0.336719 0.871875 0.019733 0.025046
0 0.0625 0.875 0.024247 0.026365
0 0.234375 0.872917 0.018769 0.023116
0 0.85625 0.888542 0.024239 0.02823
0 0.749219 0.897917 0.020627 0.027503
0 0.059375 0.904167 0.019404 0.030301
0 0.032813 0.90625 0.01802 0.023067
0 0.653906 0.913542 0.018052 0.026078
0 0.2875 0.920833 0.021903 0.030739
0 0.244531 0.951042 0.021095 0.032525
0 0.525781 0.960417 0.023462 0.02542
0 0.742188 0.966667 0.022695 0.02514
0 0.248438 0.972917 0.021242 0.026567
0 0.1875 0.986169 0.018888 0.027661
0 0.269531 0.984375 0.021171 0.025078
0 0.790625 0.987495 0.018404 0.025009