0 0.267188 0.007671 0.019613 0.015341
0 0.278125 0.08125 0.018008 0.02309
0 0.811719 0.255208 0.016702 0.023976
0 0.190625 0.267708 0.018442 0.024589
0 0.810937 0.440625 0.021264 0.026134
0 0.190625 0.4625 0.017757 0.026099
0 0.921094 0.560417 0.021896 0.030747
0 0.209375 0.563542 0.018442 0.024589
0 0.219531 0.566667 0.019925 0.025905
0 0.794531 0.611458 0.019613 0.024433
0 0.3 0.678125 0.022254 0.02805
0 0.216406 0.682292 0.017721 0.025103
0 0.192188 0.711458 0.020666 0.028723
0 0.027344 0.734375 0.019792 0.025321
0 0.292969 0.759375 0.019592 0.025156
0 0.190625 0.798958 0.035578 0.046065
0 0.633594 0.802083 0.019429 0.026567
0 0.753125 0.813542 0.01902 0.024748
0 0.076563 0.825 0.017345 0.026058
0 0.68125 0.844792 0.018939 0.024442
0 0.009058 0.858333 0.018116 0.030923
0 0.938281 0.923958 0.019558 0.02407
0 0.371875 0.93125 0.017757 0.026099
0 0.367188 0.933333 0.018354 0.025228
0 0.190625 0.973958 0.018939 0.024442
0 0.311719 0.988494 0.018773 0.023012