0 0.825781 0.022917 0.019534 0.022292
0 0.421875 0.045833 0.018769 0.023116
0 0.878125 0.066667 0.017721 0.025103
0 0.324219 0.073958 0.017819 0.033338
0 0.357812 0.164583 0.021038 0.029672
0 0.809375 0.2375 0.017982 0.022269
0 0.396875 0.245833 0.021141 0.030558
0 0.810156 0.244792 0.016714 0.025008
0 0.434375 0.271875 0.019552 0.024083
0 0.425781 0.282292 0.028957 0.036555
0 0.249219 0.377083 0.019558 0.02407
0 0.040625 0.386458 0.020339 0.023705
0 0.98125 0.388542 0.018442 0.024589
0 0.060937 0.4375 0.020106 0.035458
0 0.113281 0.475 0.02018 0.026907
0 0.435937 0.496875 0.01902 0.024748
0 0.620313 0.501042 0.018639 0.026258
0 0.905469 0.561458 0.018827 0.023629
0 0.74375 0.925 0.019429 0.026567