0 0.870313 0.016667 0.017982 0.022269
0 0.604688 0.019792 0.017721 0.025103
0 0.346094 0.045833 0.018769 0.023116
0 0.467969 0.053125 0.020072 0.030358
0 0.853125 0.083333 0.018124 0.023544
0 0.232813 0.117708 0.018442 0.024589
0 0.626563 0.121875 0.018096 0.024127
0 0.352344 0.15 0.0184 0.026183
0 0.567187 0.160417 0.01875 0.022917
0 0.325781 0.164583 0.018784 0.026311
0 0.567969 0.167708 0.019832 0.026443
0 0.575 0.189583 0.018784 0.026311
0 0.513281 0.192708 0.017317 0.024011
0 0.497656 0.2 0.017337 0.025026
0 0.296094 0.214583 0.019531 0.027421
0 0.826562 0.213542 0.018442 0.024589
0 0.414062 0.228125 0.020339 0.023705
0 0.420312 0.264583 0.02156 0.031471
0 0.390625 0.265625 0.018331 0.025253
0 0.752344 0.3125 0.018442 0.024589
0 0.596094 0.316667 0.019247 0.026491
0 0.721094 0.320833 0.019558 0.02407
0 0.894531 0.340625 0.017438 0.024063
0 0.883594 0.361458 0.018331 0.025253
0 0.84375 0.375 0.018406 0.026178
0 0.549219 0.376042 0.016719 0.026046
0 0.757031 0.382292 0.018876 0.02557
0 0.524219 0.409375 0.022861 0.027439
0 0.71875 0.467708 0.018442 0.024589
0 0.23125 0.484375 0.02032 0.023137
0 0.182812 0.501042 0.020432 0.028638
0 0.399219 0.498958 0.019633 0.024542
0 0.677344 0.509375 0.022523 0.030827
0 0.196875 0.517708 0.018442 0.024589
0 0.417187 0.525 0.021339 0.026862
0 0.301563 0.528125 0.019119 0.025492
0 0.321875 0.545833 0.021239 0.025868
0 0.975781 0.547917 0.020088 0.030344
0 0.509375 0.553125 0.018331 0.025253
0 0.524219 0.576042 0.018442 0.024589
0 0.464844 0.58125 0.019992 0.026974
0 0.771875 0.611458 0.018442 0.024589
0 0.376563 0.640625 0.018354 0.025228
0 0.900781 0.653125 0.019251 0.027293
0 0.53125 0.667708 0.019573 0.024204
0 0.835938 0.688542 0.017337 0.025026
0 0.632812 0.701042 0.02438 0.028302
0 0.721875 0.698958 0.019633 0.024542
0 0.15625 0.709375 0.018161 0.023679
0 0.042969 0.753125 0.018442 0.024589
0 0.625781 0.78125 0.018823 0.029183
0 0.505469 0.796875 0.017317 0.024011
0 0.258594 0.797917 0.018008 0.02309
0 0.50625 0.811458 0.018304 0.026169
0 0.213281 0.8125 0.018827 0.023629
0 0.948438 0.817708 0.018096 0.024127
0 0.376563 0.840625 0.019543 0.023126
0 0.410156 0.855208 0.023521 0.026804
0 0.65625 0.871875 0.018442 0.024589
0 0.6625 0.876042 0.019543 0.023126
0 0.3125 0.935417 0.018442 0.024589
0 0.433594 0.936458 0.018442 0.024589
0 0.763281 0.95 0.025933 0.028897
0 0.321094 0.971875 0.019925 0.025905