0 0.889844 0.021875 0.021787 0.032655
0 0.738281 0.046875 0.017759 0.024215
0 0.166406 0.08125 0.023734 0.034584
0 0.482812 0.105208 0.022464 0.028723
0 0.261719 0.109375 0.023081 0.032753
0 0.014844 0.110417 0.019429 0.026567
0 0.659375 0.122917 0.018773 0.023107
0 0.339062 0.146875 0.02658 0.03231
0 0.238281 0.144792 0.019792 0.025321
0 0.357031 0.145833 0.019638 0.024534
0 0.599219 0.15 0.019972 0.028419
0 0.372656 0.175 0.021145 0.028907
0 0.822656 0.208333 0.023115 0.031409
0 0.589063 0.21875 0.018991 0.026389
0 0.939844 0.255208 0.019638 0.024534
0 0.092188 0.376042 0.021648 0.029332
0 0.234375 0.380208 0.021819 0.028356
0 0.421094 0.395833 0.019247 0.026491
0 0.33125 0.404167 0.022376 0.031057
0 0.871094 0.429167 0.024988 0.032589
0 0.094531 0.459375 0.0197 0.025227
0 0.226562 0.464583 0.023908 0.033445
0 0.985938 0.471875 0.021479 0.027243
0 0.435937 0.48125 0.019429 0.026567
0 0.164062 0.532292 0.027764 0.045342
0 0.061719 0.535417 0.020479 0.026286
0 0.949219 0.554167 0.025464 0.040136
0 0.132031 0.583333 0.018756 0.022285
0 0.136719 0.602083 0.02393 0.031906
0 0.292969 0.653125 0.026519 0.033867
0 0.784375 0.654167 0.018008 0.02309
0 0.108594 0.66875 0.020566 0.026042
0 0.432812 0.705208 0.018442 0.024589
0 0.157031 0.711458 0.025043 0.028321
0 0.601562 0.735417 0.018773 0.023107
0 0.616406 0.751042 0.02591 0.029014
0 0.963281 0.761458 0.020517 0.029536
0 0.171094 0.792708 0.022758 0.028319
0 0.124219 0.797917 0.023319 0.029672
0 0.172656 0.808333 0.020046 0.026244
0 0.146094 0.826042 0.025474 0.037404
0 0.227344 0.830208 0.023597 0.02855
0 0.336719 0.848958 0.030201 0.037399
0 0.535937 0.854167 0.023666 0.033336
0 0.6875 0.857292 0.021816 0.032581
0 0.749219 0.878125 0.019601 0.028352
0 0.773438 0.905208 0.023097 0.028871
0 0.585156 0.958333 0.02018 0.026907
0 0.810937 0.988102 0.025191 0.023795
0 0.629687 0.991282 0.020371 0.017437