0 0.511719 0.048958 0.019925 0.025905
0 0.472656 0.247917 0.024162 0.031385
0 0.892969 0.245833 0.018784 0.026311
0 0.644531 0.28125 0.025784 0.037333
0 0.853906 0.369792 0.032919 0.033202
0 0.557813 0.379167 0.019531 0.026042
0 0.500781 0.38125 0.02664 0.028215
0 0.853906 0.39375 0.025129 0.043986
0 0.498437 0.391667 0.018048 0.02325
0 0.51875 0.394792 0.022658 0.023151
0 0.524219 0.4 0.023459 0.025427
0 0.470313 0.4875 0.0184 0.026183
0 0.617188 0.583333 0.03437 0.03933
0 0.903125 0.625 0.021203 0.030662
0 0.921875 0.7125 0.032063 0.029119
0 0.979688 0.803125 0.026756 0.036666
0 0.969531 0.829167 0.039009 0.05356
0 0.939844 0.827083 0.039133 0.033489