0 0.795312 0.030208 0.025543 0.032425
0 0.401562 0.034375 0.023906 0.033448
0 0.4875 0.075 0.021239 0.025868
0 0.296094 0.103125 0.018939 0.024442
0 0.326562 0.120833 0.018991 0.026389
0 0.235937 0.151042 0.019558 0.02407
0 0.223438 0.167708 0.018939 0.024442
0 0.378125 0.185417 0.024679 0.030191
0 0.808594 0.205208 0.027761 0.038348
0 0.327344 0.205208 0.023319 0.029672
0 0.873437 0.282292 0.019119 0.025492
0 0.801562 0.291667 0.018756 0.022285
0 0.778125 0.317708 0.021645 0.030804
0 0.855469 0.329167 0.027621 0.034701
0 0.964844 0.373958 0.026945 0.031859
0 0.953906 0.389583 0.019746 0.030276
0 0.420312 0.40625 0.025574 0.035632
0 0.645312 0.435417 0.023565 0.027875
0 0.707031 0.51875 0.020046 0.026244
0 0.178906 0.533333 0.030249 0.037874
0 0.228906 0.53125 0.019429 0.026567
0 0.591406 0.55625 0.020627 0.027503
0 0.786719 0.572917 0.031379 0.0349
0 0.034375 0.594792 0.01902 0.024748
0 0.263281 0.640625 0.022937 0.028155
0 0.59375 0.663542 0.030922 0.038189
0 0.267188 0.69375 0.022376 0.031057
0 0.792188 0.701042 0.025021 0.038856
0 0.65 0.708333 0.018784 0.026311
0 0.008549 0.732292 0.017098 0.032779
0 0.69375 0.759375 0.02101 0.028935
0 0.045312 0.788542 0.018442 0.024589
0 0.717187 0.838542 0.022861 0.027439
0 0.307031 0.857292 0.028303 0.032876
0 0.257031 0.878125 0.026649 0.035671
0 0.573438 0.882292 0.019558 0.02407
0 0.507812 0.886458 0.02486 0.031
0 0.549219 0.897917 0.0184 0.026183
0 0.414844 0.91875 0.019429 0.026567
0 0.520312 0.921875 0.027753 0.032981
0 0.667969 0.947917 0.02486 0.031
0 0.740625 0.947917 0.017721 0.025103
0 0.207813 0.957292 0.024384 0.02969
0 0.622656 0.95625 0.019446 0.026546