0 0.725781 0.012093 0.025984 0.024186
0 0.5375 0.013929 0.025354 0.027857
0 0.058594 0.015625 0.018846 0.02378
0 0.3875 0.019792 0.022027 0.030978
0 0.483594 0.019792 0.02336 0.033114
0 0.601562 0.017708 0.023451 0.027139
0 0.775781 0.019792 0.020661 0.028728
0 0.875781 0.027083 0.022193 0.03277
0 0.221094 0.029167 0.022883 0.028677
0 0.250781 0.032292 0.022731 0.029504
0 0.596875 0.046875 0.022908 0.031203
0 0.636719 0.053125 0.022346 0.029794
0 0.247656 0.080208 0.027189 0.043365
0 0.928906 0.075 0.026 0.030914
0 0.976562 0.073958 0.023607 0.028741
0 0.465625 0.08125 0.023185 0.034666
0 0.078906 0.080208 0.022768 0.026762
0 0.801562 0.083333 0.022673 0.031282
0 0.500781 0.085417 0.019909 0.025929
0 0.858594 0.086458 0.022937 0.028155
0 0.317969 0.089583 0.021546 0.027548
0 0.328906 0.090625 0.023103 0.02886
0 0.689063 0.095833 0.022815 0.027608
0 0.516406 0.098958 0.020537 0.027934
0 0.823438 0.102083 0.03054 0.030961
0 0.339844 0.108333 0.022211 0.038601
0 0.355469 0.109375 0.022193 0.03277
0 0.139844 0.11875 0.02018 0.026907
0 0.225 0.11875 0.020231 0.026656
0 0.686719 0.122917 0.02708 0.032573
0 0.1 0.126042 0.02456 0.029745
0 0.966406 0.15 0.022365 0.0337
0 0.378906 0.155208 0.026305 0.036148
0 0.849219 0.161458 0.028703 0.041842
0 0.21875 0.161458 0.024274 0.028304
0 0.717969 0.163542 0.018939 0.024442
0 0.546875 0.172917 0.025002 0.031555
0 0.235156 0.172917 0.019832 0.026443
0 0.526563 0.184375 0.024516 0.030178
0 0.972656 0.185417 0.023857 0.035077
0 0.6125 0.184375 0.023451 0.027139
0 0.2 0.1875 0.021896 0.030747
0 0.4 0.192708 0.02989 0.035805
0 0.144531 0.190625 0.022937 0.028155
0 0.794531 0.192708 0.02306 0.029195
0 0.280469 0.191667 0.0211 0.027734
0 0.550781 0.205208 0.032859 0.031006
0 0.8375 0.203125 0.022447 0.02875
0 0.308594 0.20625 0.024076 0.032101
0 0.782813 0.219792 0.025323 0.037101
0 0.767969 0.220833 0.024255 0.035228
0 0.496875 0.223958 0.021924 0.029232
0 0.615625 0.226042 0.018939 0.024442
0 0.685937 0.235417 0.023194 0.031666
0 0.371875 0.235417 0.023475 0.026349
0 0.547656 0.234375 0.018921 0.024472
0 0.654687 0.248958 0.024384 0.02969
0 0.672656 0.25 0.022656 0.031302
0 0.296875 0.252083 0.022479 0.030881
0 0.469531 0.254167 0.022254 0.031093
0 0.715625 0.259375 0.02563 0.034173
0 0.492188 0.263542 0.0257 0.033535
0 0.914844 0.271875 0.023854 0.033205
0 0.964844 0.269792 0.022883 0.028677
0 0.549219 0.282292 0.024335 0.044898
0 0.19375 0.283333 0.021645 0.030804
0 0.958594 0.283333 0.02018 0.026907
0 0.494531 0.292708 0.025896 0.042983
0 0.654687 0.295833 0.025834 0.037957
0 0.090625 0.297917 0.025084 0.027371
0 0.416406 0.298958 0.019925 0.025905
0 0.367969 0.301042 0.023863 0.029661
0 0.955469 0.304167 0.022861 0.027439
0 0.242188 0.308333 0.02545 0.035034
0 0.295312 0.308333 0.020583 0.030478
0 0.619531 0.307292 0.023476 0.030208
0 0.188281 0.313542 0.023305 0.036814
0 0.471875 0.309375 0.020666 0.028723
0 0.746094 0.314583 0.023491 0.027306
0 0.892969 0.314583 0.02095 0.027383
0 0.814063 0.315625 0.018827 0.023629
0 0.651563 0.326042 0.030739 0.036168
0 0.54375 0.326042 0.024565 0.029737
0 0.617188 0.333333 0.026435 0.040939
0 0.821094 0.334375 0.023139 0.033697
0 0.053906 0.33125 0.018406 0.026178
0 0.492969 0.332292 0.023162 0.029482
0 0.282031 0.354167 0.023362 0.031655
0 0.2 0.355208 0.0211 0.027734
0 0.850781 0.358333 0.023874 0.032174
0 0.107031 0.363542 0.025984 0.029621
0 0.104688 0.380208 0.021239 0.025868
0 0.982031 0.380208 0.019638 0.024534
0 0.027344 0.401042 0.02903 0.030582
0 0.774219 0.417708 0.034993 0.041961
0 0.330469 0.428125 0.020432 0.028638
0 0.182031 0.43125 0.023055 0.028598
0 0.234375 0.429167 0.021239 0.025868
0 0.751563 0.433333 0.02365 0.028234
0 0.891406 0.444792 0.020432 0.028638
0 0.375 0.447917 0.021645 0.030804
0 0.660937 0.451042 0.021119 0.029767
0 0.727344 0.453125 0.022849 0.032869
0 0.801562 0.455208 0.022656 0.032292
0 0.705469 0.461458 0.024332 0.035222
0 0.653906 0.478125 0.027826 0.033764
0 0.85625 0.479167 0.024652 0.030465
0 0.551562 0.48125 0.022906 0.03454
0 0.842969 0.483333 0.022876 0.031243
0 0.960938 0.484375 0.021894 0.030912
0 0.271875 0.484375 0.021172 0.028874
0 0.991489 0.486458 0.017021 0.029952
0 0.115625 0.49375 0.024425 0.030612
0 0.402344 0.494792 0.022756 0.02825
0 0.533594 0.494792 0.022447 0.02875
0 0.18125 0.501042 0.020945 0.028672
0 0.58125 0.517708 0.02686 0.03622
0 0.28125 0.517708 0.021504 0.027927
0 0.597656 0.520833 0.024038 0.035041
0 0.13125 0.51875 0.02018 0.026907
0 0.217188 0.519792 0.021259 0.028345
0 0.325781 0.527083 0.026004 0.03357
0 0.34375 0.530208 0.025761 0.040088
0 0.0625 0.526042 0.023054 0.029204
0 0.246875 0.530208 0.024247 0.026365
0 0.774219 0.536458 0.028545 0.036751
0 0.570312 0.536458 0.021658 0.029319
0 0.288281 0.545833 0.029304 0.033308
0 0.353906 0.546875 0.022438 0.032662
0 0.611719 0.545833 0.023103 0.02886
0 0.865625 0.566667 0.021203 0.030662
0 0.746094 0.573958 0.022143 0.027371
0 0.917188 0.572917 0.024326 0.027335
0 0.313281 0.573958 0.023162 0.029482
0 0.564844 0.577083 0.027054 0.032892
0 0.355469 0.576042 0.019792 0.025321
0 0.266406 0.58125 0.022523 0.030827
0 0.149219 0.583333 0.020801 0.028133
0 0.2875 0.586458 0.023511 0.028281
0 0.576562 0.61875 0.044595 0.070385
0 0.500781 0.595833 0.021423 0.027163
0 0.616406 0.6 0.023161 0.029971
0 0.69375 0.601042 0.025042 0.032134
0 0.300781 0.598958 0.020566 0.026042
0 0.946094 0.607292 0.022979 0.034747
0 0.471094 0.603125 0.019574 0.023676
0 0.383594 0.616667 0.02306 0.029195
0 0.913281 0.627083 0.02336 0.033114
0 0.479687 0.644792 0.024535 0.029481
0 0.290625 0.65 0.023978 0.031181
0 0.838281 0.653125 0.022731 0.029504
0 0.360938 0.659375 0.022781 0.032106
0 0.784375 0.661458 0.021648 0.029332
0 0.651563 0.663542 0.022625 0.029341
0 0.0125 0.663542 0.021989 0.028877
0 0.4 0.669792 0.022672 0.032831
0 0.752344 0.66875 0.023438 0.03125
0 0.74375 0.677083 0.022922 0.031445
0 0.941406 0.676042 0.022768 0.026762
0 0.353125 0.69375 0.024849 0.033743
0 0.717187 0.696875 0.024182 0.034926
0 0.017969 0.691667 0.019558 0.02407
0 0.95 0.697917 0.021479 0.027243
0 0.598437 0.705208 0.023451 0.027139
0 0.126562 0.708333 0.025072 0.030368
0 0.267969 0.710417 0.025982 0.033258
0 0.148438 0.720833 0.030667 0.032447
0 0.6375 0.720833 0.023908 0.03091
0 0.065625 0.720833 0.022051 0.026939
0 0.936719 0.729167 0.024447 0.033091
0 0.009375 0.734375 0.018367 0.028175
0 0.817969 0.7375 0.022937 0.028155
0 0.686719 0.739583 0.019832 0.026443
0 0.03125 0.745833 0.032942 0.036892
0 0.136719 0.742708 0.024322 0.027345
0 0.089063 0.747917 0.018769 0.023116
0 0.75 0.761458 0.023451 0.027139
0 0.769531 0.767708 0.02101 0.028935
0 0.063281 0.770833 0.019768 0.025593
0 0.507812 0.771875 0.021546 0.027548
0 0.976562 0.770833 0.019534 0.022292
0 0.453906 0.778125 0.022874 0.032977
0 0.485938 0.777083 0.021504 0.027927
0 0.174219 0.78125 0.021116 0.030583
0 0.3875 0.780208 0.019633 0.024542
0 0.666406 0.789583 0.029917 0.037737
0 0.439063 0.785417 0.021423 0.027163
0 0.567969 0.788542 0.023476 0.030208
0 0.022656 0.790625 0.020154 0.028445
0 0.335156 0.795833 0.023432 0.030501
0 0.0125 0.79375 0.019534 0.022292
0 0.5375 0.801042 0.025932 0.038994
0 0.801562 0.803125 0.022874 0.032977
0 0.440625 0.80625 0.022152 0.027355
0 0.495312 0.814583 0.032042 0.037611
0 0.351562 0.813542 0.021816 0.032581
0 0.414062 0.820833 0.021459 0.027275
0 0.035937 0.820833 0.02077 0.027051
0 0.702344 0.836458 0.02269 0.029686
0 0.392969 0.852083 0.02278 0.034774
0 0.515625 0.852083 0.021239 0.025868
0 0.320312 0.857292 0.019925 0.028323
0 0.785937 0.873958 0.024262 0.033667
0 0.422656 0.876042 0.029168 0.032641
0 0.524219 0.88125 0.03279 0.042188
0 0.682031 0.879167 0.023576 0.027289
0 0.159375 0.882292 0.020432 0.028638
0 0.188281 0.8875 0.021653 0.030795
0 0.814063 0.890625 0.021924 0.029232
0 0.430469 0.890625 0.019534 0.022292
0 0.370312 0.903125 0.022656 0.028125
0 0.630469 0.919792 0.025545 0.038899
0 0.24375 0.917708 0.021011 0.029578
0 0.416406 0.917708 0.025957 0.03004
0 0.867969 0.917708 0.019733 0.025046
0 0.821875 0.93125 0.021689 0.030701
0 0.360938 0.932292 0.02118 0.025185
0 0.975781 0.936458 0.023227 0.029506
0 0.801562 0.942708 0.022479 0.030881
0 0.532031 0.947917 0.025545 0.038899
0 0.767188 0.948958 0.021447 0.032454
0 0.503906 0.947917 0.02077 0.027051
0 0.646094 0.95 0.026041 0.030394
0 0.076563 0.958333 0.02123 0.025887
0 0.288281 0.959375 0.028143 0.028363
0 0.419531 0.966667 0.022798 0.02679
0 0.504687 0.969792 0.021582 0.032612
0 0.30625 0.969792 0.02123 0.025887
0 0.655469 0.969792 0.016714 0.025008
0 0.897656 0.971875 0.023319 0.029672
0 0.228906 0.971875 0.021901 0.024512
0 0.914844 0.975 0.020627 0.027503
0 0.636719 0.977083 0.023744 0.028698
0 0.817969 0.976042 0.021656 0.028229
0 0.211719 0.984954 0.025198 0.030093
0 0.921094 0.986902 0.023668 0.026196