0 0.254688 0.010717 0.025072 0.021434
0 0.059375 0.011908 0.02674 0.023815
0 0.505469 0.012842 0.024804 0.025683
0 0.116406 0.015625 0.022152 0.027355
0 0.747656 0.019792 0.032126 0.031192
0 0.528125 0.03125 0.020231 0.026656
0 0.44375 0.0375 0.019429 0.026567
0 0.272656 0.059375 0.035246 0.054558
0 0.350781 0.044792 0.019627 0.024405
0 0.342187 0.05 0.020697 0.026524
0 0.945312 0.054167 0.02394 0.030422
0 0.036719 0.077083 0.026282 0.033373
0 0.142969 0.090625 0.02317 0.029214
0 0.920312 0.113542 0.021702 0.035583
0 0.544531 0.155208 0.026571 0.034874
0 0.925 0.166667 0.020341 0.025073
0 0.983594 0.183333 0.023668 0.031558
0 0.733594 0.194792 0.019247 0.026491
0 0.610156 0.194792 0.018846 0.02378
0 0.507812 0.20625 0.020231 0.026656
0 0.517969 0.230208 0.026671 0.041275
0 0.265625 0.229167 0.02749 0.031005
0 0.310156 0.229167 0.0184 0.026183
0 0.428125 0.233333 0.027825 0.035897
0 0.457813 0.239583 0.029114 0.036244
0 0.577344 0.240625 0.02583 0.032635
0 0.184375 0.284375 0.027761 0.038563
0 0.560937 0.291667 0.018991 0.026389
0 0.15 0.305208 0.022186 0.028591
0 0.374219 0.308333 0.025589 0.035797
0 0.132812 0.310417 0.024847 0.031127
0 0.234375 0.315625 0.017317 0.024011
0 0.416406 0.31875 0.019119 0.025492
0 0.06875 0.352083 0.021946 0.026299
0 0.376563 0.404167 0.021978 0.027245
0 0.066406 0.4125 0.02404 0.038845
0 0.141406 0.417708 0.022937 0.028155
0 0.9625 0.430208 0.024629 0.040766
0 0.196094 0.439583 0.025215 0.032495
0 0.273438 0.447917 0.019119 0.025492
0 0.098437 0.453125 0.023502 0.033261
0 0.310937 0.465625 0.031318 0.037965
0 0.439844 0.480208 0.036027 0.03795
0 0.244531 0.489583 0.026524 0.033859
0 0.107031 0.508333 0.026681 0.041345
0 0.569531 0.505208 0.024371 0.03362
0 0.732031 0.520833 0.034572 0.03905
0 0.515625 0.536458 0.021915 0.02956
0 0.28125 0.567708 0.023645 0.033053
0 0.967187 0.570833 0.021203 0.030662
0 0.651563 0.580208 0.018442 0.024589
0 0.509375 0.588542 0.025969 0.032604
0 0.191406 0.602083 0.025727 0.032655
0 0.185938 0.641667 0.032479 0.055578
0 0.525 0.654167 0.03014 0.04714
0 0.325 0.6625 0.018331 0.025253
0 0.285938 0.667708 0.024341 0.028597
0 0.360156 0.675 0.029732 0.034452
0 0.214844 0.684375 0.023081 0.032753
0 0.871875 0.690625 0.024459 0.028776
0 0.176563 0.7 0.027099 0.03509
0 0.215625 0.703125 0.024698 0.032251
0 0.466406 0.709375 0.022376 0.031057
0 0.116406 0.715625 0.017759 0.024215
0 0.114062 0.730208 0.025928 0.037207
0 0.461719 0.734375 0.018756 0.022285
0 0.39375 0.75625 0.025899 0.036038
0 0.170313 0.778125 0.024899 0.034055
0 0.923438 0.778125 0.018442 0.024589
0 0.398438 0.786458 0.025747 0.034775
0 0.752344 0.797917 0.046397 0.047423
0 0.694531 0.792708 0.021302 0.02814
0 0.370312 0.798958 0.03041 0.038352
0 0.332031 0.804167 0.02736 0.033349
0 0.572656 0.80625 0.026848 0.034118
0 0.019531 0.822917 0.025552 0.034516
0 0.211719 0.819792 0.019415 0.028306
0 0.840625 0.821875 0.028106 0.035108
0 0.702344 0.835417 0.019733 0.025046
0 0.134375 0.85625 0.027621 0.034701
0 0.725 0.869792 0.032656 0.042753
0 0.282031 0.871875 0.023511 0.028281
0 0.341406 0.872917 0.02356 0.030315
0 0.271094 0.879167 0.026709 0.037161
0 0.29375 0.873958 0.01998 0.028483
0 0.157031 0.8875 0.02882 0.040536
0 0.269531 0.972917 0.038719 0.040298
0 0.886719 0.984214 0.0236 0.031573