0 0.460156 0.041667 0.01802 0.023067
0 0.458594 0.05 0.018442 0.024589
0 0.225781 0.096875 0.022661 0.024109
0 0.345313 0.1 0.018406 0.026178
0 0.246094 0.176042 0.018051 0.025047
0 0.499219 0.309375 0.017337 0.025026
0 0.372656 0.325 0.018304 0.026169
0 0.992265 0.328125 0.015471 0.024589
0 0.386719 0.344792 0.027348 0.024567
0 0.570312 0.396875 0.018096 0.024127
0 0.269531 0.417708 0.026083 0.03037
0 0.501563 0.436458 0.021901 0.024512
0 0.739062 0.511458 0.018304 0.026169
0 0.035156 0.51875 0.022067 0.026726
0 0.732812 0.538542 0.019119 0.025492
0 0.05625 0.554167 0.019195 0.026357
0 0.514062 0.560417 0.018991 0.026389
0 0.567969 0.563542 0.028917 0.025991
0 0.814844 0.567708 0.019792 0.025321
0 0.269531 0.644792 0.019832 0.026443
0 0.686719 0.680208 0.022894 0.03668
0 0.525 0.704167 0.021899 0.034554
0 0.446875 0.719792 0.02111 0.023724
0 0.084375 0.733333 0.019832 0.026443
0 0.389844 0.769792 0.02032 0.023137
0 0.398438 0.775 0.020521 0.026513
0 0.09375 0.78125 0.01813 0.025093
0 0.089063 0.79375 0.021239 0.025868
0 0.689844 0.853125 0.022918 0.028188
0 0.096875 0.8875 0.020566 0.026042
0 0.544531 0.901042 0.019972 0.028419
0 0.709375 0.9375 0.018442 0.024589
0 0.088281 0.955208 0.018079 0.029176
0 0.828906 0.953125 0.018442 0.024589
0 0.489844 0.960417 0.020046 0.026244
0 0.102344 0.963542 0.018769 0.023116
0 0.432031 0.978125 0.020371 0.024457
0 0.851562 0.984375 0.018096 0.024127