0 0.132812 0.03125 0.032042 0.037611
0 0.546094 0.029167 0.023319 0.033718
0 0.532813 0.054167 0.024079 0.030374
0 0.582031 0.070833 0.03542 0.037822
0 0.178125 0.107292 0.033617 0.042044
0 0.575781 0.102083 0.019627 0.024405
0 0.107031 0.134375 0.029569 0.03569
0 0.115625 0.1875 0.023244 0.031704
0 0.135937 0.2 0.020341 0.025073
0 0.8125 0.222917 0.024377 0.029518
0 0.652344 0.228125 0.023259 0.032779
0 0.338281 0.234375 0.020328 0.024087
0 0.85625 0.242708 0.023505 0.034935
0 0.442969 0.254167 0.027672 0.036151
0 0.163281 0.266667 0.029551 0.048614
0 0.932031 0.263542 0.020147 0.028452
0 0.603125 0.266667 0.020745 0.031408
0 0.350781 0.273958 0.019627 0.024405
0 0.386719 0.283333 0.02394 0.030422
0 0.191406 0.291667 0.027213 0.040624
0 0.722656 0.30625 0.026763 0.037361
0 0.210938 0.352083 0.02457 0.036211
0 0.542969 0.369792 0.019543 0.023126
0 0.438281 0.394792 0.019792 0.025321
0 0.744531 0.434375 0.023476 0.030208
0 0.45625 0.441667 0.027461 0.03012
0 0.765625 0.444792 0.024512 0.033827
0 0.238281 0.496875 0.025124 0.02956
0 0.553906 0.504167 0.020454 0.02833
0 0.946875 0.517708 0.021816 0.032581
0 0.0125 0.517708 0.021161 0.025349
0 0.9125 0.51875 0.018773 0.023107
0 0.422656 0.559375 0.042188 0.045083
0 0.739062 0.559375 0.022874 0.032977
0 0.463281 0.563542 0.020328 0.024087
0 0.982031 0.567708 0.023103 0.02886
0 0.705469 0.598958 0.030709 0.033769
0 0.910937 0.711458 0.021228 0.032366
0 0.388281 0.71875 0.031403 0.039528
0 0.28125 0.742708 0.024238 0.037515
0 0.885156 0.745833 0.040625 0.030208
0 0.45 0.767708 0.021161 0.025349
0 0.464844 0.767708 0.021161 0.025349
0 0.432031 0.783333 0.025009 0.037163
0 0.941406 0.785417 0.021447 0.032454
0 0.414844 0.821875 0.025244 0.042941
0 0.147656 0.854167 0.031975 0.053609
0 0.509375 0.844792 0.021701 0.028014
0 0.699219 0.889583 0.021508 0.03051
0 0.547656 0.916667 0.036969 0.041367
0 0.692969 0.910417 0.020801 0.028133