0 0.621875 0.09375 0.033847 0.043679
0 0.169531 0.170833 0.018052 0.026078
0 0.878906 0.18125 0.023668 0.031558
0 0.9 0.214583 0.021202 0.026349
0 0.214062 0.227083 0.020341 0.025073
0 0.394531 0.267708 0.03253 0.038959
0 0.017285 0.378125 0.03457 0.051037
0 0.799219 0.414583 0.021946 0.026299
0 0.009245 0.421875 0.01849 0.025321
0 0.9125 0.50625 0.031264 0.061781
0 0.04375 0.519792 0.020454 0.02833
0 0.607031 0.604167 0.022051 0.026939
0 0.569531 0.611458 0.029228 0.035147
0 0.225 0.910417 0.025394 0.035366
0 0.760156 0.972917 0.018354 0.025228