0 0.627344 0.007565 0.017317 0.015131
0 0.639062 0.007685 0.021131 0.01537
0 0.184375 0.025 0.027157 0.038174
0 0.503906 0.017708 0.017438 0.024063
0 0.175 0.051042 0.021575 0.028766
0 0.277344 0.05 0.023529 0.026601
0 0.117969 0.054167 0.019909 0.025929
0 0.879687 0.058333 0.022445 0.031649
0 0.478906 0.059375 0.022861 0.027439
0 0.05 0.071875 0.017835 0.025128
0 0.755469 0.079167 0.020579 0.030481
0 0.821875 0.085417 0.023319 0.031093
0 0.803906 0.094792 0.018096 0.024127
0 0.827344 0.097917 0.020479 0.026286
0 0.247656 0.103125 0.019401 0.028319
0 0.616406 0.10625 0.020566 0.026042
0 0.7125 0.108333 0.018846 0.027254
0 0.232031 0.110417 0.022245 0.028848
0 0.171875 0.116667 0.037602 0.034281
0 0.722656 0.119792 0.022129 0.030969
0 0.095312 0.13125 0.018384 0.029201
0 0.844531 0.136458 0.019733 0.025046
0 0.375 0.139583 0.021459 0.027275
0 0.857031 0.146875 0.019543 0.023126
0 0.66875 0.148958 0.018096 0.024127
0 0.86875 0.15 0.024274 0.026767
0 0.006297 0.153125 0.012595 0.024442
0 0.225781 0.161458 0.02032 0.023137
0 0.325781 0.166667 0.019992 0.026974
0 0.132812 0.169792 0.020697 0.026524
0 0.146094 0.169792 0.019733 0.025046
0 0.489844 0.171875 0.018805 0.027121
0 0.30625 0.175 0.021333 0.026872
0 0.484375 0.177083 0.020412 0.025429
0 0.124219 0.18125 0.0184 0.026183
0 0.550781 0.198958 0.019627 0.024405
0 0.311719 0.201042 0.023489 0.025902
0 0.295312 0.207292 0.02123 0.025887
0 0.05625 0.211458 0.018331 0.025253
0 0.839063 0.213542 0.020371 0.024457
0 0.880469 0.215625 0.023162 0.029482
0 0.664062 0.227083 0.021239 0.025868
0 0.557813 0.236458 0.021946 0.026299
0 0.503125 0.251042 0.020371 0.024457
0 0.449219 0.264583 0.02336 0.033114
0 0.466406 0.270833 0.025443 0.032248
0 0.089063 0.272917 0.022657 0.03289
0 0.852344 0.270833 0.02273 0.025968
0 0.742969 0.272917 0.020697 0.026524
0 0.925781 0.289583 0.019531 0.027421
0 0.990625 0.302083 0.018076 0.028136
0 0.739062 0.30625 0.022657 0.03289
0 0.516406 0.30625 0.019365 0.027345
0 0.563281 0.310417 0.023444 0.025108
0 0.7875 0.314583 0.023813 0.032672
0 0.9875 0.314583 0.018085 0.031254
0 0.500781 0.316667 0.019476 0.030306
0 0.55625 0.31875 0.021749 0.030635
0 0.254688 0.325 0.018773 0.023107
0 0.251563 0.332292 0.018939 0.024442
0 0.4125 0.347917 0.023444 0.025108
0 0.348438 0.35 0.018769 0.023116
0 0.100781 0.359375 0.01882 0.024173
0 0.407031 0.36875 0.02018 0.026907
0 0.663281 0.375 0.022828 0.030437
0 0.170313 0.378125 0.023523 0.026519
0 0.748437 0.379167 0.019609 0.026145
0 0.842187 0.391667 0.022717 0.033827
0 0.541406 0.396875 0.023385 0.032449
0 0.067187 0.396875 0.023872 0.034946
0 0.851562 0.392708 0.02118 0.025185
0 0.924219 0.402083 0.021787 0.032655
0 0.690625 0.401042 0.018384 0.029201
0 0.371094 0.4125 0.022995 0.032052
0 0.700781 0.411458 0.023103 0.02886
0 0.645312 0.413542 0.020364 0.024472
0 0.315625 0.417708 0.021878 0.023148
0 0.546875 0.422917 0.018342 0.027161
0 0.698438 0.43125 0.021161 0.025349
0 0.028125 0.432292 0.018442 0.024589
0 0.098437 0.447917 0.020365 0.027758
0 0.484375 0.451042 0.018384 0.029201
0 0.009961 0.45625 0.019922 0.03289
0 0.302344 0.45625 0.022518 0.033598
0 0.467187 0.460417 0.02077 0.027051
0 0.509375 0.466667 0.022114 0.034653
0 0.428906 0.466667 0.022947 0.027986
0 0.648438 0.476042 0.018442 0.024589
0 0.984375 0.480208 0.018442 0.024589
0 0.784375 0.49375 0.018991 0.026389
0 0.439063 0.495833 0.019531 0.027421
0 0.290625 0.496875 0.024341 0.028597
0 0.360156 0.495833 0.022726 0.025872
0 0.046094 0.498958 0.019613 0.024433
0 0.596094 0.503125 0.022303 0.032753
0 0.397656 0.501042 0.023489 0.025902
0 0.689844 0.509375 0.02118 0.025185
0 0.171875 0.51875 0.01813 0.025093
0 0.446094 0.520833 0.021887 0.025097
0 0.530469 0.520833 0.019925 0.025905
0 0.7875 0.521875 0.018442 0.024589
0 0.88125 0.526042 0.021924 0.029232
0 0.975 0.526042 0.021239 0.025868
0 0.29375 0.533333 0.019609 0.026145
0 0.486719 0.5375 0.019071 0.027215
0 0.458594 0.55625 0.019681 0.02538
0 0.953906 0.555208 0.019633 0.024542
0 0.113281 0.559375 0.019794 0.029266
0 0.6625 0.563542 0.018442 0.024589
0 0.05625 0.569792 0.018888 0.028239
0 0.196094 0.571875 0.023489 0.025902
0 0.53125 0.58125 0.02077 0.027051
0 0.317188 0.585417 0.027478 0.029723
0 0.176563 0.601042 0.020661 0.028728
0 0.486719 0.598958 0.019733 0.025046
0 0.777344 0.604167 0.023778 0.030992
0 0.907813 0.605208 0.018096 0.024127
0 0.197656 0.609375 0.01998 0.028483
0 0.861719 0.617708 0.019633 0.024542
0 0.190625 0.63125 0.025591 0.031969
0 0.2125 0.633333 0.02273 0.025968
0 0.128906 0.638542 0.019638 0.024534
0 0.96875 0.644792 0.023451 0.024539
0 0.361719 0.648958 0.018939 0.024442
0 0.071094 0.657292 0.024229 0.027144
0 0.839063 0.670833 0.021903 0.030739
0 0.85 0.670833 0.02486 0.031
0 0.54375 0.678125 0.018331 0.025253
0 0.419531 0.686458 0.025257 0.029424
0 0.614844 0.688542 0.021222 0.032511
0 0.73125 0.684375 0.021881 0.024108
0 0.152344 0.7 0.029169 0.032867
0 0.365625 0.701042 0.018939 0.024442
0 0.804688 0.702083 0.018029 0.025068
0 0.867969 0.701042 0.019733 0.025046
0 0.522656 0.707292 0.022129 0.030969
0 0.219531 0.709375 0.020018 0.028372
0 0.114062 0.7125 0.019633 0.024542
0 0.753125 0.716667 0.022026 0.030025
0 0.848437 0.713542 0.019119 0.025492
0 0.959375 0.713542 0.018331 0.025253
0 0.367969 0.71875 0.019724 0.029262
0 0.394531 0.721875 0.022858 0.027444
0 0.123438 0.726042 0.019818 0.02843
0 0.624219 0.73125 0.020088 0.030344
0 0.373437 0.734375 0.018442 0.024589
0 0.771094 0.74375 0.020091 0.02753
0 0.6375 0.753125 0.021504 0.027927
0 0.083594 0.764583 0.022901 0.029626
0 0.414844 0.764583 0.020627 0.027503
0 0.764844 0.776042 0.019818 0.02843
0 0.142969 0.778125 0.019792 0.025321
0 0.482812 0.780208 0.018442 0.024589
0 0.31875 0.794792 0.024377 0.029703
0 0.941406 0.795833 0.018052 0.026078
0 0.776563 0.802083 0.02118 0.025185
0 0.465625 0.804167 0.021239 0.025868
0 0.675 0.8125 0.024045 0.035033
0 0.239063 0.810417 0.018639 0.026258
0 0.528906 0.811458 0.020147 0.028452
0 0.376563 0.814583 0.021198 0.026257
0 0.817969 0.815625 0.01882 0.024173
0 0.690625 0.825 0.024309 0.027699
0 0.719531 0.826042 0.019251 0.027293
0 0.65625 0.827083 0.017757 0.026099
0 0.486719 0.83125 0.019925 0.025905
0 0.982031 0.84375 0.018769 0.023116
0 0.489844 0.847917 0.020521 0.026513
0 0.114844 0.85 0.019071 0.027215
0 0.672656 0.854167 0.01995 0.031372
0 0.155469 0.857292 0.019714 0.027305
0 0.138281 0.860417 0.019247 0.026491
0 0.03125 0.884375 0.018442 0.024589
0 0.871875 0.886458 0.017982 0.022269
0 0.596094 0.892708 0.023462 0.02542
0 0.403906 0.898958 0.026282 0.033373
0 0.639844 0.902083 0.019925 0.025905
0 0.866406 0.904167 0.0201 0.026364
0 0.686719 0.907292 0.019445 0.029302
0 0.191406 0.908333 0.023475 0.026349
0 0.960938 0.908333 0.018406 0.026178
0 0.970313 0.9125 0.019475 0.035443
0 0.253906 0.923958 0.017438 0.024063
0 0.657813 0.927083 0.020339 0.023705
0 0.353906 0.930208 0.019733 0.025046
0 0.778906 0.934375 0.019404 0.030301
0 0.455469 0.940625 0.021447 0.032454
0 0.544531 0.940625 0.020528 0.029524
0 0.375 0.969792 0.017757 0.026099
0 0.383594 0.975 0.018991 0.026389