0 0.973437 0.079167 0.017721 0.025103
0 0.409375 0.185417 0.019446 0.026546
0 0.20625 0.191667 0.021459 0.027275
0 0.58125 0.217708 0.02118 0.025185
0 0.6125 0.253125 0.018367 0.028175
0 0.741406 0.275 0.018406 0.026178
0 0.275781 0.3125 0.020566 0.026042
0 0.264844 0.395833 0.018065 0.027104
0 0.264062 0.404167 0.018324 0.026151
0 0.630469 0.422917 0.024076 0.032101
0 0.314063 0.488542 0.018882 0.032321
0 0.421875 0.508333 0.026562 0.026042
0 0.971094 0.563542 0.022656 0.023958
0 0.716406 0.659375 0.016724 0.028126
0 0.711719 0.658333 0.017348 0.026056
0 0.557031 0.661458 0.017658 0.024165
0 0.253125 0.704167 0.020092 0.030397
0 0.527344 0.788542 0.018008 0.02309
0 0.514062 0.826042 0.018304 0.026169
0 0.658594 0.9125 0.021978 0.027245
0 0.111719 0.913542 0.017317 0.024011
0 0.914844 0.915625 0.017658 0.024165