0 0.080469 0.030208 0.019613 0.024433
0 0.196875 0.091667 0.017337 0.025026
0 0.596875 0.132292 0.017759 0.024215
0 0.169531 0.184375 0.020372 0.028564
0 0.657031 0.261458 0.017301 0.024027
0 0.342187 0.379167 0.018817 0.02711
0 0.335156 0.453125 0.017317 0.024011
0 0.190625 0.483333 0.017721 0.025103
0 0.438281 0.517708 0.017317 0.024011
0 0.56875 0.566667 0.018756 0.022285
0 0.719531 0.609375 0.019613 0.024433
0 0.821094 0.625 0.019782 0.028249
0 0.049219 0.657292 0.01882 0.024173
0 0.6375 0.692708 0.019976 0.032385
0 0.553906 0.690625 0.019543 0.023126
0 0.375 0.7625 0.018991 0.026389
0 0.910937 0.815625 0.018908 0.03647
0 0.717187 0.815625 0.017759 0.024215
0 0.459375 0.85625 0.02203 0.026707
0 0.936719 0.872917 0.019832 0.026443
0 0.849219 0.898958 0.019012 0.028214
0 0.817969 0.908333 0.019832 0.026443
0 0.797656 0.984375 0.018161 0.023679