0 0.390625 0.03125 0.027516 0.034627
0 0.069531 0.044792 0.025875 0.034086
0 0.771875 0.047917 0.017301 0.024027
0 0.635938 0.082292 0.018939 0.024442
0 0.665625 0.098958 0.043077 0.044201
0 0.353906 0.1 0.018008 0.02309
0 0.366406 0.125 0.03174 0.040694
0 0.647656 0.238542 0.046199 0.064502
0 0.1375 0.259375 0.021479 0.027243
0 0.125 0.283333 0.021259 0.029733
0 0.105469 0.311458 0.048589 0.042552
0 0.758594 0.395833 0.043754 0.053186
0 0.271875 0.403125 0.022346 0.029794
0 0.0375 0.44375 0.018769 0.023116
0 0.317188 0.453125 0.025156 0.030503
0 0.257812 0.501042 0.03302 0.045795
0 0.403125 0.494792 0.021999 0.028864
0 0.654687 0.516667 0.030585 0.036812
0 0.341406 0.522917 0.035945 0.043619
0 0.246875 0.5375 0.020661 0.028728
0 0.353125 0.55625 0.019638 0.024534
0 0.945312 0.573958 0.037805 0.048176
0 0.360156 0.567708 0.019909 0.025929
0 0.077344 0.627083 0.035114 0.050565
0 0.885156 0.623958 0.023781 0.028969
0 0.346875 0.630208 0.018442 0.024589
0 0.776563 0.635417 0.018304 0.026169
0 0.805469 0.640625 0.021239 0.025868
0 0.599219 0.691667 0.022656 0.031302
0 0.491406 0.772917 0.019574 0.023676
0 0.726562 0.779167 0.023857 0.035077
0 0.361719 0.788542 0.025379 0.035044
0 0.142969 0.827083 0.037848 0.051342
0 0.33125 0.852083 0.025289 0.031092
0 0.533594 0.916667 0.028926 0.029368
0 0.011719 0.925 0.018991 0.026389
0 0.145313 0.964583 0.023368 0.030196
0 0.411719 0.987969 0.020628 0.024061