0 0.902344 0.176042 0.019768 0.025593
0 0.251563 0.266667 0.019947 0.034431
0 0.726562 0.307292 0.021313 0.028417
0 0.779687 0.330208 0.020441 0.025129
0 0.347656 0.445833 0.017337 0.025026
0 0.710156 0.452083 0.019195 0.026357
0 0.816406 0.496875 0.02456 0.029745
0 0.153125 0.494792 0.019627 0.024405
0 0.610156 0.525 0.019558 0.02407
0 0.275 0.586458 0.017658 0.024165
0 0.242188 0.595833 0.020517 0.029536
0 0.7 0.617708 0.01948 0.030303
0 0.678125 0.646875 0.01882 0.024173
0 0.826562 0.673958 0.022217 0.02811
0 0.660937 0.68125 0.021198 0.026257
0 0.403125 0.790625 0.019573 0.024204
0 0.451562 0.933333 0.024324 0.0279