0 0.971094 0.0625 0.022254 0.031093
0 0.080469 0.089583 0.020072 0.030358
0 0.624219 0.103125 0.029159 0.036033
0 0.789844 0.142708 0.019574 0.023676
0 0.471875 0.145833 0.018773 0.023107
0 0.478125 0.189583 0.03881 0.0563
0 0.63125 0.223958 0.020432 0.028638
0 0.667188 0.236458 0.019543 0.023126
0 0.115625 0.247917 0.024539 0.034801
0 0.360938 0.267708 0.024101 0.03339
0 0.342187 0.297917 0.023734 0.034584
0 0.069531 0.358333 0.022717 0.033827
0 0.327344 0.357292 0.023821 0.030088
0 0.419531 0.365625 0.030666 0.039361
0 0.014844 0.407292 0.02617 0.036863
0 0.139063 0.422917 0.022254 0.031093
0 0.682031 0.442708 0.022729 0.02728
0 0.446875 0.45625 0.026741 0.035213
0 0.524219 0.455208 0.032134 0.034943
0 0.542969 0.472917 0.021972 0.025937
0 0.405469 0.48125 0.032422 0.035444
0 0.006998 0.489583 0.013996 0.026907
0 0.372656 0.496875 0.025282 0.034542
0 0.919531 0.497917 0.023244 0.031704
0 0.719531 0.525 0.021645 0.030804
0 0.260937 0.538542 0.02309 0.032923
0 0.969531 0.580208 0.020456 0.028611
0 0.260937 0.59375 0.022922 0.031445
0 0.472656 0.59375 0.021816 0.032581
0 0.95 0.642708 0.023899 0.03324
0 0.814844 0.690625 0.022868 0.029857
0 0.375 0.719792 0.024359 0.033115
0 0.063281 0.723958 0.024508 0.031695
0 0.610938 0.725 0.019429 0.026567
0 0.572656 0.733333 0.026048 0.031808
0 0.498437 0.826042 0.018442 0.024589
0 0.538281 0.839583 0.022815 0.027608
0 0.242969 0.85 0.026317 0.036132
0 0.385156 0.858333 0.042984 0.030359
0 0.66875 0.878125 0.030331 0.045277
0 0.314063 0.892708 0.024079 0.030374
0 0.720313 0.892708 0.023476 0.030208
0 0.600781 0.905208 0.024211 0.032811
0 0.584375 0.917708 0.017658 0.024165
0 0.191406 0.954167 0.028966 0.029126
0 0.822656 0.987562 0.023026 0.024876