0 0.617188 0.022917 0.021362 0.02664
0 0.669531 0.057292 0.019925 0.025905
0 0.053125 0.059375 0.018008 0.02309
0 0.203906 0.085417 0.026493 0.039277
0 0.569531 0.114583 0.049614 0.050098
0 0.2 0.10625 0.018008 0.02309
0 0.567969 0.151042 0.021231 0.025776
0 0.93125 0.192708 0.020416 0.025301
0 0.517188 0.227083 0.021263 0.03135
0 0.049219 0.24375 0.023103 0.02886
0 0.058594 0.252083 0.020866 0.027821
0 0.553125 0.266667 0.020521 0.026513
0 0.028906 0.271875 0.020371 0.024457
0 0.947656 0.355208 0.020456 0.028611
0 0.547656 0.361458 0.018374 0.028171
0 0.370312 0.36875 0.021112 0.025088
0 0.808594 0.410417 0.032242 0.033271
0 0.45 0.415625 0.02217 0.02922
0 0.838281 0.434375 0.018062 0.026069
0 0.324219 0.448958 0.024625 0.036744
0 0.875 0.53125 0.020566 0.026042
0 0.028125 0.569792 0.030567 0.035609
0 0.8625 0.60625 0.018784 0.026311
0 0.032813 0.614583 0.032117 0.040962
0 0.073438 0.619792 0.018827 0.023629
0 0.446875 0.669792 0.017317 0.024011
0 0.114844 0.680208 0.020147 0.028452
0 0.735938 0.690625 0.021989 0.028877
0 0.501563 0.705208 0.01902 0.024748
0 0.071875 0.716667 0.027854 0.040734
0 0.586719 0.736458 0.042683 0.050487
0 0.575 0.791667 0.031429 0.039921
0 0.654687 0.840625 0.017317 0.024011
0 0.575781 0.895833 0.023244 0.031704
0 0.038281 0.970833 0.031374 0.038652
0 0.419531 0.989418 0.019868 0.021165