0 0.228125 0.021875 0.018096 0.024127
0 0.279687 0.035417 0.020365 0.026164
0 0.789062 0.086458 0.018096 0.024127
0 0.876563 0.128125 0.01902 0.024748
0 0.009216 0.1375 0.018432 0.025868
0 0.685156 0.138542 0.01882 0.024173
0 0.903125 0.145833 0.017982 0.022269
0 0.480469 0.155208 0.020456 0.028611
0 0.520312 0.196875 0.018442 0.024589
0 0.888281 0.20625 0.018991 0.026389
0 0.810937 0.210417 0.018008 0.02309
0 0.753906 0.232292 0.020736 0.028573
0 0.076563 0.238542 0.018888 0.028239
0 0.285156 0.276042 0.01813 0.025093
0 0.164062 0.292708 0.018442 0.024589
0 0.377344 0.305208 0.020371 0.024457
0 0.81875 0.31875 0.021459 0.027275
0 0.059375 0.360417 0.025032 0.027341
0 0.5125 0.367708 0.020635 0.029352
0 0.300781 0.365625 0.020313 0.023958
0 0.304688 0.389583 0.022376 0.031057
0 0.475781 0.419792 0.021881 0.024108
0 0.751563 0.4375 0.023654 0.029634
0 0.219531 0.526042 0.018442 0.024589
0 0.264062 0.553125 0.022945 0.028916
0 0.1875 0.564583 0.018008 0.02309
0 0.30625 0.578125 0.01902 0.024748
0 0.204687 0.596875 0.018124 0.023544
0 0.009392 0.609375 0.018785 0.024173
0 0.302344 0.644792 0.018816 0.028149
0 0.796875 0.64375 0.018784 0.026311
0 0.088281 0.664583 0.020231 0.026656
0 0.400781 0.66875 0.021653 0.030795
0 0.0375 0.682292 0.021313 0.028417
0 0.869531 0.707292 0.022656 0.023958
0 0.654687 0.7125 0.018406 0.026178
0 0.367969 0.734375 0.018096 0.024127
0 0.469531 0.775 0.023576 0.030461
0 0.809375 0.778125 0.020551 0.027917
0 0.534375 0.842708 0.018442 0.024589
0 0.540625 0.842708 0.01902 0.024748
0 0.239844 0.844792 0.016714 0.025008
0 0.183594 0.917708 0.020371 0.024457
0 0.542969 0.941667 0.020046 0.026244
0 0.507812 0.947917 0.020789 0.026845
0 0.416406 0.954167 0.019992 0.026974
0 0.219531 0.985145 0.019136 0.029711
0 0.304688 0.985417 0.021701 0.028014