0 0.836719 0.010467 0.023234 0.020935
0 0.802344 0.128125 0.023162 0.029482
0 0.664062 0.180208 0.023666 0.033336
0 0.504687 0.1875 0.020789 0.026845
0 0.624219 0.213542 0.023097 0.028871
0 0.107031 0.235417 0.023878 0.029636
0 0.427344 0.252083 0.021748 0.037616
0 0.809375 0.297917 0.019178 0.025168
0 0.350781 0.316667 0.021164 0.034524
0 0.265625 0.335417 0.021819 0.028356
0 0.349219 0.375 0.02095 0.027383
0 0.250781 0.391667 0.028393 0.032
0 0.950781 0.402083 0.022171 0.030594
0 0.665625 0.410417 0.021667 0.027913
0 0.657813 0.429167 0.021239 0.025868
0 0.559375 0.494792 0.024341 0.028597
0 0.564844 0.519792 0.025856 0.028595
0 0.266406 0.534375 0.029815 0.032942
0 0.280469 0.542708 0.02674 0.030964
0 0.117969 0.696875 0.022717 0.032414
0 0.071094 0.74375 0.02413 0.031832
0 0.469531 0.80625 0.02018 0.026907
0 0.746094 0.816667 0.029709 0.030381
0 0.811719 0.848958 0.023865 0.044922
0 0.689844 0.848958 0.022959 0.032567
0 0.327344 0.902083 0.024341 0.028597