0 0.296094 0.034375 0.023493 0.027386
0 0.413281 0.044792 0.022756 0.02825
0 0.124219 0.072917 0.026421 0.033117
0 0.401562 0.067708 0.018096 0.024127
0 0.390625 0.098958 0.03084 0.034952
0 0.486719 0.108333 0.019683 0.026728
0 0.171875 0.120833 0.025062 0.035457
0 0.321094 0.121875 0.024804 0.032617
0 0.2875 0.159375 0.028053 0.033965
0 0.597656 0.255208 0.0223 0.028345
0 0.923438 0.260417 0.026763 0.037361
0 0.182031 0.291667 0.033503 0.041623
0 0.110156 0.332292 0.028976 0.053459
0 0.01149 0.333333 0.022979 0.035848
0 0.661719 0.3625 0.020231 0.026656
0 0.180469 0.397917 0.019925 0.025905
0 0.642188 0.420833 0.028573 0.040413
0 0.154688 0.425 0.024564 0.030774
0 0.153906 0.505208 0.019638 0.024534
0 0.052344 0.523958 0.018442 0.024589
0 0.420312 0.552083 0.02537 0.032683
0 0.88125 0.576042 0.032224 0.033272
0 0.721875 0.586458 0.024612 0.033577
0 0.444531 0.605208 0.019733 0.025046
0 0.186719 0.633333 0.038396 0.044205
0 0.94375 0.623958 0.020666 0.028723
0 0.186719 0.703125 0.023421 0.033
0 0.832812 0.705208 0.021701 0.028014
0 0.973437 0.717708 0.032176 0.032809
0 0.74375 0.732292 0.027861 0.047303
0 0.175 0.728125 0.029793 0.032009
0 0.346875 0.788542 0.01902 0.024748
0 0.54375 0.815625 0.026389 0.034301
0 0.171094 0.854167 0.020479 0.026286
0 0.632031 0.86875 0.032876 0.035653
0 0.410156 0.889583 0.023933 0.036696
0 0.828125 0.904167 0.031283 0.039272
0 0.45 0.907292 0.022937 0.028155
0 0.364063 0.930208 0.021978 0.027245
0 0.016251 0.940625 0.032502 0.034596
0 0.608594 0.941667 0.029621 0.035381
0 0.146875 0.944792 0.019638 0.024534