0 0.353906 0.009003 0.025836 0.018006
0 0.083594 0.01097 0.020441 0.021939
0 0.903906 0.012842 0.020147 0.025685
0 0.607812 0.015625 0.020371 0.024457
0 0.624219 0.029167 0.029619 0.039989
0 0.102344 0.029167 0.020129 0.031393
0 0.672656 0.028125 0.02475 0.031228
0 0.607031 0.030208 0.023227 0.029506
0 0.949219 0.034375 0.024459 0.028776
0 0.982812 0.034375 0.020945 0.028672
0 0.686719 0.036458 0.023319 0.029672
0 0.007837 0.036458 0.015673 0.02378
0 0.430469 0.040625 0.02325 0.033147
0 0.332813 0.044792 0.023511 0.028281
0 0.136719 0.044792 0.022675 0.024528
0 0.271875 0.066667 0.036342 0.040344
0 0.203906 0.064583 0.022777 0.026557
0 0.65625 0.063542 0.021929 0.025115
0 0.971875 0.066667 0.021946 0.026299
0 0.900781 0.071875 0.025778 0.03734
0 0.923438 0.076042 0.021648 0.029332
0 0.085938 0.085417 0.027381 0.030357
0 0.169531 0.090625 0.02101 0.028935
0 0.675781 0.092708 0.022438 0.032662
0 0.060937 0.104167 0.027408 0.029582
0 0.752344 0.104167 0.02287 0.028488
0 0.19375 0.105208 0.020456 0.028611
0 0.342187 0.111458 0.024436 0.029089
0 0.497656 0.121875 0.030671 0.034338
0 0.5625 0.121875 0.025002 0.031555
0 0.832031 0.121875 0.023026 0.028919
0 0.078906 0.126042 0.022111 0.027748
0 0.896875 0.130208 0.01902 0.024748
0 0.477344 0.142708 0.022945 0.028916
0 0.8625 0.141667 0.021362 0.02664
0 0.446875 0.145833 0.021887 0.025097
0 0.234375 0.15 0.023444 0.025108
0 0.489063 0.160417 0.024838 0.035227
0 0.050781 0.179167 0.019992 0.026974
0 0.165625 0.18125 0.025124 0.02956
0 0.577344 0.180208 0.019733 0.025046
0 0.014844 0.194792 0.022193 0.03277
0 0.16875 0.195833 0.024285 0.026551
0 0.535156 0.194792 0.018773 0.023107
0 0.94375 0.202083 0.022138 0.032503
0 0.310156 0.201042 0.023489 0.025902
0 0.659375 0.207292 0.022438 0.032662
0 0.578906 0.211458 0.025129 0.029733
0 0.428906 0.2125 0.023103 0.02886
0 0.534375 0.220833 0.022947 0.027986
0 0.592969 0.222917 0.027426 0.030596
0 0.373437 0.223958 0.021901 0.024512
0 0.840625 0.227083 0.025058 0.034018
0 0.028125 0.234375 0.021104 0.024098
0 0.530469 0.2375 0.023475 0.026349
0 0.313281 0.24375 0.021887 0.025097
0 0.476562 0.248958 0.022346 0.029794
0 0.936719 0.25 0.023556 0.02766
0 0.01875 0.254167 0.022947 0.027986
0 0.157031 0.257292 0.021924 0.029232
0 0.448437 0.260417 0.019574 0.023676
0 0.885938 0.267708 0.02198 0.027324
0 0.664844 0.267708 0.018442 0.024589
0 0.332031 0.279167 0.022768 0.026762
0 0.341406 0.280208 0.023026 0.028919
0 0.833594 0.294792 0.024318 0.041698
0 0.514844 0.298958 0.023097 0.028871
0 0.871094 0.304167 0.023198 0.034888
0 0.488281 0.311458 0.02139 0.029072
0 0.873437 0.320833 0.022152 0.027355
0 0.747656 0.336458 0.024652 0.030465
0 0.832031 0.335417 0.021116 0.030583
0 0.883594 0.335417 0.021689 0.030701
0 0.607812 0.340625 0.023906 0.033448
0 0.460938 0.344792 0.020945 0.028672
0 0.775781 0.34375 0.021239 0.025868
0 0.835156 0.358333 0.022828 0.030437
0 0.748437 0.372917 0.022143 0.027371
0 0.961719 0.380208 0.021924 0.029232
0 0.791406 0.379167 0.01875 0.022917
0 0.458594 0.38125 0.023026 0.028919
0 0.084375 0.384375 0.023607 0.028741
0 0.469531 0.382292 0.020339 0.023705
0 0.035937 0.392708 0.024174 0.037799
0 0.444531 0.389583 0.027456 0.029955
0 0.915625 0.3875 0.02127 0.026124
0 0.484375 0.407292 0.019574 0.023676
0 0.892188 0.415625 0.024383 0.028296
0 0.299219 0.425 0.029095 0.032278
0 0.685156 0.433333 0.026361 0.038971
0 0.739844 0.433333 0.02413 0.031832
0 0.14375 0.441667 0.019446 0.026546
0 0.285156 0.440625 0.020371 0.024457
0 0.526563 0.44375 0.022094 0.027539
0 0.846875 0.466667 0.032648 0.047334
0 0.910156 0.464583 0.020046 0.026244
0 0.050781 0.473958 0.022245 0.028848
0 0.135156 0.479167 0.026775 0.030454
0 0.635938 0.4875 0.046209 0.041861
0 0.073438 0.48125 0.020745 0.031408
0 0.317969 0.488542 0.033618 0.029139
0 0.915625 0.490625 0.02594 0.03332
0 0.425 0.507292 0.032809 0.053496
0 0.157812 0.492708 0.020441 0.025129
0 0.755469 0.50625 0.025589 0.035797
0 0.077344 0.50625 0.024289 0.026634
0 0.189844 0.50625 0.020046 0.026244
0 0.023438 0.510417 0.022051 0.026939
0 0.163281 0.517708 0.024496 0.029918
0 0.825781 0.515625 0.01882 0.024173
0 0.917188 0.527083 0.021203 0.030662
0 0.228125 0.528125 0.022551 0.029062
0 0.778906 0.536458 0.023607 0.028741
0 0.989207 0.5375 0.021585 0.027444
0 0.203906 0.552083 0.023198 0.034888
0 0.372656 0.55 0.020521 0.026513
0 0.895312 0.553125 0.024946 0.031337
0 0.271875 0.559375 0.025907 0.03371
0 0.129688 0.557292 0.021131 0.02449
0 0.610156 0.576042 0.018161 0.023679
0 0.067187 0.588542 0.021878 0.023148
0 0.714063 0.594792 0.025928 0.037207
0 0.846875 0.594792 0.024494 0.031715
0 0.49375 0.603125 0.022464 0.028723
0 0.808594 0.605208 0.02588 0.029593
0 0.397656 0.6125 0.02895 0.028207
0 0.800781 0.617708 0.02389 0.029491
0 0.8625 0.621875 0.025199 0.034763
0 0.630469 0.616667 0.018756 0.022285
0 0.521094 0.621875 0.025124 0.027986
0 0.402344 0.625 0.022922 0.031445
0 0.449219 0.625 0.02513 0.028344
0 0.541406 0.623958 0.02032 0.023137
0 0.634375 0.638542 0.023906 0.033448
0 0.127344 0.639583 0.027 0.031907
0 0.983594 0.645833 0.022778 0.034777
0 0.611719 0.65625 0.019773 0.0268
0 0.142969 0.659375 0.022828 0.027821
0 0.7625 0.657292 0.021131 0.02449
0 0.330469 0.66875 0.023097 0.028871
0 0.754687 0.672917 0.023115 0.031409
0 0.636719 0.680208 0.0236 0.031896
0 0.864062 0.678125 0.023103 0.02886
0 0.792969 0.680208 0.022731 0.029504
0 0.373437 0.686458 0.021239 0.025868
0 0.660156 0.688542 0.022768 0.026762
0 0.396094 0.690625 0.022883 0.028677
0 0.435156 0.690625 0.019733 0.025046
0 0.632031 0.695833 0.020314 0.022296
0 0.478906 0.714583 0.022673 0.031282
0 0.557031 0.733333 0.023491 0.027306
0 0.246875 0.733333 0.021202 0.026349
0 0.360156 0.733333 0.022143 0.027371
0 0.486719 0.7375 0.026146 0.031074
0 0.242969 0.74375 0.025858 0.027618
0 0.590625 0.745833 0.021546 0.027548
0 0.514844 0.751042 0.027797 0.032539
0 0.886719 0.75625 0.023592 0.030549
0 0.5 0.75625 0.024436 0.029089
0 0.245312 0.759375 0.021171 0.025078
0 0.823438 0.763542 0.025107 0.032372
0 0.439063 0.766667 0.02863 0.036209
0 0.28125 0.763542 0.021899 0.024518
0 0.146875 0.767708 0.020517 0.029536
0 0.523438 0.771875 0.032084 0.030941
0 0.261719 0.777083 0.024247 0.026365
0 0.705469 0.778125 0.022828 0.027821
0 0.954688 0.777083 0.021618 0.02791
0 0.858594 0.784375 0.028518 0.040115
0 0.285938 0.783333 0.02676 0.030485
0 0.841406 0.78125 0.023521 0.026804
0 0.707812 0.803125 0.020339 0.023705
0 0.622656 0.817708 0.023502 0.033261
0 0.486719 0.81875 0.025857 0.028661
0 0.519531 0.819792 0.029082 0.03095
0 0.640625 0.828125 0.026854 0.033944
0 0.295312 0.829167 0.025243 0.032454
0 0.871875 0.830208 0.020566 0.026042
0 0.59375 0.832292 0.019733 0.025046
0 0.819531 0.840625 0.022184 0.028014
0 0.447656 0.848958 0.02951 0.0401
0 0.685156 0.842708 0.023607 0.028741
0 0.413281 0.84375 0.020371 0.024457
0 0.292187 0.85 0.02101 0.028935
0 0.896094 0.847917 0.025048 0.026775
0 0.405469 0.858333 0.02101 0.028935
0 0.213281 0.864583 0.020866 0.030437
0 0.072656 0.865625 0.018939 0.024442
0 0.2 0.867708 0.021901 0.024512
0 0.980469 0.869792 0.0223 0.028345
0 0.654687 0.871875 0.021459 0.027275
0 0.604688 0.872917 0.021231 0.025776
0 0.729688 0.884375 0.02118 0.025185
0 0.60625 0.891667 0.022254 0.031093
0 0.357812 0.895833 0.025095 0.028633
0 0.811719 0.898958 0.029772 0.033594
0 0.897656 0.897917 0.020566 0.026042
0 0.944531 0.904167 0.020627 0.027503
0 0.450781 0.911458 0.02336 0.033114
0 0.55 0.927083 0.024496 0.029918
0 0.50625 0.926042 0.021098 0.023144
0 0.282031 0.930208 0.022996 0.028271
0 0.984375 0.932292 0.022447 0.02875
0 0.873437 0.94375 0.022656 0.031302
0 0.890625 0.942708 0.024565 0.029737
0 0.909375 0.951042 0.022383 0.029621
0 0.363281 0.953125 0.019627 0.024405
0 0.60625 0.9625 0.021618 0.02791
0 0.934375 0.970833 0.023471 0.0311
0 0.348438 0.971875 0.022184 0.028014
0 0.634375 0.970833 0.0211 0.027734
0 0.905469 0.977083 0.022768 0.026762
0 0.039062 0.984375 0.021131 0.02449