0 0.36875 0.028125 0.026286 0.037622
0 0.517188 0.051042 0.024508 0.031695
0 0.496875 0.065625 0.026879 0.040856
0 0.375 0.0625 0.024336 0.03118
0 0.672656 0.113542 0.029881 0.033204
0 0.18125 0.128125 0.024835 0.031146
0 0.639062 0.136458 0.03081 0.03572
0 0.871094 0.146875 0.020517 0.029536
0 0.58125 0.166667 0.023847 0.0333
0 0.428906 0.167708 0.023248 0.030703
0 0.763281 0.171875 0.028371 0.034763
0 0.266406 0.185417 0.035164 0.039971
0 0.963281 0.189583 0.022067 0.026726
0 0.501563 0.198958 0.024838 0.035227
0 0.276562 0.202083 0.027869 0.035616
0 0.0875 0.209375 0.029877 0.043397
0 0.042969 0.252083 0.032039 0.035437
0 0.776563 0.270833 0.021211 0.031348
0 0.869531 0.294792 0.026868 0.03114
0 0.389062 0.295833 0.023778 0.030992
0 0.519531 0.30625 0.031343 0.044014
0 0.14375 0.308333 0.031014 0.038511
0 0.46875 0.309375 0.024632 0.038908
0 0.065625 0.310417 0.033634 0.031018
0 0.725 0.322917 0.022995 0.032052
0 0.284375 0.345833 0.036004 0.033401
0 0.539062 0.346875 0.022995 0.03066
0 0.466406 0.353125 0.019543 0.023126
0 0.948438 0.357292 0.025343 0.032814
0 0.6125 0.371875 0.027408 0.029582
0 0.530469 0.404167 0.032659 0.041838
0 0.730469 0.396875 0.019733 0.025046
0 0.703125 0.416667 0.022376 0.031057
0 0.596094 0.420833 0.020046 0.026244
0 0.990681 0.435417 0.018637 0.038776
0 0.832031 0.447917 0.02628 0.037629
0 0.952344 0.455208 0.018999 0.02628
0 0.573438 0.467708 0.032668 0.040682
0 0.702344 0.480208 0.026983 0.039515
0 0.324219 0.485417 0.019925 0.025905
0 0.599219 0.497917 0.022254 0.031093
0 0.228125 0.504167 0.022883 0.028677
0 0.369531 0.513542 0.026787 0.037786
0 0.940625 0.5125 0.021653 0.030795
0 0.41875 0.513542 0.019531 0.026042
0 0.254688 0.51875 0.021112 0.025088
0 0.732812 0.533333 0.026175 0.03679
0 0.242188 0.548958 0.055967 0.050746
0 0.9875 0.541667 0.021112 0.025088
0 0.540625 0.55 0.038123 0.041423
0 0.173437 0.542708 0.018442 0.024589
0 0.025 0.55 0.029789 0.034704
0 0.420312 0.553125 0.019178 0.025168
0 0.385156 0.55625 0.019429 0.026567
0 0.778906 0.575 0.022937 0.028155
0 0.372656 0.573958 0.020416 0.025301
0 0.363281 0.592708 0.025282 0.034542
0 0.639844 0.595833 0.031434 0.037808
0 0.3625 0.611458 0.020058 0.027568
0 0.616406 0.622917 0.038736 0.044924
0 0.369531 0.616667 0.018008 0.02309
0 0.53125 0.621875 0.027372 0.035561
0 0.3125 0.620833 0.021701 0.028014
0 0.348438 0.625 0.021479 0.027243
0 0.353125 0.638542 0.028044 0.034063
0 0.533594 0.646875 0.025071 0.030312
0 0.673438 0.659375 0.018939 0.024442
0 0.758594 0.680208 0.020736 0.028573
0 0.357812 0.683333 0.023462 0.02542
0 0.763281 0.695833 0.039303 0.037837
0 0.332031 0.7 0.025722 0.037499
0 0.440625 0.694792 0.02168 0.028193
0 0.708594 0.701042 0.019693 0.024852
0 0.269531 0.703125 0.020371 0.024457
0 0.546875 0.710417 0.027905 0.034571
0 0.675781 0.717708 0.026698 0.02992
0 0.028125 0.719792 0.02461 0.03379
0 0.446094 0.720833 0.025887 0.034069
0 0.708594 0.71875 0.019429 0.026567
0 0.289844 0.722917 0.020046 0.026244
0 0.80625 0.733333 0.032069 0.040237
0 0.295312 0.741667 0.036017 0.041789
0 0.391406 0.733333 0.019992 0.026974
0 0.447656 0.748958 0.020046 0.026244
0 0.778906 0.753125 0.027776 0.035271
0 0.4 0.757292 0.025541 0.033198
0 0.446875 0.7625 0.024459 0.028776
0 0.645312 0.7625 0.023054 0.029204
0 0.295312 0.766667 0.025379 0.035044
0 0.377344 0.771875 0.04144 0.05004
0 0.130469 0.772917 0.029366 0.043575
0 0.642969 0.770833 0.020938 0.027401
0 0.213281 0.775 0.024995 0.032943
0 0.571094 0.780208 0.028635 0.036202
0 0.236719 0.786458 0.024679 0.030191
0 0.498437 0.794792 0.02644 0.035688
0 0.472656 0.795833 0.03678 0.035885
0 0.4875 0.804167 0.022464 0.028723
0 0.288281 0.8125 0.028371 0.040511
0 0.446875 0.822917 0.034102 0.039312
0 0.321094 0.845833 0.021112 0.025088
0 0.532031 0.852083 0.027216 0.039051
0 0.246094 0.855208 0.030134 0.039147
0 0.857812 0.851042 0.028164 0.03455
0 0.317969 0.858333 0.018999 0.02628
0 0.521094 0.870833 0.018991 0.026389
0 0.617188 0.880208 0.02377 0.034186
0 0.476562 0.8875 0.031063 0.042522
0 0.58125 0.883333 0.025898 0.037568
0 0.666406 0.882292 0.026618 0.031354
0 0.810156 0.882292 0.022937 0.028155
0 0.632812 0.886458 0.027124 0.039737
0 0.835938 0.882292 0.020432 0.028638
0 0.267188 0.902083 0.033401 0.04085
0 0.309375 0.902083 0.029161 0.041107
0 0.408594 0.916667 0.020231 0.026656
0 0.665625 0.93125 0.031064 0.044711
0 0.849219 0.926042 0.020666 0.028723
0 0.704688 0.929167 0.029815 0.032942
0 0.111719 0.936458 0.028871 0.043211
0 0.546094 0.942708 0.021202 0.026349
0 0.608594 0.951042 0.027091 0.032554
0 0.14375 0.951042 0.018442 0.024589
0 0.3625 0.953125 0.018442 0.024589
0 0.764062 0.972917 0.024338 0.027553
0 0.783594 0.986458 0.018096 0.024127
0 0.575 0.98877 0.020328 0.02246