0 0.352344 0.014955 0.024934 0.02991
0 0.783594 0.020833 0.02563 0.031709
0 0.160156 0.130208 0.019558 0.02407
0 0.861719 0.170833 0.024148 0.036071
0 0.340625 0.18125 0.027298 0.035445
0 0.15625 0.208333 0.02448 0.038891
0 0.4375 0.246875 0.022519 0.029368
0 0.592187 0.252083 0.021202 0.026349
0 0.473438 0.290625 0.018442 0.024589
0 0.428125 0.334375 0.024995 0.032943
0 0.521094 0.376042 0.02996 0.04112
0 0.126562 0.397917 0.02475 0.031228
0 0.942969 0.413542 0.032279 0.035586
0 0.302344 0.421875 0.041645 0.039489
0 0.088281 0.489583 0.019925 0.025905
0 0.139844 0.513542 0.019693 0.024852
0 0.2875 0.672917 0.021653 0.030795
0 0.913281 0.689583 0.020627 0.027503
0 0.864062 0.695833 0.024899 0.034055
0 0.971875 0.704167 0.024564 0.030774
0 0.953125 0.704167 0.021667 0.027913
0 0.521875 0.722917 0.022376 0.031057
0 0.6125 0.730208 0.023097 0.028871
0 0.952344 0.7625 0.025014 0.029203
0 0.067969 0.790625 0.022726 0.025872
0 0.273438 0.794792 0.024535 0.029481
0 0.450781 0.808333 0.030751 0.034619
0 0.621094 0.884375 0.019733 0.025046
0 0.773438 0.951042 0.025474 0.037404