0 0.621875 0.00888 0.017721 0.01776
0 0.296094 0.023958 0.017301 0.024027
0 0.582031 0.0625 0.018784 0.026311
0 0.85625 0.067708 0.019573 0.024204
0 0.341406 0.075 0.019832 0.026443
0 0.586719 0.079167 0.021886 0.023736
0 0.760156 0.109375 0.018846 0.02378
0 0.250781 0.126042 0.019543 0.023126
0 0.2125 0.182292 0.018367 0.028175
0 0.524219 0.189583 0.020046 0.026244
0 0.175 0.197917 0.018769 0.023116
0 0.066406 0.202083 0.023362 0.031655
0 0.189844 0.219792 0.022674 0.02453
0 0.23125 0.228125 0.01875 0.022917
0 0.45625 0.234375 0.020339 0.023705
0 0.085938 0.240625 0.02752 0.030504
0 0.6375 0.239583 0.0184 0.026183
0 0.191406 0.252083 0.020412 0.025429
0 0.201563 0.288542 0.01802 0.023067
0 0.69375 0.289583 0.021887 0.025097
0 0.894531 0.302083 0.024223 0.023755
0 0.329688 0.316667 0.020583 0.030478
0 0.633594 0.336458 0.020371 0.024457
0 0.450781 0.364583 0.023319 0.031093
0 0.20625 0.370833 0.018769 0.023116
0 0.132812 0.395833 0.017438 0.024063
0 0.660937 0.396875 0.021131 0.02449
0 0.155469 0.41875 0.020328 0.024087
0 0.860156 0.426042 0.021211 0.027329
0 0.504687 0.432292 0.02032 0.023137
0 0.310156 0.45625 0.02273 0.025968
0 0.648438 0.458333 0.01813 0.025093
0 0.452344 0.49375 0.0197 0.025227
0 0.233594 0.497917 0.021242 0.026567
0 0.336719 0.502083 0.020046 0.026244
0 0.361719 0.505208 0.031257 0.026005
0 0.50625 0.509375 0.022067 0.029423
0 0.716406 0.51875 0.019035 0.026241
0 0.642188 0.523958 0.021131 0.02449
0 0.835156 0.527083 0.017361 0.029171
0 0.396875 0.53125 0.021188 0.030341
0 0.284375 0.535417 0.019803 0.029257
0 0.780469 0.532292 0.017438 0.024063
0 0.235937 0.539583 0.031251 0.026138
0 0.382812 0.540625 0.01902 0.024748
0 0.521094 0.55625 0.02181 0.036573
0 0.5125 0.569792 0.018442 0.024589
0 0.350781 0.596875 0.020154 0.028445
0 0.545312 0.596875 0.019601 0.028352
0 0.320312 0.6125 0.020866 0.030437
0 0.592969 0.613542 0.022908 0.031203
0 0.053906 0.611458 0.019733 0.025046
0 0.814844 0.623958 0.019574 0.023676
0 0.264062 0.641667 0.01875 0.022917
0 0.816406 0.64375 0.02018 0.026907
0 0.142969 0.647917 0.017337 0.025026
0 0.889844 0.65 0.019693 0.028264
0 0.7125 0.65625 0.01733 0.02503
0 0.349219 0.676042 0.020566 0.026042
0 0.667188 0.683333 0.017438 0.024063
0 0.525 0.692708 0.018939 0.024442
0 0.047656 0.7125 0.019992 0.026974
0 0.54375 0.720833 0.019429 0.026567
0 0.189062 0.734375 0.021999 0.028864
0 0.838281 0.755208 0.020371 0.024457
0 0.177344 0.770833 0.019803 0.029257
0 0.097656 0.775 0.019035 0.026241
0 0.655469 0.780208 0.020422 0.025409
0 0.145313 0.795833 0.018331 0.025253
0 0.595313 0.802083 0.021362 0.02664
0 0.489063 0.825 0.0184 0.026183
0 0.60625 0.866667 0.020371 0.024457
0 0.444531 0.869792 0.020456 0.028611
0 0.251563 0.878125 0.023463 0.028224
0 0.454688 0.885417 0.02118 0.025185
0 0.244531 0.888542 0.018827 0.023629
0 0.246875 0.89375 0.019446 0.026546
0 0.585938 0.909375 0.017982 0.022269
0 0.1125 0.93125 0.019119 0.025492
0 0.41875 0.95 0.024322 0.027345
0 0.253125 0.957292 0.016702 0.023976