0 0.478906 0.016667 0.019574 0.023676
0 0.185938 0.254167 0.017969 0.025
0 0.173437 0.257292 0.025783 0.024119
0 0.358594 0.301042 0.022729 0.02728
0 0.888281 0.401042 0.023489 0.025902
0 0.520312 0.402083 0.017835 0.025128
0 0.622656 0.410417 0.019773 0.0268
0 0.040625 0.420833 0.019429 0.026567
0 0.936719 0.473958 0.031006 0.04008
0 0.771875 0.475 0.028453 0.034189
0 0.8125 0.521875 0.024045 0.035033
0 0.622656 0.546875 0.026775 0.030454
0 0.421875 0.636458 0.023607 0.028741
0 0.88125 0.651042 0.036803 0.051384
0 0.845313 0.665625 0.018161 0.023679
0 0.952344 0.683333 0.019733 0.025046
0 0.864844 0.719792 0.022695 0.02514
0 0.6125 0.879167 0.018756 0.022285