0 0.842187 0.01875 0.021556 0.031475
0 0.882031 0.022917 0.025885 0.028384
0 0.923438 0.04375 0.02253 0.034609
0 0.671875 0.0875 0.021339 0.026862
0 0.40625 0.098958 0.022883 0.028677
0 0.344531 0.101042 0.018939 0.024442
0 0.970313 0.130208 0.024496 0.029918
0 0.169531 0.140625 0.01971 0.025332
0 0.428125 0.165625 0.017658 0.024165
0 0.86875 0.180208 0.033747 0.033157
0 0.857031 0.189583 0.019992 0.026974
0 0.727344 0.202083 0.027854 0.033377
0 0.844531 0.197917 0.02095 0.027383
0 0.141406 0.28125 0.020627 0.027503
0 0.230469 0.3 0.019446 0.026546
0 0.446094 0.330208 0.0275 0.08335
0 0.082812 0.3375 0.02431 0.030289
0 0.166406 0.354167 0.024039 0.030661
0 0.060156 0.3875 0.019627 0.024405
0 0.166406 0.411458 0.023511 0.028281
0 0.741406 0.444792 0.026642 0.029619
0 0.575781 0.460417 0.048606 0.040784
0 0.15 0.455208 0.018442 0.024589
0 0.920312 0.473958 0.01875 0.022917
0 0.584375 0.513542 0.029907 0.036794
0 0.297656 0.519792 0.022756 0.02825
0 0.370312 0.557292 0.027826 0.033764
0 0.136719 0.575 0.029033 0.049464
0 0.945312 0.564583 0.022111 0.030883
0 0.91875 0.585417 0.02253 0.034609
0 0.205469 0.589583 0.019733 0.025046
0 0.864062 0.627083 0.021203 0.030662
0 0.760938 0.665625 0.021949 0.026392
0 0.967187 0.671875 0.018939 0.024442
0 0.871875 0.680208 0.025984 0.029621
0 0.328906 0.697917 0.028396 0.047427
0 0.367969 0.720833 0.024162 0.031385
0 0.577344 0.735417 0.02674 0.030964
0 0.959375 0.785417 0.049229 0.031502
0 0.764062 0.797917 0.038644 0.044834
0 0.064844 0.790625 0.019693 0.024852
0 0.288281 0.809375 0.018124 0.023544
0 0.214062 0.815625 0.03067 0.032942
0 0.935937 0.85625 0.021222 0.032511
0 0.271875 0.864583 0.021314 0.02663
0 0.25625 0.876042 0.031627 0.045713
0 0.407813 0.872917 0.021112 0.025088
0 0.932813 0.907292 0.02428 0.026751
0 0.555469 0.9125 0.025836 0.027678
0 0.2375 0.929167 0.028931 0.027736
0 0.748437 0.952083 0.021796 0.02989
0 0.132031 0.95625 0.02752 0.030504
0 0.721094 0.965625 0.030578 0.031337
0 0.171094 0.970833 0.02018 0.026907
0 0.853125 0.983333 0.022129 0.030969
0 0.492188 0.988214 0.018784 0.023572