0 0.514062 0.012282 0.024383 0.024565
0 0.060156 0.028125 0.018939 0.024442
0 0.141406 0.069792 0.01998 0.028483
0 0.417969 0.072917 0.02095 0.027383
0 0.864062 0.079167 0.025273 0.030852
0 0.275 0.082292 0.025464 0.030955
0 0.058594 0.085417 0.021198 0.026257
0 0.807031 0.097917 0.020654 0.029458
0 0.260156 0.113542 0.046784 0.059182
0 0.710938 0.098958 0.020566 0.026042
0 0.984375 0.102083 0.022675 0.027132
0 0.871875 0.135417 0.049107 0.061609
0 0.236719 0.123958 0.032359 0.035899
0 0.475781 0.119792 0.024229 0.027144
0 0.765625 0.123958 0.019531 0.026042
0 0.359375 0.135417 0.017188 0.025
0 0.747656 0.135417 0.021362 0.02664
0 0.351562 0.135417 0.017982 0.022269
0 0.83125 0.159375 0.042198 0.037601
0 0.304688 0.15625 0.018827 0.023629
0 0.392188 0.158333 0.025236 0.029589
0 0.736719 0.155208 0.019925 0.025905
0 0.322656 0.158333 0.024394 0.028127
0 0.6625 0.170833 0.027852 0.039729
0 0.315625 0.16875 0.018442 0.024589
0 0.778125 0.190625 0.022017 0.028277
0 0.359375 0.196875 0.035408 0.039403
0 0.05 0.197917 0.019633 0.024542
0 0.704688 0.203125 0.02771 0.031989
0 0.5625 0.223958 0.037426 0.048983
0 0.6 0.216667 0.024496 0.029918
0 0.650781 0.21875 0.0184 0.026183
0 0.835938 0.221875 0.02428 0.026751
0 0.196094 0.23125 0.023778 0.030992
0 0.179688 0.261458 0.042414 0.067872
0 0.648438 0.240625 0.020647 0.026788
0 0.789844 0.254167 0.029336 0.039755
0 0.201563 0.253125 0.018816 0.028149
0 0.210156 0.289583 0.02755 0.036734
0 0.572656 0.290625 0.019627 0.024405
0 0.492188 0.298958 0.0223 0.028345
0 0.653125 0.296875 0.018784 0.026311
0 0.772656 0.3 0.028246 0.03104
0 0.238281 0.325 0.038015 0.059762
0 0.0375 0.319792 0.032241 0.052559
0 0.395313 0.33125 0.024657 0.037738
0 0.009702 0.351042 0.019404 0.027568
0 0.726562 0.364583 0.020045 0.029423
0 0.407813 0.389583 0.017301 0.024027
0 0.008955 0.39375 0.01791 0.029672
0 0.504687 0.396875 0.025543 0.032425
0 0.254688 0.403125 0.031285 0.030671
0 0.714063 0.433333 0.020676 0.026744
0 0.875 0.444792 0.037199 0.051246
0 0.411719 0.448958 0.01902 0.024748
0 0.224219 0.466667 0.02325 0.033147
0 0.057031 0.473958 0.022828 0.027821
0 0.342969 0.473958 0.018773 0.023107
0 0.65 0.482292 0.017317 0.024011
0 0.332031 0.502083 0.027875 0.04808
0 0.695312 0.49375 0.019832 0.026443
0 0.665625 0.501042 0.030583 0.036714
0 0.346875 0.5 0.019429 0.026567
0 0.653125 0.5 0.019925 0.025905
0 0.557031 0.509375 0.019178 0.025168
0 0.798438 0.535417 0.043172 0.066853
0 0.571094 0.526042 0.023644 0.029463
0 0.321875 0.540625 0.023654 0.029634
0 0.70625 0.540625 0.017301 0.024027
0 0.648438 0.551042 0.038575 0.039145
0 0.414062 0.558333 0.036645 0.052958
0 0.435937 0.559375 0.024436 0.029089
0 0.602344 0.565625 0.027474 0.029548
0 0.632812 0.563542 0.019574 0.023676
0 0.614062 0.583333 0.019178 0.025168
0 0.205469 0.601042 0.036844 0.04196
0 0.467969 0.595833 0.024623 0.030229
0 0.916406 0.595833 0.018048 0.02325
0 0.767969 0.629167 0.020072 0.030358
0 0.483594 0.647917 0.03438 0.045077
0 0.588281 0.645833 0.018052 0.026078
0 0.25 0.667708 0.028899 0.034975
0 0.316406 0.716667 0.034411 0.04767
0 0.370312 0.710417 0.02431 0.030289
0 0.339062 0.713542 0.021131 0.02449
0 0.375781 0.733333 0.018096 0.024127
0 0.36875 0.7375 0.021362 0.02664
0 0.396875 0.757292 0.034404 0.030106
0 0.834375 0.776042 0.022325 0.028159
0 0.914844 0.780208 0.017658 0.024165
0 0.886719 0.817708 0.022346 0.029794
0 0.360156 0.815625 0.019558 0.02407
0 0.357812 0.828125 0.02055 0.034465
0 0.377344 0.825 0.021915 0.02956
0 0.390625 0.836458 0.018442 0.024589
0 0.635156 0.857292 0.032287 0.05179
0 0.773438 0.857292 0.034516 0.04311
0 0.757031 0.8625 0.018161 0.023679
0 0.225 0.873958 0.019574 0.023676
0 0.239063 0.88125 0.024915 0.031486
0 0.260937 0.898958 0.018096 0.024127
0 0.167969 0.901042 0.017317 0.024011
0 0.167187 0.9125 0.020706 0.03042
0 0.09375 0.915625 0.035816 0.039843
0 0.513281 0.976042 0.025161 0.033548
0 0.982031 0.973958 0.022447 0.02875
0 0.283594 0.980208 0.020566 0.026042