0 0.724219 0.023976 0.040628 0.047952
0 0.619531 0.035417 0.020046 0.026244
0 0.622656 0.05625 0.034307 0.042134
0 0.436719 0.063542 0.028606 0.036385
0 0.260937 0.103125 0.025639 0.031693
0 0.352344 0.110417 0.021333 0.026872
0 0.125 0.160417 0.022027 0.030978
0 0.515625 0.195833 0.017721 0.025103
0 0.182812 0.215625 0.024494 0.031715
0 0.078125 0.240625 0.029295 0.042203
0 0.884375 0.25 0.026417 0.032442
0 0.746094 0.280208 0.026593 0.033416
0 0.610938 0.279167 0.02203 0.026707
0 0.34375 0.327083 0.018769 0.023116
0 0.201563 0.397917 0.022643 0.032905
0 0.286719 0.422917 0.033042 0.051628
0 0.067187 0.434375 0.022393 0.030491
0 0.075781 0.435417 0.019992 0.026974
0 0.297656 0.441667 0.018304 0.026169
0 0.503125 0.459375 0.020147 0.028452
0 0.141406 0.4875 0.018867 0.026122
0 0.682031 0.511458 0.036815 0.05774
0 0.314063 0.519792 0.023129 0.033059
0 0.604688 0.56875 0.022039 0.026501
0 0.303125 0.598958 0.038939 0.048324
0 0.142187 0.607292 0.03427 0.052454
0 0.628906 0.639583 0.028188 0.034431
0 0.832031 0.692708 0.050684 0.071041
0 0.454688 0.688542 0.019178 0.025168
0 0.125 0.696875 0.020441 0.025129
0 0.749219 0.75 0.020676 0.026744
0 0.610156 0.758333 0.024811 0.03503
0 0.742188 0.772917 0.031302 0.032633
0 0.713281 0.89375 0.030362 0.038669
0 0.89375 0.95625 0.032086 0.047837
0 0.082031 0.9625 0.021116 0.030583