0 0.228906 0.053125 0.037576 0.038982
0 0.503125 0.086458 0.037714 0.058472
0 0.623437 0.167708 0.075116 0.080477
0 0.583594 0.190625 0.023409 0.058358
0 0.159375 0.1875 0.025611 0.031936
0 0.617969 0.201042 0.044617 0.048253
0 0.30625 0.403125 0.02111 0.023724
0 0.844531 0.48125 0.029429 0.035032
0 0.978906 0.5125 0.020341 0.025073
0 0.161719 0.567708 0.028104 0.041215
0 0.290625 0.602083 0.027538 0.039276
0 0.210156 0.772917 0.022912 0.031456
0 0.696875 0.827083 0.047913 0.053905
0 0.396094 0.829167 0.019832 0.026443
0 0.760156 0.905208 0.018939 0.024442
0 0.022656 0.932292 0.023571 0.03755