0 0.717187 0.012114 0.021943 0.024227
0 0.558594 0.119792 0.024993 0.042862
0 0.446875 0.139583 0.02168 0.028193
0 0.325781 0.167708 0.022495 0.030475
0 0.053906 0.177083 0.030739 0.036168
0 0.0875 0.173958 0.026593 0.033416
0 0.54375 0.201042 0.019178 0.025168
0 0.295312 0.211458 0.024209 0.038794
0 0.279687 0.282292 0.031729 0.057781
0 0.498437 0.294792 0.035429 0.036159
0 0.966406 0.307292 0.019762 0.028269
0 0.075 0.335417 0.040379 0.043537
0 0.254688 0.395833 0.020676 0.026744
0 0.684375 0.401042 0.017835 0.025128
0 0.705469 0.484375 0.022731 0.029504
0 0.911719 0.50625 0.050853 0.037652
0 0.285938 0.553125 0.037111 0.041289
0 0.935156 0.554167 0.025433 0.044981
0 0.463281 0.560417 0.019733 0.025046
0 0.223438 0.564583 0.025511 0.032143
0 0.504687 0.566667 0.023592 0.030549
0 0.860938 0.576042 0.01902 0.024748
0 0.222656 0.595833 0.030668 0.032947
0 0.610156 0.673958 0.020231 0.026656
0 0.715625 0.698958 0.025208 0.034751
0 0.578906 0.726042 0.022861 0.027439
0 0.932031 0.726042 0.02077 0.027051
0 0.33125 0.744792 0.03502 0.039254
0 0.630469 0.7875 0.032126 0.031192
0 0.80625 0.804167 0.017301 0.024027
0 0.026562 0.814583 0.024657 0.037738
0 0.692187 0.952083 0.021653 0.030795
0 0.266406 0.961458 0.023666 0.033336