0 0.590625 0.015033 0.02674 0.030065
0 0.803125 0.054167 0.022047 0.026945
0 0.786719 0.061458 0.02101 0.028935
0 0.960938 0.075 0.021504 0.027927
0 0.973437 0.102083 0.018008 0.02309
0 0.255469 0.111458 0.023236 0.04071
0 0.275 0.136458 0.02143 0.027648
0 0.188281 0.164583 0.031552 0.040772
0 0.888281 0.225 0.019453 0.029296
0 0.467187 0.2375 0.0211 0.027734
0 0.225 0.323958 0.01813 0.025093
0 0.591406 0.376042 0.019573 0.024204
0 0.469531 0.388542 0.019925 0.025905
0 0.614844 0.390625 0.020328 0.024087
0 0.723437 0.407292 0.017658 0.024165
0 0.246875 0.416667 0.021095 0.022299
0 0.847656 0.435417 0.024038 0.035041
0 0.778125 0.44375 0.01882 0.024173
0 0.171875 0.451042 0.02101 0.028935
0 0.474219 0.451042 0.023319 0.029672
0 0.299219 0.467708 0.019613 0.024433
0 0.535937 0.513542 0.020676 0.026744
0 0.785937 0.525 0.025055 0.02666
0 0.124219 0.536458 0.025069 0.027655
0 0.752344 0.54375 0.019531 0.027421
0 0.500781 0.547917 0.022947 0.027986
0 0.721094 0.548958 0.01998 0.028483
0 0.767969 0.558333 0.020479 0.026286
0 0.921875 0.591667 0.024351 0.028784
0 0.141406 0.614583 0.019446 0.026546
0 0.946094 0.647917 0.018784 0.026311
0 0.660937 0.667708 0.018939 0.024442
0 0.149219 0.719792 0.018008 0.02309
0 0.423438 0.738542 0.021924 0.029232
0 0.1875 0.760417 0.019429 0.026567
0 0.542188 0.78125 0.019762 0.0313
0 0.653125 0.823958 0.019972 0.028419
0 0.207031 0.828125 0.024452 0.02879
0 0.267188 0.838542 0.024539 0.029349
0 0.202344 0.903125 0.019792 0.025321
0 0.059375 0.910417 0.018846 0.027254
0 0.257812 0.919792 0.018876 0.02557
0 0.388281 0.934375 0.01733 0.02503