0 0.013217 0.035417 0.026434 0.047358
0 0.153125 0.026042 0.018939 0.024442
0 0.323437 0.06875 0.021198 0.026257
0 0.765625 0.108333 0.0184 0.026183
0 0.342969 0.139583 0.023298 0.029827
0 0.742188 0.152083 0.022778 0.034777
0 0.940625 0.148958 0.018442 0.024589
0 0.93125 0.240625 0.018442 0.024589
0 0.285938 0.294792 0.018773 0.023107
0 0.875781 0.373958 0.021837 0.032562
0 0.960156 0.391667 0.024624 0.035128
0 0.0125 0.433333 0.018976 0.027221
0 0.983594 0.4625 0.020627 0.027503
0 0.334375 0.465625 0.019558 0.02407
0 0.167969 0.532292 0.022776 0.032111
0 0.354687 0.533333 0.017982 0.022269
0 0.325781 0.547917 0.023319 0.031093
0 0.296875 0.551042 0.023654 0.029634
0 0.971094 0.557292 0.022756 0.02825
0 0.982031 0.588542 0.021267 0.029091
0 0.057031 0.635417 0.024111 0.035154
0 0.686719 0.6625 0.0201 0.026364
0 0.075 0.672917 0.021302 0.02814
0 0.765625 0.679167 0.018939 0.024442
0 0.2 0.685417 0.02217 0.030923
0 0.266406 0.689583 0.019558 0.02407
0 0.0625 0.707292 0.018939 0.024442
0 0.927344 0.727083 0.021475 0.03346
0 0.889844 0.757292 0.027883 0.03315
0 0.513281 0.765625 0.021172 0.028874
0 0.569531 0.767708 0.025084 0.031877
0 0.2875 0.810417 0.025062 0.035457
0 0.428906 0.854167 0.029519 0.04089
0 0.899219 0.851042 0.023491 0.027306
0 0.446875 0.870833 0.019119 0.025492
0 0.607812 0.880208 0.018442 0.024589
0 0.457031 0.886458 0.021978 0.027245
0 0.588281 0.897917 0.019531 0.027421
0 0.979688 0.9 0.0211 0.027734
0 0.674219 0.904167 0.025171 0.029147
0 0.84375 0.932292 0.024229 0.027144
0 0.204687 0.942708 0.020666 0.028723
0 0.425781 0.964583 0.02475 0.031228