0 0.968505 0.039668 0.06299 0.079335
0 0.698438 0.038542 0.023787 0.036898
0 0.132812 0.070833 0.03595 0.028285
0 0.444531 0.128125 0.020422 0.025409
0 0.445312 0.1625 0.028188 0.036368
0 0.329688 0.170833 0.023854 0.033205
0 0.672656 0.177083 0.022255 0.033718
0 0.423438 0.213542 0.02537 0.032683
0 0.03125 0.311458 0.029803 0.036166
0 0.846094 0.336458 0.031636 0.038725
0 0.857812 0.339583 0.017982 0.022269
0 0.719531 0.351042 0.030561 0.030236
0 0.261719 0.364583 0.028926 0.029368
0 0.170313 0.401042 0.034439 0.034011
0 0.234375 0.435417 0.036436 0.039127
0 0.4125 0.45625 0.021272 0.037524
0 0.085938 0.485417 0.040633 0.034509
0 0.654687 0.502083 0.036914 0.042192
0 0.689844 0.532292 0.019733 0.025046
0 0.409375 0.559375 0.018442 0.024589
0 0.410938 0.577083 0.027465 0.045226
0 0.164062 0.626042 0.025095 0.028633
0 0.99068 0.660417 0.018639 0.030795
0 0.182031 0.688542 0.023556 0.02766
0 0.267969 0.71875 0.027636 0.049201
0 0.957812 0.708333 0.02426 0.027326
0 0.35625 0.7375 0.020479 0.026286
0 0.10625 0.907292 0.027588 0.030853
0 0.717969 0.911458 0.028298 0.030542
0 0.0625 0.936458 0.022464 0.028723
0 0.739844 0.941667 0.03675 0.030542
0 0.174219 0.95 0.021203 0.030662