0 0.622656 0.108333 0.026738 0.039457
0 0.420312 0.144792 0.024341 0.028597
0 0.357812 0.208333 0.030507 0.034461
0 0.871875 0.25 0.023438 0.026042
0 0.057813 0.254167 0.026 0.030914
0 0.779687 0.275 0.018756 0.022285
0 0.8375 0.278125 0.018442 0.024589
0 0.254688 0.29375 0.032263 0.037186
0 0.91875 0.297917 0.021645 0.030804
0 0.371094 0.322917 0.019638 0.024534
0 0.163281 0.344792 0.031641 0.04372
0 0.625 0.3375 0.018756 0.022285
0 0.949219 0.371875 0.019693 0.028264
0 0.899219 0.395833 0.023557 0.030821
0 0.625781 0.396875 0.022883 0.028677
0 0.408594 0.407292 0.03843 0.043866
0 0.188281 0.40625 0.026767 0.039426
0 0.197656 0.467708 0.019972 0.028419
0 0.429688 0.486458 0.018442 0.024589
0 0.947656 0.494792 0.019792 0.025321
0 0.745313 0.525 0.021978 0.027245
0 0.811719 0.542708 0.019627 0.024405
0 0.214062 0.564583 0.022111 0.027748
0 0.372656 0.586458 0.026787 0.037786
0 0.432812 0.583333 0.018304 0.026169
0 0.461719 0.597917 0.023475 0.026349
0 0.658594 0.616667 0.025589 0.035797
0 0.950781 0.630208 0.027035 0.034038
0 0.197656 0.679167 0.030697 0.03911
0 0.303906 0.68125 0.020627 0.027503
0 0.467187 0.686458 0.027936 0.034874
0 0.885156 0.708333 0.030147 0.037548
0 0.342969 0.708333 0.022707 0.026328
0 0.973437 0.729167 0.026 0.030914
0 0.146875 0.764583 0.027255 0.03971
0 0.291406 0.772917 0.020231 0.026656
0 0.629687 0.789583 0.023673 0.036593
0 0.032031 0.857292 0.02032 0.023137
0 0.986719 0.927083 0.021038 0.029672
0 0.753906 0.932292 0.028932 0.030374
0 0.267188 0.9375 0.021145 0.028907
0 0.053906 0.946875 0.019733 0.025046
0 0.945312 0.984946 0.025307 0.030108
0 0.705469 0.988964 0.023192 0.022071