0 0.545312 0.063542 0.019627 0.024405
0 0.460938 0.080208 0.021575 0.028766
0 0.952344 0.080208 0.01902 0.024748
0 0.461719 0.091667 0.022945 0.029561
0 0.932813 0.09375 0.01733 0.02503
0 0.08125 0.104167 0.018991 0.026389
0 0.573438 0.105208 0.022346 0.029794
0 0.427344 0.110417 0.02018 0.026907
0 0.585156 0.109375 0.020647 0.026788
0 0.948438 0.123958 0.021131 0.02449
0 0.732031 0.15 0.018999 0.02628
0 0.308594 0.16875 0.018304 0.026169
0 0.592187 0.21875 0.021903 0.030739
0 0.492969 0.228125 0.019543 0.023126
0 0.523438 0.229167 0.017757 0.026099
0 0.503125 0.236458 0.021239 0.025868
0 0.464844 0.240625 0.019531 0.027421
0 0.186719 0.378125 0.017317 0.024011
0 0.0875 0.413542 0.019792 0.025321
0 0.725781 0.428125 0.017317 0.024011
0 0.863281 0.475 0.023385 0.032449
0 0.867969 0.601042 0.017438 0.024063
0 0.989799 0.626042 0.020403 0.034462
0 0.885938 0.622917 0.017982 0.022269
0 0.844531 0.627083 0.019247 0.026491
0 0.870313 0.642708 0.018773 0.023107
0 0.902344 0.677083 0.019429 0.026567
0 0.59375 0.815625 0.018442 0.024589
0 0.99077 0.830208 0.01846 0.025046
0 0.5875 0.858333 0.017721 0.025103
0 0.857031 0.895833 0.018805 0.027121
0 0.764062 0.958333 0.019429 0.026567
0 0.63125 0.96875 0.018991 0.026389