0 0.328906 0.035417 0.019609 0.026145
0 0.45625 0.041667 0.021049 0.031547
0 0.322656 0.04375 0.018008 0.02309
0 0.366406 0.060417 0.022858 0.027444
0 0.525 0.091667 0.020866 0.030437
0 0.804688 0.146875 0.018561 0.025359
0 0.4 0.171875 0.018442 0.024589
0 0.975 0.267708 0.018161 0.023679
0 0.314063 0.286458 0.018442 0.024589
0 0.690625 0.297917 0.017337 0.025026
0 0.824219 0.317708 0.023054 0.029204
0 0.650781 0.322917 0.018784 0.026311
0 0.620313 0.401042 0.017317 0.024011
0 0.460938 0.494792 0.018442 0.024589
0 0.169531 0.497917 0.019035 0.026241
0 0.713281 0.498958 0.018374 0.028171
0 0.28125 0.510417 0.020769 0.031387
0 0.505469 0.558333 0.017348 0.026056
0 0.591406 0.572917 0.018769 0.023116
0 0.700781 0.694792 0.017317 0.024011
0 0.567187 0.898958 0.018374 0.028171