0 0.68125 0.028125 0.033377 0.040996
0 0.1875 0.0625 0.032867 0.034649
0 0.107813 0.08125 0.017982 0.022269
0 0.639062 0.191667 0.028005 0.034371
0 0.532031 0.19375 0.02715 0.032863
0 0.196094 0.225 0.024309 0.031325
0 0.56875 0.25625 0.023569 0.034832
0 0.410938 0.278125 0.021816 0.032581
0 0.296875 0.301042 0.019792 0.025321
0 0.125781 0.304167 0.021116 0.030583
0 0.547656 0.34375 0.02838 0.035433
0 0.204687 0.354167 0.019446 0.026546
0 0.054688 0.3875 0.022346 0.029794
0 0.232031 0.4 0.02018 0.026907
0 0.039844 0.426042 0.022673 0.031282
0 0.478906 0.435417 0.025193 0.038014
0 0.433594 0.467708 0.026273 0.033081
0 0.275781 0.476042 0.02525 0.032349
0 0.726562 0.490625 0.021816 0.032581
0 0.511719 0.494792 0.019543 0.023126
0 0.566406 0.522917 0.027371 0.039841
0 0.595313 0.522917 0.022656 0.031302
0 0.402344 0.554167 0.03542 0.037822
0 0.260156 0.580208 0.018939 0.024442
0 0.292969 0.597917 0.019574 0.023676
0 0.648438 0.66875 0.022129 0.030969
0 0.683594 0.673958 0.022657 0.03289
0 0.820312 0.677083 0.021176 0.031534
0 0.155469 0.704167 0.027385 0.049139
0 0.985156 0.735417 0.024263 0.040809
0 0.478125 0.748958 0.025853 0.032508
0 0.066406 0.778125 0.02759 0.045361
0 0.548438 0.780208 0.035474 0.042371
0 0.953906 0.841667 0.030751 0.034619
0 0.341406 0.888542 0.021816 0.032581
0 0.797656 0.930208 0.020866 0.030437
0 0.013281 0.961458 0.023248 0.030703