0 0.851562 0.016667 0.018442 0.024589
0 0.401562 0.053125 0.020666 0.028723
0 0.361719 0.0625 0.031938 0.038542
0 0.340625 0.06875 0.021362 0.02664
0 0.311719 0.080208 0.025557 0.037382
0 0.170313 0.082292 0.021314 0.02663
0 0.635938 0.109375 0.035246 0.040686
0 0.107031 0.113542 0.023668 0.031558
0 0.242188 0.111458 0.021339 0.026862
0 0.398438 0.114583 0.022143 0.027371
0 0.047656 0.141667 0.023421 0.033
0 0.707812 0.147917 0.021161 0.025349
0 0.067969 0.152083 0.019768 0.025593
0 0.441406 0.185417 0.019683 0.026728
0 0.596875 0.19375 0.027419 0.03604
0 0.621094 0.216667 0.018784 0.026311
0 0.089844 0.238542 0.018442 0.024589
0 0.420312 0.246875 0.027797 0.032539
0 0.646094 0.248958 0.02739 0.033936
0 0.664062 0.260417 0.02288 0.032835
0 0.661719 0.279167 0.020515 0.034408
0 0.584375 0.284375 0.02003 0.029373
0 0.467969 0.286458 0.018096 0.024127
0 0.3875 0.345833 0.019429 0.026567
0 0.033594 0.351042 0.019733 0.025046
0 0.083594 0.39375 0.051765 0.089354
0 0.917969 0.3625 0.022828 0.030437
0 0.214062 0.363542 0.020566 0.026042
0 0.279687 0.371875 0.023856 0.034731
0 0.129688 0.460417 0.031706 0.03965
0 0.3 0.483333 0.02597 0.035516
0 0.251563 0.497917 0.046221 0.05737
0 0.100781 0.5125 0.025149 0.032864
0 0.119531 0.530208 0.01882 0.024173
0 0.186719 0.563542 0.022828 0.027821
0 0.46875 0.579167 0.021203 0.030662
0 0.028125 0.6 0.032098 0.049311
0 0.089844 0.623958 0.050412 0.077891
0 0.167187 0.60625 0.017982 0.022269
0 0.239063 0.608333 0.018406 0.026178
0 0.902344 0.628125 0.023906 0.033448
0 0.057813 0.641667 0.02018 0.026907
0 0.207813 0.642708 0.018442 0.024589
0 0.409375 0.690625 0.040579 0.053003
0 0.364844 0.698958 0.022657 0.03289
0 0.342187 0.73125 0.043665 0.059889
0 0.260156 0.725 0.023706 0.042758
0 0.627344 0.788542 0.020432 0.028638
0 0.679688 0.810417 0.049392 0.068191
0 0.333594 0.814583 0.018052 0.026078
0 0.2625 0.854167 0.02827 0.040182
0 0.889844 0.86875 0.025156 0.030503
0 0.9 0.867708 0.018442 0.024589
0 0.128906 0.904167 0.018921 0.024472
0 0.140625 0.9375 0.020866 0.030437
0 0.155469 0.940625 0.022346 0.029794
0 0.48125 0.939583 0.021112 0.025088
0 0.767188 0.942708 0.024341 0.028597
0 0.157812 0.963542 0.01902 0.024748
0 0.500781 0.964583 0.019429 0.026567