0 0.16875 0.125 0.025135 0.03905
0 0.053125 0.151042 0.023565 0.027875
0 0.35625 0.175 0.031417 0.032775
0 0.014668 0.178125 0.029337 0.032446
0 0.800781 0.217708 0.023906 0.033448
0 0.778125 0.298958 0.021119 0.029767
0 0.553906 0.33125 0.025689 0.032246
0 0.055469 0.35 0.025047 0.032127
0 0.455469 0.366667 0.019683 0.026728
0 0.548438 0.373958 0.024274 0.028304
0 0.05625 0.375 0.019558 0.02407
0 0.415625 0.378125 0.01902 0.024748
0 0.009399 0.40625 0.018798 0.028633
0 0.545312 0.4375 0.019195 0.026357
0 0.296094 0.458333 0.020627 0.027503
0 0.173437 0.469792 0.02834 0.035716
0 0.938281 0.554167 0.022876 0.031243
0 0.578125 0.563542 0.021508 0.03051
0 0.365625 0.623958 0.022128 0.030307
0 0.571875 0.647917 0.024341 0.028597
0 0.246094 0.660417 0.025918 0.029193
0 0.544531 0.670833 0.019925 0.025905
0 0.215625 0.70625 0.041082 0.049251
0 0.305469 0.752083 0.028984 0.030009
0 0.274219 0.8 0.02018 0.026907
0 0.271875 0.81875 0.025135 0.03905
0 0.160938 0.81875 0.024309 0.027699
0 0.814063 0.827083 0.018991 0.026389
0 0.464844 0.839583 0.024897 0.032298
0 0.05 0.842708 0.021314 0.02663
0 0.371875 0.869792 0.024694 0.034818
0 0.247656 0.923958 0.024211 0.032811
0 0.438281 0.939583 0.026673 0.029232
0 0.167187 0.948958 0.022325 0.028159