0 0.771875 0.019792 0.01813 0.025093
0 0.319531 0.023958 0.019036 0.029228
0 0.89375 0.035417 0.021259 0.029733
0 0.098437 0.04375 0.021653 0.030795
0 0.823438 0.046875 0.021701 0.028014
0 0.739062 0.063542 0.018161 0.023679
0 0.417969 0.071875 0.019638 0.024534
0 0.090625 0.079167 0.019947 0.034431
0 0.46875 0.077083 0.021112 0.025088
0 0.014063 0.10625 0.021242 0.026567
0 0.534375 0.115625 0.017721 0.025103
0 0.544531 0.133333 0.022768 0.026762
0 0.792969 0.14375 0.02095 0.027383
0 0.024219 0.157292 0.019832 0.026443
0 0.371875 0.16875 0.018304 0.026169
0 0.565625 0.1875 0.027481 0.029714
0 0.934375 0.2 0.024459 0.028776
0 0.367969 0.203125 0.017317 0.024011
0 0.642969 0.210417 0.019832 0.026443
0 0.244531 0.210417 0.020377 0.024589
0 0.458594 0.236458 0.027559 0.043311
0 0.9 0.228125 0.018442 0.024589
0 0.75 0.236458 0.020647 0.026788
0 0.164062 0.242708 0.021837 0.032562
0 0.484375 0.248958 0.022858 0.027444
0 0.386719 0.248958 0.018442 0.024589
0 0.748437 0.253125 0.01882 0.024173
0 0.217969 0.26875 0.020046 0.026244
0 0.385937 0.269792 0.018374 0.028171
0 0.541406 0.270833 0.026593 0.026808
0 0.509375 0.28125 0.018342 0.027161
0 0.121094 0.291667 0.019638 0.024534
0 0.896875 0.29375 0.021924 0.029232
0 0.870313 0.295833 0.01802 0.023067
0 0.204687 0.302083 0.018756 0.022285
0 0.070312 0.307292 0.018096 0.024127
0 0.221875 0.308333 0.017721 0.025103
0 0.871875 0.3125 0.02123 0.025887
0 0.220312 0.313542 0.019633 0.024542
0 0.326562 0.320833 0.021112 0.025088
0 0.986719 0.328125 0.016702 0.023976
0 0.372656 0.332292 0.018773 0.023107
0 0.609375 0.333333 0.020046 0.026244
0 0.985938 0.334375 0.018442 0.024589
0 0.625 0.354167 0.018008 0.02309
0 0.114062 0.363542 0.025354 0.032797
0 0.945312 0.361458 0.018939 0.024442
0 0.329688 0.363542 0.020364 0.024472
0 0.95625 0.370833 0.017757 0.026099
0 0.315625 0.386458 0.018836 0.029238
0 0.295312 0.388542 0.019543 0.023126
0 0.021094 0.392708 0.020154 0.028445
0 0.485938 0.391667 0.018048 0.02325
0 0.885156 0.40625 0.018784 0.026311
0 0.539062 0.409375 0.017438 0.024063
0 0.069531 0.432292 0.022762 0.027547
0 0.541406 0.436458 0.01998 0.028483
0 0.771875 0.4375 0.022665 0.025104
0 0.8375 0.438542 0.020432 0.028638
0 0.08125 0.440625 0.018442 0.024589
0 0.928125 0.451042 0.018331 0.025253
0 0.621875 0.459375 0.018342 0.027161
0 0.599219 0.466667 0.025923 0.028714
0 0.623437 0.466667 0.02118 0.025185
0 0.075 0.471875 0.02003 0.029373
0 0.128125 0.475 0.025984 0.029621
0 0.90625 0.476042 0.022042 0.028455
0 0.085156 0.480208 0.019627 0.024405
0 0.188281 0.482292 0.019613 0.024433
0 0.760156 0.486458 0.019925 0.028323
0 0.707031 0.492708 0.017188 0.026042
0 0.09375 0.498958 0.019543 0.023126
0 0.152344 0.503125 0.02369 0.029063
0 0.2 0.5 0.017438 0.024063
0 0.040625 0.509375 0.018442 0.024589
0 0.596875 0.51875 0.018404 0.031268
0 0.978125 0.520833 0.018367 0.028175
0 0.985938 0.523958 0.021171 0.025078
0 0.942187 0.528125 0.018939 0.024442
0 0.835156 0.536458 0.019634 0.028175
0 0.028906 0.546875 0.019574 0.023676
0 0.228125 0.552083 0.024394 0.028127
0 0.644531 0.548958 0.018442 0.024589
0 0.065625 0.552083 0.018991 0.026389
0 0.592187 0.552083 0.021333 0.026872
0 0.901563 0.552083 0.024247 0.026365
0 0.746875 0.570833 0.024632 0.029919
0 0.136719 0.576042 0.020154 0.028445
0 0.644531 0.575 0.019446 0.026546
0 0.224219 0.58125 0.034538 0.033924
0 0.560937 0.578125 0.018939 0.024442
0 0.742188 0.58125 0.021901 0.024512
0 0.325781 0.584375 0.019251 0.027293
0 0.528906 0.5875 0.019531 0.023958
0 0.121094 0.608333 0.019724 0.029262
0 0.101562 0.607292 0.018161 0.023679
0 0.802344 0.609375 0.021899 0.024518
0 0.1375 0.613542 0.018939 0.024442
0 0.255469 0.614583 0.018756 0.022285
0 0.692187 0.619792 0.018888 0.028239
0 0.504687 0.622917 0.017721 0.025103
0 0.639062 0.630208 0.018827 0.023629
0 0.982812 0.635417 0.020743 0.030385
0 0.235156 0.644792 0.017317 0.024011
0 0.767188 0.663542 0.017721 0.025103
0 0.379688 0.663542 0.018124 0.023544
0 0.553906 0.665625 0.017317 0.024011
0 0.117969 0.66875 0.020231 0.026656
0 0.816406 0.670833 0.021116 0.030583
0 0.885156 0.66875 0.019768 0.025593
0 0.686719 0.671875 0.020604 0.028373
0 0.363281 0.679167 0.019832 0.026443
0 0.560937 0.679167 0.018324 0.026151
0 0.882812 0.685417 0.018153 0.026097
0 0.49375 0.688542 0.021131 0.02449
0 0.388281 0.701042 0.018442 0.024589
0 0.774219 0.705208 0.018442 0.024589
0 0.570312 0.710417 0.017721 0.025103
0 0.108594 0.7125 0.019683 0.026728
0 0.211719 0.715625 0.019733 0.025046
0 0.30625 0.715625 0.018096 0.024127
0 0.573438 0.715625 0.017721 0.025103
0 0.528125 0.722917 0.019542 0.02313
0 0.617969 0.726042 0.019792 0.025321
0 0.6125 0.732292 0.018096 0.024127
0 0.321875 0.7375 0.021313 0.028417
0 0.453125 0.741667 0.021176 0.031534
0 0.186719 0.764583 0.025806 0.025956
0 0.828125 0.777083 0.020314 0.022296
0 0.746094 0.782292 0.025081 0.027379
0 0.240625 0.792708 0.020441 0.025129
0 0.433594 0.796875 0.021882 0.024105
0 0.1375 0.798958 0.021921 0.025381
0 0.798438 0.803125 0.018442 0.024589
0 0.4 0.822917 0.019542 0.02313
0 0.421094 0.823958 0.022695 0.02514
0 0.478125 0.835417 0.017757 0.026099
0 0.307812 0.838542 0.024221 0.024115
0 0.117969 0.848958 0.021138 0.034503
0 0.646875 0.85 0.022656 0.031302
0 0.610156 0.865625 0.017721 0.025103
0 0.213281 0.880208 0.018939 0.024442
0 0.228906 0.889583 0.018882 0.027137
0 0.857812 0.888542 0.018442 0.024589
0 0.020313 0.904167 0.024258 0.025926
0 0.658594 0.903125 0.021901 0.024512
0 0.617969 0.90625 0.019429 0.026567
0 0.594531 0.913542 0.02101 0.028935
0 0.710938 0.914583 0.017982 0.022269
0 0.548438 0.919792 0.02904 0.030331
0 0.069531 0.926042 0.017317 0.024011
0 0.303906 0.926042 0.01902 0.024748
0 0.644531 0.936458 0.020231 0.026656
0 0.351562 0.936458 0.018442 0.024589
0 0.572656 0.936458 0.021878 0.023148
0 0.196094 0.945833 0.020627 0.027503
0 0.188281 0.955208 0.018442 0.024589
0 0.567969 0.958333 0.022777 0.026557
0 0.200781 0.966667 0.021279 0.026691
0 0.304688 0.969792 0.022099 0.027768
0 0.296875 0.983333 0.017757 0.026099
0 0.699219 0.982292 0.019925 0.025905
0 0.017969 0.986889 0.021491 0.026221
0 0.028125 0.987227 0.018367 0.025546
0 0.35625 0.986458 0.022692 0.025512
0 0.322656 0.988485 0.021098 0.02303
0 0.04375 0.98919 0.021131 0.02162