0 0.260156 0.008355 0.021112 0.01671
0 0.0875 0.019792 0.018442 0.024589
0 0.011228 0.034375 0.022456 0.045399
0 0.097656 0.045833 0.020422 0.025409
0 0.596875 0.082292 0.030983 0.03584
0 0.235156 0.11875 0.019531 0.027421
0 0.711719 0.127083 0.028151 0.040208
0 0.553125 0.13125 0.02585 0.031338
0 0.439063 0.158333 0.027612 0.032177
0 0.188281 0.173958 0.024224 0.033196
0 0.926562 0.169792 0.018939 0.024442
0 0.169531 0.201042 0.022309 0.032747
0 0.480469 0.21875 0.026783 0.036354
0 0.613281 0.242708 0.017658 0.024165
0 0.379688 0.276042 0.029922 0.032895
0 0.64375 0.294792 0.029119 0.038501
0 0.353125 0.334375 0.020147 0.028452
0 0.159375 0.347917 0.029061 0.031417
0 0.700781 0.35 0.02588 0.029593
0 0.1 0.361458 0.025394 0.035366
0 0.785937 0.383333 0.021689 0.030701
0 0.029687 0.436458 0.023345 0.03313
0 0.482812 0.441667 0.025557 0.037382
0 0.761719 0.480208 0.029803 0.036166
0 0.382812 0.48125 0.021198 0.026257
0 0.167969 0.511458 0.02258 0.031746
0 0.032031 0.517708 0.019601 0.028352
0 0.457813 0.551042 0.022017 0.028277
0 0.976562 0.564583 0.019531 0.027421
0 0.853125 0.617708 0.022729 0.02728
0 0.238281 0.667708 0.025865 0.032349
0 0.930469 0.684375 0.021653 0.030795
0 0.558594 0.695833 0.026712 0.037158
0 0.232813 0.804167 0.024483 0.035321
0 0.085938 0.809375 0.020906 0.031421
0 0.978125 0.810417 0.021339 0.026862
0 0.764844 0.813542 0.02101 0.028935
0 0.5375 0.832292 0.018442 0.024589
0 0.689063 0.834375 0.021563 0.029929
0 0.128125 0.844792 0.023511 0.028281
0 0.307031 0.860417 0.02018 0.026907
0 0.028906 0.871875 0.023421 0.033
0 0.282813 0.911458 0.027442 0.041411
0 0.872656 0.911458 0.020517 0.029536
0 0.107813 0.9375 0.024459 0.028776
0 0.610938 0.941667 0.023198 0.034888
0 0.824219 0.952083 0.02703 0.036558