0 0.357812 0.012889 0.020432 0.025777
0 0.014063 0.115625 0.022325 0.028159
0 0.009206 0.232292 0.018413 0.024534
0 0.788281 0.522917 0.021289 0.03236
0 0.085938 0.6 0.020341 0.025073
0 0.760156 0.658333 0.019429 0.026567
0 0.890625 0.6625 0.018124 0.023544
0 0.167969 0.664583 0.019446 0.026546
0 0.928125 0.673958 0.02048 0.031322
0 0.134375 0.734375 0.023421 0.033
0 0.694531 0.770833 0.017835 0.025128
0 0.338281 0.884375 0.020539 0.037547
0 0.175 0.923958 0.018096 0.024127
0 0.325781 0.951042 0.020666 0.028723
0 0.546094 0.952083 0.02018 0.026907
0 0.217969 0.965625 0.021929 0.025115
0 0.228125 0.970833 0.021921 0.025381