0 0.024219 0.040625 0.019925 0.025905
0 0.632031 0.116667 0.020566 0.026042
0 0.117188 0.1375 0.017757 0.026099
0 0.482031 0.1875 0.019627 0.024405
0 0.161719 0.197917 0.020509 0.025821
0 0.194531 0.2125 0.020341 0.025073
0 0.378125 0.219792 0.018442 0.024589
0 0.952344 0.242708 0.019627 0.024405
0 0.380469 0.258333 0.019429 0.026567
0 0.632812 0.264583 0.024383 0.034507
0 0.623437 0.344792 0.020736 0.028573
0 0.436719 0.376042 0.02032 0.023137
0 0.080469 0.386458 0.018161 0.023679
0 0.220312 0.41875 0.020231 0.026656
0 0.022656 0.452083 0.02018 0.026907
0 0.482812 0.45625 0.020313 0.026042
0 0.305469 0.46875 0.020627 0.027503
0 0.31875 0.503125 0.018096 0.024127
0 0.446094 0.534375 0.017317 0.024011
0 0.642188 0.54375 0.021188 0.030341
0 0.620313 0.577083 0.023319 0.031093
0 0.592969 0.604167 0.020231 0.026656
0 0.148438 0.615625 0.018769 0.023116
0 0.565625 0.670833 0.020092 0.030397
0 0.1 0.723958 0.023451 0.024539
0 0.25 0.780208 0.019627 0.024405
0 0.395313 0.822917 0.020313 0.026042
0 0.167969 0.84375 0.02018 0.026907
0 0.199219 0.8625 0.019446 0.026546
0 0.299219 0.907292 0.020328 0.024087
0 0.492188 0.916667 0.025837 0.030331
0 0.214062 0.922917 0.018784 0.026311
0 0.320312 0.923958 0.019531 0.027421