0 0.099219 0.011911 0.022027 0.023822
0 0.819531 0.00839 0.021098 0.01678
0 0.1875 0.013542 0.021901 0.024512
0 0.757812 0.016667 0.017982 0.022269
0 0.189844 0.022917 0.020416 0.025301
0 0.505469 0.022917 0.023521 0.026804
0 0.421094 0.039583 0.020627 0.027503
0 0.319531 0.041667 0.019247 0.026491
0 0.323437 0.052083 0.018304 0.026169
0 0.179688 0.055208 0.018442 0.024589
0 0.617969 0.061458 0.01733 0.02503
0 0.757812 0.073958 0.020371 0.024457
0 0.432812 0.083333 0.020092 0.030397
0 0.229687 0.098958 0.021542 0.027554
0 0.275 0.1 0.018324 0.026151
0 0.442188 0.104167 0.022114 0.034653
0 0.1375 0.104167 0.020811 0.029482
0 0.148438 0.105208 0.01902 0.024748
0 0.154688 0.115625 0.021267 0.029091
0 0.469531 0.11875 0.022777 0.026557
0 0.276562 0.120833 0.023521 0.026804
0 0.902344 0.139583 0.019633 0.024542
0 0.417187 0.148958 0.018561 0.025359
0 0.111719 0.15 0.019992 0.026974
0 0.794531 0.160417 0.023489 0.025902
0 0.859375 0.165625 0.021593 0.032602
0 0.153125 0.166667 0.019404 0.030301
0 0.875 0.171875 0.018442 0.024589
0 0.519531 0.173958 0.019633 0.024542
0 0.758594 0.177083 0.018784 0.026311
0 0.559375 0.178125 0.018096 0.024127
0 0.478125 0.18125 0.018827 0.023629
0 0.447656 0.183333 0.019534 0.022292
0 0.292187 0.188542 0.025001 0.023156
0 0.334375 0.190625 0.02118 0.025185
0 0.813281 0.190625 0.018096 0.024127
0 0.83125 0.207292 0.018442 0.024589
0 0.932031 0.217708 0.017337 0.025026
0 0.099219 0.227083 0.022261 0.027887
0 0.286719 0.226042 0.02032 0.023137
0 0.310156 0.232292 0.028272 0.030546
0 0.884375 0.234375 0.018846 0.02378
0 0.817969 0.236458 0.020371 0.024457
0 0.328125 0.240625 0.02032 0.023137
0 0.8 0.248958 0.018561 0.025359
0 0.076563 0.252083 0.025799 0.026387
0 0.579688 0.25625 0.017345 0.026058
0 0.444531 0.2625 0.016726 0.030209
0 0.489844 0.261458 0.01998 0.028483
0 0.975781 0.26875 0.016719 0.026046
0 0.717969 0.272917 0.019035 0.026241
0 0.29375 0.279167 0.01802 0.023067
0 0.26875 0.296875 0.020479 0.031425
0 0.125 0.294792 0.018442 0.024589
0 0.891406 0.295833 0.016719 0.026046
0 0.873437 0.297917 0.023571 0.027864
0 0.239844 0.317708 0.021582 0.032612
0 0.510938 0.317708 0.021098 0.023144
0 0.390625 0.341667 0.018784 0.026311
0 0.839844 0.342708 0.019733 0.025046
0 0.235937 0.345833 0.018888 0.028239
0 0.532813 0.345833 0.021314 0.02663
0 0.986719 0.351042 0.018367 0.028175
0 0.510938 0.361458 0.020583 0.030478
0 0.889062 0.3625 0.0184 0.026183
0 0.503906 0.36875 0.019247 0.026491
0 0.708594 0.36875 0.018784 0.026311
0 0.177344 0.371875 0.019733 0.025046
0 0.682031 0.372917 0.022051 0.026939
0 0.066406 0.377083 0.020826 0.029466
0 0.25625 0.380208 0.020372 0.028564
0 0.266406 0.38125 0.022828 0.027821
0 0.464844 0.380208 0.025923 0.028714
0 0.048438 0.384375 0.020127 0.032376
0 0.73125 0.380208 0.018442 0.024589
0 0.713281 0.385417 0.019534 0.022292
0 0.413281 0.390625 0.019925 0.025905
0 0.790625 0.391667 0.025084 0.027371
0 0.388281 0.39375 0.0184 0.026183
0 0.829688 0.396875 0.021239 0.025868
0 0.138281 0.402083 0.020072 0.030358
0 0.450781 0.398958 0.020371 0.024457
0 0.626563 0.405208 0.021131 0.02449
0 0.048438 0.409375 0.020441 0.025129
0 0.730469 0.410417 0.020231 0.026656
0 0.030469 0.411458 0.022726 0.025872
0 0.336719 0.416667 0.020242 0.030384
0 0.578906 0.420833 0.019057 0.027229
0 0.807031 0.420833 0.021972 0.025937
0 0.444531 0.426042 0.020945 0.028672
0 0.078906 0.43125 0.020231 0.026656
0 0.910937 0.434375 0.018808 0.028228
0 0.846875 0.446875 0.017658 0.024165
0 0.564844 0.448958 0.022726 0.025872
0 0.626563 0.460417 0.023642 0.02825
0 0.769531 0.457292 0.019633 0.024542
0 0.525781 0.466667 0.022216 0.034646
0 0.252344 0.463542 0.019574 0.023676
0 0.625781 0.46875 0.019446 0.026546
0 0.96875 0.476042 0.018442 0.024589
0 0.23125 0.48125 0.024436 0.029089
0 0.649219 0.480208 0.019925 0.028323
0 0.464844 0.480208 0.018161 0.023679
0 0.546875 0.48125 0.020509 0.025821
0 0.163281 0.485417 0.020341 0.025073
0 0.054688 0.494792 0.024513 0.036616
0 0.2 0.491667 0.021333 0.026872
0 0.85625 0.497917 0.020204 0.029401
0 0.707031 0.5 0.023489 0.025902
0 0.372656 0.519792 0.020866 0.030437
0 0.878906 0.520833 0.023556 0.02766
0 0.592187 0.526042 0.021575 0.028766
0 0.35 0.539583 0.02738 0.027713
0 0.169531 0.542708 0.019925 0.028323
0 0.827344 0.545833 0.020231 0.026656
0 0.06875 0.560417 0.017757 0.026099
0 0.486719 0.564583 0.019909 0.025929
0 0.321875 0.577083 0.018991 0.026389
0 0.339844 0.58125 0.021921 0.025381
0 0.203125 0.5875 0.022393 0.030491
0 0.919531 0.584375 0.019574 0.023676
0 0.945312 0.584375 0.021128 0.024499
0 0.9125 0.588542 0.018331 0.025253
0 0.594531 0.592708 0.022418 0.029062
0 0.448437 0.605208 0.018442 0.024589
0 0.615625 0.608333 0.02018 0.026907
0 0.590625 0.630208 0.019374 0.029294
0 0.979688 0.634375 0.019818 0.02843
0 0.100781 0.636458 0.019782 0.028249
0 0.292187 0.639583 0.024624 0.035128
0 0.858594 0.646875 0.017317 0.024011
0 0.545312 0.661458 0.018442 0.024589
0 0.2875 0.665625 0.018561 0.025359
0 0.677344 0.666667 0.019531 0.027421
0 0.760938 0.677083 0.024853 0.037187
0 0.235937 0.671875 0.021239 0.025868
0 0.035937 0.680208 0.021239 0.025868
0 0.482812 0.683333 0.018991 0.026389
0 0.840625 0.683333 0.018331 0.025253
0 0.333594 0.684375 0.021131 0.02449
0 0.351562 0.692708 0.02032 0.023137
0 0.046875 0.696875 0.021504 0.027927
0 0.507812 0.70625 0.023198 0.034888
0 0.685156 0.707292 0.021726 0.036597
0 0.628125 0.70625 0.017363 0.030211
0 0.273438 0.707292 0.019036 0.029228
0 0.4875 0.714583 0.028235 0.041808
0 0.360156 0.717708 0.018442 0.024589
0 0.705469 0.725 0.021669 0.03458
0 0.427344 0.723958 0.019613 0.024433
0 0.966406 0.726042 0.019925 0.025905
0 0.655469 0.7375 0.018784 0.026311
0 0.922656 0.742708 0.019638 0.024534
0 0.928125 0.74375 0.019534 0.022292
0 0.904687 0.745833 0.019592 0.025156
0 0.539844 0.751042 0.023908 0.033445
0 0.075 0.757292 0.024347 0.031475
0 0.014844 0.758333 0.018304 0.026169
0 0.675781 0.763542 0.021575 0.028766
0 0.636719 0.765625 0.02087 0.028194
0 0.43125 0.769792 0.017835 0.025128
0 0.01174 0.777083 0.023479 0.026804
0 0.1875 0.777083 0.018406 0.026178
0 0.860938 0.786458 0.018442 0.024589
0 0.08125 0.788542 0.018096 0.024127
0 0.41875 0.809375 0.02032 0.023137
0 0.141406 0.8125 0.022947 0.027986
0 0.3125 0.823958 0.020371 0.024457
0 0.064062 0.828125 0.01902 0.024748
0 0.575 0.832292 0.024421 0.029117
0 0.807031 0.836458 0.019925 0.025905
0 0.714844 0.838542 0.017317 0.024011
0 0.810937 0.842708 0.018561 0.025359
0 0.29375 0.854167 0.018008 0.02309
0 0.276562 0.86875 0.018855 0.030261
0 0.40625 0.89375 0.018406 0.026178
0 0.450781 0.892708 0.017317 0.024011
0 0.164062 0.896875 0.018442 0.024589
0 0.322656 0.905208 0.022721 0.025884
0 0.6375 0.9125 0.02077 0.027051
0 0.070312 0.925 0.023592 0.027504
0 0.6875 0.934375 0.01902 0.024748
0 0.105469 0.9375 0.019681 0.02538
0 0.354687 0.953125 0.021903 0.030739
0 0.0125 0.953125 0.017358 0.028131
0 0.775781 0.965625 0.017317 0.024011
0 0.745313 0.979167 0.018048 0.02325