0 0.032031 0.012431 0.025935 0.024863
0 0.294531 0.01276 0.019531 0.025521
0 0.410156 0.022917 0.022937 0.028155
0 0.351562 0.055208 0.019534 0.022292
0 0.615625 0.061458 0.028572 0.033436
0 0.455469 0.080208 0.020339 0.023705
0 0.049219 0.189583 0.036809 0.038957
0 0.298438 0.207292 0.029384 0.034567
0 0.150781 0.225 0.030609 0.049835
0 0.299219 0.267708 0.036309 0.045152
0 0.44375 0.272917 0.021546 0.027548
0 0.842969 0.289583 0.025011 0.035065
0 0.689844 0.308333 0.02475 0.031228
0 0.267188 0.313542 0.025552 0.033182
0 0.921875 0.341667 0.024564 0.030774
0 0.882812 0.344792 0.023476 0.030208
0 0.111719 0.365625 0.023847 0.0333
0 0.567969 0.370833 0.019683 0.026728
0 0.55 0.386458 0.025838 0.032623
0 0.969531 0.397917 0.037022 0.051184
0 0.292969 0.403125 0.02032 0.023137
0 0.508594 0.405208 0.023103 0.02886
0 0.911719 0.428125 0.017438 0.024063
0 0.761719 0.46875 0.023583 0.030562
0 0.899219 0.473958 0.024598 0.033805
0 0.141406 0.489583 0.025058 0.034018
0 0.511719 0.584375 0.038984 0.074325
0 0.539062 0.595833 0.021239 0.025868
0 0.027344 0.603125 0.020371 0.024457
0 0.538281 0.611458 0.017317 0.024011
0 0.292969 0.688542 0.017301 0.024027
0 0.046875 0.690625 0.018939 0.024442
0 0.061719 0.7 0.024262 0.033667
0 0.717187 0.70625 0.021653 0.030795
0 0.83125 0.729167 0.029824 0.047769
0 0.796094 0.728125 0.023607 0.028741
0 0.746094 0.746875 0.027727 0.053277
0 0.578125 0.740625 0.028572 0.033436
0 0.703125 0.780208 0.034468 0.042641
0 0.764062 0.7875 0.027525 0.035305
0 0.102344 0.795833 0.023344 0.031678
0 0.148438 0.821875 0.028556 0.04266
0 0.817187 0.816667 0.017982 0.022269
0 0.51875 0.836458 0.029191 0.043691
0 0.782813 0.846875 0.028218 0.051367
0 0.18125 0.863542 0.02829 0.035646
0 0.017188 0.886458 0.018939 0.024442
0 0.086719 0.929167 0.019992 0.026974
0 0.839063 0.95 0.021943 0.026404
0 0.478906 0.958333 0.01971 0.025332
0 0.755469 0.979167 0.02287 0.032981