0 0.5875 0.017912 0.033716 0.035824
0 0.316406 0.027083 0.022947 0.027986
0 0.670312 0.059375 0.018976 0.027221
0 0.467969 0.079167 0.04326 0.048857
0 0.039844 0.084375 0.019792 0.025321
0 0.908594 0.085417 0.019195 0.026357
0 0.957812 0.097917 0.021896 0.030747
0 0.395313 0.105208 0.033071 0.036745
0 0.96875 0.125 0.021896 0.030747
0 0.2875 0.145833 0.022979 0.034747
0 0.907813 0.177083 0.017757 0.026099
0 0.9375 0.180208 0.022815 0.027608
0 0.282031 0.185417 0.019119 0.025492
0 0.355469 0.215625 0.02639 0.041143
0 0.470313 0.208333 0.017438 0.024063
0 0.755469 0.219792 0.026308 0.031809
0 0.536719 0.298958 0.022466 0.036608
0 0.201563 0.298958 0.025084 0.031877
0 0.338281 0.307292 0.019992 0.026974
0 0.472656 0.361458 0.053239 0.040595
0 0.358594 0.365625 0.022937 0.028155
0 0.382812 0.389583 0.026666 0.03073
0 0.658594 0.426042 0.037233 0.049644
0 0.732812 0.436458 0.01902 0.024748
0 0.245312 0.452083 0.020341 0.025073
0 0.061719 0.464583 0.020046 0.026244
0 0.833594 0.477083 0.020745 0.031408
0 0.669531 0.496875 0.022937 0.028155
0 0.271094 0.514583 0.026994 0.038084
0 0.164844 0.558333 0.022815 0.027608
0 0.719531 0.576042 0.022671 0.032323
0 0.102344 0.634375 0.022258 0.046894
0 0.280469 0.645833 0.043758 0.031674
0 0.363281 0.686458 0.019925 0.025905
0 0.667188 0.711458 0.021648 0.029332
0 0.369531 0.730208 0.033071 0.039125
0 0.964063 0.733333 0.030745 0.033177
0 0.800781 0.795833 0.020072 0.030358
0 0.55 0.801042 0.023345 0.03313
0 0.15625 0.848958 0.032242 0.033271
0 0.832812 0.866667 0.025837 0.030331
0 0.435937 0.86875 0.021302 0.02814
0 0.690625 0.946589 0.057379 0.106823
0 0.828906 0.942708 0.019531 0.026042
0 0.714063 0.971875 0.022231 0.036545
0 0.599219 0.987574 0.023097 0.024852