0 0.01875 0.014583 0.02123 0.025887
0 0.140625 0.020833 0.021946 0.026299
0 0.372656 0.029167 0.035303 0.034399
0 0.685156 0.03125 0.019633 0.024542
0 0.759375 0.042708 0.021108 0.025096
0 0.555469 0.065625 0.019415 0.028306
0 0.38125 0.06875 0.019446 0.026546
0 0.458594 0.069792 0.02591 0.029014
0 0.280469 0.072917 0.020341 0.025073
0 0.460938 0.084375 0.020063 0.032373
0 0.964063 0.083333 0.021131 0.026178
0 0.45 0.086458 0.01902 0.024748
0 0.542969 0.095833 0.020566 0.027421
0 0.132812 0.120833 0.018354 0.027152
0 0.142187 0.121875 0.021459 0.027275
0 0.175 0.122917 0.025783 0.024119
0 0.625781 0.13125 0.022858 0.027444
0 0.582031 0.132292 0.019613 0.024433
0 0.025781 0.134375 0.021131 0.02449
0 0.658594 0.144792 0.018442 0.024589
0 0.404687 0.15 0.021162 0.025464
0 0.059375 0.157292 0.01998 0.028483
0 0.027344 0.176042 0.019558 0.02407
0 0.220312 0.213542 0.021095 0.032525
0 0.294531 0.210417 0.022708 0.026425
0 0.071094 0.211458 0.017317 0.024011
0 0.761719 0.213542 0.022726 0.025872
0 0.382812 0.228125 0.02159 0.036587
0 0.125 0.238542 0.020371 0.024457
0 0.73125 0.245833 0.019429 0.026567
0 0.013281 0.253125 0.019012 0.028214
0 0.553125 0.261458 0.01998 0.028483
0 0.378125 0.266667 0.019404 0.030301
0 0.1375 0.277083 0.019053 0.030252
0 0.84375 0.277083 0.026571 0.025454
0 0.408594 0.288542 0.021593 0.032602
0 0.261719 0.289583 0.019909 0.025929
0 0.20625 0.29375 0.018406 0.026178
0 0.359375 0.292708 0.018442 0.024589
0 0.576562 0.305208 0.018939 0.024442
0 0.804688 0.336458 0.021921 0.025381
0 0.985156 0.335417 0.021239 0.025868
0 0.403125 0.341667 0.018406 0.026178
0 0.301563 0.353125 0.021658 0.029319
0 0.275 0.358333 0.019558 0.02407
0 0.792188 0.359375 0.023439 0.023153
0 0.274219 0.364583 0.019733 0.025046
0 0.970313 0.364583 0.023438 0.021875
0 0.3875 0.367708 0.019633 0.024542
0 0.059375 0.370833 0.018161 0.023679
0 0.801562 0.373958 0.018354 0.025228
0 0.232031 0.380208 0.020154 0.028445
0 0.671094 0.384375 0.019098 0.028216
0 0.608594 0.386458 0.018846 0.02378
0 0.749219 0.389583 0.021962 0.027355
0 0.944531 0.396875 0.019792 0.025321
0 0.255469 0.415625 0.018404 0.031268
0 0.709375 0.441667 0.021653 0.030795
0 0.810937 0.44375 0.017345 0.026058
0 0.277344 0.459375 0.019792 0.025321
0 0.286719 0.460417 0.021198 0.026257
0 0.270313 0.464583 0.021943 0.026404
0 0.208594 0.471875 0.022786 0.028486
0 0.610156 0.480208 0.022728 0.025973
0 0.702344 0.484375 0.019098 0.028216
0 0.142187 0.489583 0.018773 0.023107
0 0.339062 0.489583 0.019542 0.02313
0 0.525 0.5125 0.018784 0.026311
0 0.472656 0.514583 0.018331 0.025253
0 0.599219 0.520833 0.025836 0.027678
0 0.314844 0.535417 0.021479 0.027243
0 0.748437 0.536458 0.021172 0.028874
0 0.822656 0.5375 0.022014 0.027513
0 0.285156 0.544792 0.020604 0.028373
0 0.321875 0.54375 0.021239 0.025868
0 0.503125 0.552083 0.017827 0.038543
0 0.792188 0.546875 0.02111 0.023724
0 0.297656 0.55625 0.019446 0.026546
0 0.367188 0.5625 0.019558 0.02407
0 0.647656 0.5625 0.020441 0.025129
0 0.5375 0.573958 0.022675 0.024528
0 0.654687 0.580208 0.022983 0.028439
0 0.672656 0.580208 0.017317 0.024011
0 0.664844 0.58125 0.01875 0.023958
0 0.640625 0.583333 0.018008 0.02309
0 0.014844 0.588542 0.019768 0.025593
0 0.478125 0.597917 0.019429 0.026567
0 0.242969 0.611458 0.02456 0.029745
0 0.61875 0.615625 0.023437 0.034009
0 0.267969 0.617708 0.018406 0.026178
0 0.107031 0.61875 0.018991 0.026389
0 0.889844 0.647917 0.019909 0.025929
0 0.24375 0.658333 0.020866 0.030437
0 0.896875 0.659375 0.018342 0.027161
0 0.480469 0.675 0.020566 0.026042
0 0.495312 0.682292 0.02123 0.025887
0 0.7625 0.686458 0.018976 0.027221
0 0.834375 0.688542 0.017793 0.028147
0 0.683594 0.697917 0.020583 0.030478
0 0.707812 0.709375 0.017358 0.028131
0 0.532031 0.710417 0.019832 0.026443
0 0.864062 0.720833 0.018846 0.027254
0 0.294531 0.739583 0.022861 0.032442
0 0.510938 0.780208 0.024835 0.031146
0 0.182031 0.805208 0.019633 0.024542
0 0.194531 0.832292 0.020604 0.028373
0 0.090625 0.836458 0.021901 0.024512
0 0.389844 0.847917 0.019365 0.027345
0 0.65625 0.8875 0.020328 0.024087
0 0.499219 0.889583 0.019832 0.026443
0 0.047656 0.890625 0.019693 0.024852
0 0.427344 0.895833 0.019534 0.022292
0 0.226562 0.908333 0.021921 0.025381
0 0.192188 0.934375 0.017969 0.025
0 0.653906 0.935417 0.019585 0.023836
0 0.224219 0.941667 0.018834 0.032298
0 0.960156 0.985391 0.020113 0.029218
0 0.104688 0.990562 0.018331 0.018876
0 0.282031 0.990207 0.018442 0.019586
0 0.275781 0.991304 0.018756 0.017392