0 0.257812 0.027083 0.033796 0.042207
0 0.969531 0.108333 0.04007 0.04454
0 0.116406 0.126042 0.019558 0.02407
0 0.277344 0.166667 0.019925 0.025905
0 0.725 0.167708 0.018939 0.024442
0 0.169531 0.225 0.024698 0.032251
0 0.025 0.235417 0.024564 0.030774
0 0.598437 0.235417 0.018773 0.023107
0 0.700781 0.2625 0.019247 0.026491
0 0.363281 0.26875 0.020046 0.026244
0 0.371094 0.275 0.020627 0.027503
0 0.133594 0.2875 0.023626 0.034578
0 0.782031 0.332292 0.02101 0.028935
0 0.457813 0.353125 0.01902 0.024748
0 0.114844 0.377083 0.02101 0.028935
0 0.013299 0.396875 0.026598 0.029106
0 0.316406 0.419792 0.024309 0.031325
0 0.066406 0.428125 0.026681 0.041345
0 0.686719 0.478125 0.025589 0.035797
0 0.010582 0.501042 0.021165 0.028277
0 0.186719 0.511458 0.023908 0.033445
0 0.210938 0.5125 0.028106 0.035108
0 0.358594 0.576042 0.029962 0.035201
0 0.111719 0.607292 0.017301 0.024027
0 0.780469 0.6125 0.021645 0.030804
0 0.232813 0.620833 0.021339 0.026862
0 0.139063 0.636458 0.033904 0.035475
0 0.882031 0.678125 0.017317 0.024011
0 0.936719 0.711458 0.020774 0.032412
0 0.732812 0.710417 0.018331 0.025253
0 0.120313 0.752083 0.021203 0.030662
0 0.544531 0.8375 0.028518 0.038955
0 0.14375 0.85625 0.024496 0.029918
0 0.710156 0.855208 0.019925 0.025905
0 0.733594 0.944792 0.019733 0.025046
0 0.464062 0.95 0.024309 0.027699
0 0.401562 0.954167 0.021239 0.025868
0 0.989863 0.983333 0.020274 0.033114