0 0.9875 0.020833 0.020231 0.026656
0 0.072656 0.033333 0.038324 0.034918
0 0.849219 0.059375 0.0197 0.025227
0 0.511719 0.063542 0.025819 0.026793
0 0.442188 0.067708 0.018773 0.023107
0 0.907031 0.107292 0.020666 0.028723
0 0.9 0.139583 0.024533 0.03271
0 0.91875 0.189583 0.024607 0.042902
0 0.40625 0.1875 0.018124 0.023544
0 0.857031 0.190625 0.023511 0.028281
0 0.36875 0.209375 0.019543 0.023126
0 0.430469 0.286458 0.02237 0.031064
0 0.689844 0.342708 0.022254 0.035638
0 0.213281 0.353125 0.025043 0.028321
0 0.675781 0.383333 0.021116 0.030583
0 0.2125 0.433333 0.022815 0.027608
0 0.614844 0.460417 0.022883 0.028677
0 0.452344 0.501042 0.020432 0.028638
0 0.546094 0.54375 0.022346 0.029794
0 0.790625 0.547917 0.02101 0.028935
0 0.510156 0.563542 0.022996 0.028271
0 0.816406 0.564583 0.020627 0.027503
0 0.95625 0.645833 0.018161 0.023679
0 0.986719 0.664583 0.02018 0.026907
0 0.050781 0.754167 0.022673 0.031282
0 0.913281 0.8 0.020627 0.027503
0 0.23125 0.892708 0.020454 0.02833
0 0.084375 0.902083 0.027563 0.031327
0 0.2625 0.94375 0.024384 0.02969
0 0.984447 0.95 0.031106 0.036253
0 0.139063 0.989319 0.016702 0.021363