0 0.127344 0.012914 0.020231 0.025828
0 0.3875 0.038542 0.019768 0.025593
0 0.257812 0.045833 0.020412 0.025429
0 0.540625 0.046875 0.01813 0.025093
0 0.525781 0.046875 0.018442 0.024589
0 0.530469 0.046875 0.019543 0.023126
0 0.024219 0.067708 0.017317 0.024011
0 0.276562 0.073958 0.02181 0.036573
0 0.402344 0.0875 0.023723 0.038619
0 0.603906 0.0875 0.022118 0.031853
0 0.424219 0.09375 0.027983 0.036206
0 0.445312 0.103125 0.020521 0.026513
0 0.978906 0.105208 0.017337 0.025026
0 0.478906 0.128125 0.01882 0.024173
0 0.472656 0.135417 0.022254 0.031093
0 0.229687 0.142708 0.018939 0.024442
0 0.878125 0.142708 0.018096 0.024127
0 0.234375 0.165625 0.018008 0.02309
0 0.964063 0.178125 0.018374 0.028171
0 0.575781 0.184375 0.017317 0.024011
0 0.351562 0.189583 0.023475 0.026349
0 0.664062 0.191667 0.019195 0.026357
0 0.303906 0.198958 0.021131 0.02449
0 0.775781 0.213542 0.017721 0.025103
0 0.217188 0.216667 0.024309 0.027699
0 0.142187 0.217708 0.01882 0.024173
0 0.710938 0.232292 0.018442 0.024589
0 0.730469 0.272917 0.022089 0.030411
0 0.21875 0.276042 0.018442 0.024589
0 0.707031 0.279167 0.019574 0.023676
0 0.525781 0.288542 0.01882 0.024173
0 0.95 0.29375 0.021094 0.021875
0 0.794531 0.303125 0.018921 0.024472
0 0.698438 0.305208 0.01902 0.024748
0 0.192188 0.315625 0.019012 0.028214
0 0.61875 0.314583 0.018324 0.026151
0 0.892969 0.315625 0.019627 0.024405
0 0.175781 0.321875 0.022027 0.030978
0 0.897656 0.323958 0.020364 0.024472
0 0.316406 0.329167 0.020773 0.035476
0 0.657031 0.332292 0.018008 0.02309
0 0.653906 0.336458 0.018442 0.024589
0 0.885938 0.344792 0.018048 0.02325
0 0.375781 0.353125 0.017317 0.024011
0 0.821094 0.355208 0.019453 0.029296
0 0.375 0.360417 0.01813 0.025093
0 0.7375 0.361458 0.021128 0.024499
0 0.292187 0.363542 0.018124 0.023544
0 0.713281 0.366667 0.022758 0.026784
0 0.151562 0.375 0.018784 0.026311
0 0.402344 0.376042 0.018096 0.024127
0 0.800781 0.377083 0.019832 0.026443
0 0.159375 0.388542 0.019543 0.023126
0 0.080469 0.40625 0.0201 0.026364
0 0.185938 0.441667 0.021929 0.026334
0 0.920312 0.446875 0.018096 0.024127
0 0.614062 0.465625 0.018442 0.024589
0 0.659375 0.485417 0.01813 0.025093
0 0.946875 0.486458 0.02365 0.028234
0 0.321875 0.490625 0.017778 0.027118
0 0.989062 0.488542 0.018442 0.024589
0 0.197656 0.507292 0.01882 0.024173
0 0.561719 0.509375 0.018921 0.024472
0 0.646094 0.53125 0.018827 0.023629
0 0.640625 0.534375 0.020371 0.024457
0 0.665625 0.536458 0.02198 0.027324
0 0.829688 0.559375 0.02032 0.023137
0 0.195312 0.571875 0.020661 0.028728
0 0.722656 0.575 0.018756 0.022285
0 0.886719 0.601042 0.018442 0.024589
0 0.466406 0.614583 0.02503 0.025943
0 0.69375 0.626042 0.018442 0.024589
0 0.007564 0.634375 0.015129 0.026099
0 0.690625 0.639583 0.018367 0.028175
0 0.548438 0.640625 0.018331 0.025253
0 0.23125 0.644792 0.017658 0.024165
0 0.617969 0.658333 0.025819 0.026793
0 0.882812 0.661458 0.017793 0.028147
0 0.339844 0.672917 0.017353 0.027093
0 0.336719 0.680208 0.021881 0.024108
0 0.289844 0.688542 0.019531 0.023958
0 0.461719 0.711458 0.023279 0.032757
0 0.095312 0.7125 0.022675 0.024528
0 0.8625 0.715625 0.020372 0.028564
0 0.120313 0.721875 0.018384 0.029201
0 0.573438 0.726042 0.018442 0.024589
0 0.114062 0.735417 0.021687 0.030594
0 0.632031 0.75 0.021131 0.026178
0 0.250781 0.752083 0.018756 0.022285
0 0.461719 0.753125 0.019733 0.025046
0 0.395313 0.761458 0.018124 0.023544
0 0.490625 0.763542 0.018304 0.026169
0 0.313281 0.76875 0.020231 0.026656
0 0.736719 0.767708 0.018888 0.024375
0 0.377344 0.783333 0.017359 0.02813
0 0.155469 0.784375 0.019925 0.028323
0 0.466406 0.789583 0.018052 0.026078
0 0.1375 0.795833 0.019534 0.022292
0 0.459375 0.798958 0.021098 0.023144
0 0.694531 0.807292 0.025077 0.041022
0 0.50625 0.8 0.01882 0.024173
0 0.754687 0.804167 0.021365 0.030382
0 0.042188 0.809375 0.018939 0.024442
0 0.516406 0.811458 0.017359 0.02813
0 0.605469 0.809375 0.018773 0.023107
0 0.414062 0.815625 0.023097 0.028871
0 0.325781 0.827083 0.020319 0.023139
0 0.219531 0.833333 0.016719 0.026046
0 0.9125 0.833333 0.018991 0.026389
0 0.523438 0.847917 0.018756 0.022285
0 0.659375 0.858333 0.019534 0.022292
0 0.598437 0.863542 0.017793 0.028147
0 0.932813 0.867708 0.032037 0.026007
0 0.565625 0.871875 0.019803 0.029257
0 0.175 0.870833 0.018784 0.026311
0 0.305469 0.880208 0.019918 0.030369
0 0.897656 0.877083 0.019446 0.026546
0 0.415625 0.883333 0.019925 0.025905
0 0.346875 0.8875 0.020647 0.026788
0 0.993718 0.896875 0.012565 0.024011
0 0.203125 0.9 0.018756 0.022285
0 0.265625 0.933333 0.021689 0.030701
0 0.720313 0.933333 0.019074 0.032316
0 0.497656 0.935417 0.02018 0.026907
0 0.741406 0.934375 0.019543 0.023126
0 0.882812 0.971875 0.020566 0.026042
0 0.458594 0.978125 0.017438 0.024063
0 0.813281 0.980208 0.018846 0.02378
0 0.973437 0.983333 0.020579 0.030481
0 0.385937 0.984375 0.01902 0.024748