0 0.154688 0.019792 0.027366 0.028355
0 0.039844 0.040625 0.020441 0.025129
0 0.717187 0.055208 0.021924 0.029232
0 0.335156 0.064583 0.022764 0.031881
0 0.864062 0.066667 0.02538 0.035641
0 0.5625 0.064583 0.021636 0.02966
0 0.978906 0.06875 0.023026 0.028919
0 0.589844 0.0875 0.019832 0.026443
0 0.352344 0.120833 0.02278 0.034774
0 0.907813 0.14375 0.021198 0.026257
0 0.347656 0.167708 0.024079 0.030374
0 0.176563 0.16875 0.021459 0.027275
0 0.278906 0.173958 0.019573 0.024204
0 0.655469 0.184375 0.026496 0.036437
0 0.133594 0.186458 0.021901 0.024512
0 0.728125 0.2 0.021343 0.030629
0 0.921094 0.2 0.022937 0.028155
0 0.528906 0.204167 0.023432 0.030501
0 0.639062 0.230208 0.021846 0.0286
0 0.625 0.242708 0.02101 0.028935
0 0.373437 0.25 0.021949 0.026392
0 0.404687 0.25 0.021701 0.028014
0 0.772656 0.270833 0.020521 0.026513
0 0.672656 0.284375 0.022303 0.032753
0 0.914844 0.29375 0.024371 0.028101
0 0.848437 0.304167 0.028222 0.03504
0 0.752344 0.313542 0.018442 0.024589
0 0.388281 0.323958 0.026008 0.029876
0 0.375 0.35 0.018769 0.023116
0 0.497656 0.357292 0.0288 0.036755
0 0.825 0.375 0.023185 0.034666
0 0.020313 0.382292 0.020371 0.024457
0 0.692969 0.391667 0.028134 0.026406
0 0.846875 0.394792 0.025781 0.032981
0 0.723437 0.427083 0.020412 0.025429
0 0.670312 0.480208 0.018008 0.02309
0 0.889062 0.497917 0.027829 0.038542
0 0.325 0.520833 0.02127 0.026124
0 0.78125 0.571875 0.022027 0.030978
0 0.946875 0.592708 0.03203 0.046897
0 0.464062 0.632292 0.022858 0.027444
0 0.197656 0.653125 0.021921 0.025381
0 0.71875 0.669792 0.023666 0.033336
0 0.282813 0.673958 0.020521 0.026513
0 0.074219 0.696875 0.020604 0.028373
0 0.046094 0.701042 0.019558 0.02407
0 0.446094 0.720833 0.02664 0.028215
0 0.520312 0.725 0.022265 0.030253
0 0.814063 0.739583 0.026421 0.03234
0 0.43125 0.7375 0.022858 0.027444
0 0.164062 0.742708 0.021171 0.025078
0 0.027344 0.766667 0.023227 0.029506
0 0.20625 0.766667 0.022788 0.02699
0 0.400781 0.766667 0.021921 0.025381
0 0.967969 0.816667 0.025309 0.034228
0 0.286719 0.825 0.021131 0.02449
0 0.050781 0.853125 0.022661 0.024109
0 0.113281 0.882292 0.026511 0.037849
0 0.591406 0.886458 0.024471 0.029346
0 0.064062 0.910417 0.02253 0.034609
0 0.826562 0.9625 0.021479 0.027243