0 0.045312 0.034375 0.022042 0.028455
0 0.410156 0.0375 0.019429 0.026567
0 0.589063 0.047917 0.020647 0.026788
0 0.675 0.058333 0.018991 0.026389
0 0.007191 0.06875 0.014381 0.027383
0 0.5 0.078125 0.018161 0.023679
0 0.272656 0.084375 0.023746 0.030768
0 0.729688 0.084375 0.018939 0.024442
0 0.090625 0.092708 0.018331 0.025253
0 0.197656 0.094792 0.018073 0.028138
0 0.953906 0.109375 0.019613 0.024433
0 0.535937 0.122917 0.018784 0.026311
0 0.716406 0.159375 0.019574 0.023676
0 0.139063 0.167708 0.018096 0.024127
0 0.520312 0.185417 0.018406 0.026178
0 0.767969 0.186458 0.019574 0.023676
0 0.0875 0.192708 0.018384 0.029201
0 0.065625 0.211458 0.018846 0.027254
0 0.636719 0.21875 0.02018 0.026907
0 0.530469 0.229167 0.021653 0.030795
0 0.220312 0.228125 0.02032 0.023137
0 0.13125 0.230208 0.021886 0.023736
0 0.589844 0.233333 0.020088 0.030344
0 0.052344 0.271875 0.021098 0.023144
0 0.5 0.3 0.024459 0.028776
0 0.213281 0.314583 0.021187 0.026376
0 0.452344 0.347917 0.021946 0.026299
0 0.009424 0.360417 0.018848 0.025821
0 0.583594 0.361458 0.024341 0.028597
0 0.302344 0.392708 0.02032 0.023137
0 0.296875 0.410417 0.018342 0.027161
0 0.165625 0.416667 0.020441 0.025129
0 0.651563 0.416667 0.018784 0.026311
0 0.194531 0.41875 0.021095 0.022299
0 0.539062 0.425 0.021333 0.026872
0 0.425781 0.461458 0.032843 0.037607
0 0.332813 0.471875 0.01841 0.032305
0 0.475 0.469792 0.018442 0.024589
0 0.748437 0.471875 0.019573 0.024204
0 0.014063 0.505208 0.023992 0.032586
0 0.93125 0.504167 0.019609 0.026145
0 0.171875 0.521875 0.018442 0.024589
0 0.900781 0.547917 0.018756 0.022285
0 0.009375 0.55625 0.017757 0.026099
0 0.309375 0.558333 0.019446 0.026546
0 0.16875 0.567708 0.020604 0.028373
0 0.272656 0.579167 0.022254 0.031093
0 0.669531 0.582292 0.018939 0.024442
0 0.407031 0.613542 0.02422 0.023155
0 0.146094 0.628125 0.020364 0.024472
0 0.042969 0.661458 0.020566 0.026042
0 0.227344 0.667708 0.018367 0.028175
0 0.248438 0.680208 0.018442 0.024589
0 0.538281 0.730208 0.01902 0.024748
0 0.525 0.742708 0.027753 0.032981
0 0.778125 0.751042 0.020843 0.036506
0 0.553125 0.748958 0.018367 0.028175
0 0.284375 0.755208 0.020364 0.024472
0 0.40625 0.75625 0.021098 0.023144
0 0.486719 0.784375 0.019531 0.027421
0 0.160938 0.828125 0.024533 0.03271
0 0.1375 0.911458 0.018367 0.028175
0 0.082031 0.913542 0.019972 0.028419
0 0.122656 0.939583 0.017337 0.025026
0 0.33125 0.946875 0.019401 0.028319