0 0.439844 0.092708 0.022675 0.024528
0 0.329688 0.220833 0.017721 0.025103
0 0.072656 0.273958 0.019792 0.025321
0 0.139844 0.313542 0.025865 0.032349
0 0.435156 0.33125 0.02095 0.027383
0 0.744531 0.352083 0.026618 0.031354
0 0.479687 0.373958 0.020339 0.023705
0 0.228125 0.434375 0.018939 0.024442
0 0.1375 0.471875 0.025928 0.037207
0 0.429688 0.528125 0.023642 0.02825
0 0.079687 0.641667 0.037333 0.04065
0 0.810156 0.645833 0.02095 0.027383
0 0.707812 0.70625 0.018939 0.024442
0 0.692969 0.719792 0.019627 0.024405
0 0.471875 0.723958 0.019733 0.025046
0 0.233594 0.752083 0.019925 0.025905
0 0.404687 0.755208 0.022099 0.027768
0 0.242969 0.758333 0.019992 0.026974
0 0.157812 0.81875 0.019195 0.026357
0 0.411719 0.861458 0.019972 0.028419
0 0.742969 0.869792 0.019574 0.023676
0 0.178906 0.871875 0.019592 0.025156
0 0.579688 0.921875 0.01902 0.024748
0 0.5625 0.985417 0.018991 0.026389
0 0.374219 0.990297 0.018784 0.019405