0 0.707031 0.008692 0.017982 0.017384
0 0.933594 0.019792 0.019693 0.028264
0 0.777344 0.022917 0.019574 0.023676
0 0.684375 0.029167 0.021362 0.02664
0 0.660156 0.067708 0.019992 0.026974
0 0.271875 0.080208 0.02032 0.023137
0 0.780469 0.139583 0.019803 0.029257
0 0.15625 0.142708 0.018096 0.024127
0 0.082031 0.15 0.019683 0.026728
0 0.517188 0.15 0.018008 0.02309
0 0.685937 0.176042 0.017301 0.024027
0 0.432812 0.180208 0.019543 0.023126
0 0.117969 0.284375 0.02057 0.035488
0 0.539062 0.280208 0.02101 0.028935
0 0.146875 0.289583 0.027412 0.028079
0 0.0375 0.326042 0.019543 0.023126
0 0.530469 0.332292 0.01902 0.024748
0 0.853906 0.338542 0.019638 0.024534
0 0.121094 0.365625 0.019792 0.025321
0 0.158594 0.371875 0.018773 0.023107
0 0.101562 0.408333 0.021653 0.030795
0 0.345313 0.420833 0.021242 0.026567
0 0.534375 0.440625 0.02127 0.026124
0 0.336719 0.452083 0.019909 0.025929
0 0.453125 0.460417 0.020231 0.026656
0 0.629687 0.482292 0.021362 0.02664
0 0.021875 0.482292 0.018442 0.024589
0 0.23125 0.485417 0.027522 0.031911
0 0.071875 0.490625 0.018096 0.024127
0 0.647656 0.503125 0.019552 0.024083
0 0.301563 0.547917 0.017757 0.026099
0 0.78125 0.579167 0.020509 0.025821
0 0.776563 0.5875 0.018406 0.026178
0 0.520312 0.684375 0.018769 0.023116
0 0.078125 0.696875 0.01882 0.024173
0 0.598437 0.715625 0.021339 0.026862
0 0.334375 0.732292 0.02765 0.033294
0 0.690625 0.744792 0.021339 0.026862
0 0.199219 0.760417 0.019446 0.026546
0 0.091406 0.777083 0.020231 0.026656
0 0.099219 0.783333 0.019925 0.025905
0 0.917969 0.8 0.020113 0.031353
0 0.239844 0.825 0.019909 0.025929
0 0.098437 0.830208 0.020432 0.028638
0 0.367969 0.852083 0.019534 0.022292
0 0.006874 0.85625 0.013748 0.026728
0 0.519531 0.85625 0.02018 0.026907
0 0.03125 0.9 0.021362 0.02664
0 0.608594 0.925 0.019773 0.0268
0 0.010665 0.967708 0.021331 0.03432