0 0.436719 0.00839 0.021098 0.01678
0 0.883594 0.015625 0.017337 0.025026
0 0.091406 0.051042 0.018888 0.028239
0 0.342187 0.064583 0.027753 0.032981
0 0.291406 0.070833 0.024289 0.026634
0 0.777344 0.103125 0.020945 0.028672
0 0.865625 0.14375 0.01802 0.023067
0 0.7625 0.164583 0.019558 0.02407
0 0.371875 0.209375 0.018808 0.028228
0 0.58125 0.211458 0.020932 0.028824
0 0.121094 0.288542 0.019733 0.025046
0 0.486719 0.35625 0.02018 0.026907
0 0.492188 0.38125 0.018784 0.026311
0 0.290625 0.403125 0.020147 0.028452
0 0.578125 0.413542 0.018304 0.026169
0 0.611719 0.422917 0.020365 0.026164
0 0.055469 0.430208 0.01902 0.024748
0 0.7875 0.438542 0.019401 0.028319
0 0.264844 0.459375 0.019534 0.022292
0 0.175781 0.465625 0.02111 0.023724
0 0.664062 0.508333 0.018561 0.025359
0 0.552344 0.517708 0.017317 0.024011
0 0.232031 0.566667 0.020938 0.027401
0 0.504687 0.702083 0.017301 0.024027
0 0.405469 0.761458 0.017757 0.026099
0 0.304688 0.777083 0.017721 0.025103
0 0.841406 0.801042 0.019972 0.028419
0 0.330469 0.81875 0.017757 0.026099
0 0.389844 0.852083 0.022042 0.028455
0 0.078906 0.86875 0.021872 0.040681
0 0.584375 0.948958 0.018784 0.026311
0 0.739062 0.951042 0.021098 0.023144
0 0.494531 0.98592 0.019501 0.028161