0 0.3375 0.046875 0.018442 0.024589
0 0.157812 0.180208 0.018442 0.024589
0 0.228906 0.253125 0.01998 0.028483
0 0.401562 0.269792 0.019332 0.028307
0 0.397656 0.278125 0.019681 0.02538
0 0.017188 0.705208 0.022303 0.032753
0 0.389062 0.705208 0.018124 0.023544
0 0.384375 0.741667 0.017345 0.026058
0 0.386719 0.747917 0.018846 0.02378
0 0.260156 0.763542 0.018442 0.024589
0 0.157812 0.76875 0.021976 0.025927
0 0.136719 0.826042 0.021202 0.026349
0 0.648438 0.907292 0.024339 0.044896
0 0.055469 0.910417 0.020808 0.033419
0 0.267188 0.920833 0.017757 0.026099
0 0.269531 0.932292 0.023344 0.031678
0 0.046875 0.948958 0.018888 0.028239