0 0.123438 0.0375 0.022143 0.027371
0 0.525781 0.045833 0.019683 0.026728
0 0.564844 0.055208 0.018442 0.024589
0 0.514062 0.096875 0.01902 0.024748
0 0.135156 0.134375 0.018773 0.023107
0 0.528125 0.195833 0.018991 0.026389
0 0.522656 0.229167 0.018827 0.023629
0 0.073438 0.238542 0.01902 0.024748
0 0.2375 0.240625 0.019543 0.023126
0 0.965625 0.241667 0.018331 0.025253
0 0.282813 0.247917 0.021788 0.030078
0 0.305469 0.248958 0.019574 0.023676
0 0.294531 0.254167 0.017348 0.026056
0 0.300781 0.259375 0.02032 0.023137
0 0.696875 0.279167 0.021888 0.026117
0 0.265625 0.298958 0.018442 0.024589
0 0.684375 0.305208 0.01733 0.02503
0 0.685937 0.326042 0.017982 0.022269
0 0.617969 0.342708 0.019613 0.024433
0 0.640625 0.376042 0.019558 0.02407
0 0.392969 0.395833 0.018784 0.026311
0 0.579688 0.413542 0.018442 0.024589
0 0.815625 0.416667 0.018991 0.026389
0 0.613281 0.441667 0.019574 0.023676
0 0.402344 0.445833 0.0184 0.026183
0 0.747656 0.473958 0.024083 0.030368
0 0.226562 0.489583 0.021333 0.026872
0 0.601562 0.508333 0.020365 0.026164
0 0.448437 0.517708 0.01882 0.024173
0 0.271875 0.528125 0.026667 0.029051
0 0.071875 0.538542 0.019573 0.024204
0 0.182031 0.551042 0.020328 0.024087
0 0.311719 0.553125 0.022726 0.025872
0 0.010156 0.557292 0.017438 0.024063
0 0.448437 0.580208 0.018939 0.024442
0 0.228125 0.582292 0.01902 0.024748
0 0.786719 0.630208 0.017438 0.024063
0 0.445312 0.683333 0.018048 0.02325
0 0.914062 0.705208 0.018442 0.024589
0 0.9125 0.767708 0.018442 0.024589
0 0.192188 0.773958 0.018442 0.024589
0 0.091406 0.860417 0.019714 0.027305
0 0.205469 0.867708 0.018976 0.027221
0 0.678906 0.928125 0.01733 0.02503
0 0.384375 0.971875 0.018442 0.024589