0 0.607812 0.0625 0.029393 0.045734
0 0.436719 0.114583 0.033139 0.049709
0 0.577344 0.138542 0.019531 0.027421
0 0.065625 0.203125 0.060652 0.088094
0 0.785937 0.215625 0.022026 0.030025
0 0.314844 0.420833 0.020676 0.026744
0 0.392188 0.484375 0.02032 0.023137
0 0.453906 0.509375 0.017317 0.024011
0 0.023438 0.5625 0.027538 0.039276
0 0.075781 0.678125 0.032867 0.048135
0 0.667188 0.670833 0.021362 0.02664
0 0.440625 0.689583 0.037746 0.048808
0 0.225781 0.702083 0.020432 0.028638
0 0.442969 0.736458 0.030661 0.037842
0 0.05 0.747917 0.026663 0.030571
0 0.392969 0.74375 0.020627 0.027503
0 0.684375 0.752083 0.018561 0.025359
0 0.48125 0.783333 0.021188 0.031523
0 0.658594 0.821875 0.021198 0.026257
0 0.365625 0.832292 0.02101 0.028935
0 0.053906 0.859375 0.040071 0.052427
0 0.532813 0.86875 0.022143 0.027371
0 0.017188 0.873958 0.021241 0.033391
0 0.166406 0.947917 0.021198 0.026257
0 0.047656 0.971875 0.024101 0.03339