0 0.017188 0.0097 0.017759 0.019399
0 0.464062 0.011987 0.01733 0.023974
0 0.585938 0.019792 0.020525 0.036516
0 0.7125 0.013542 0.018939 0.024442
0 0.020313 0.019792 0.018442 0.024589
0 0.560156 0.029167 0.019365 0.027345
0 0.286719 0.042708 0.021582 0.032612
0 0.425 0.052083 0.018342 0.027161
0 0.435937 0.077083 0.023486 0.025911
0 0.638281 0.077083 0.019782 0.028249
0 0.733594 0.085417 0.020441 0.025129
0 0.333594 0.089583 0.019992 0.026974
0 0.098437 0.089583 0.018008 0.02309
0 0.2875 0.090625 0.019792 0.025321
0 0.4125 0.094792 0.018161 0.023679
0 0.704688 0.094792 0.018442 0.024589
0 0.585938 0.107292 0.023496 0.036751
0 0.428125 0.107292 0.021637 0.033582
0 0.595313 0.107292 0.020432 0.028638
0 0.260937 0.107292 0.020441 0.025129
0 0.54375 0.111458 0.018827 0.023629
0 0.921875 0.122917 0.019531 0.027421
0 0.698438 0.129167 0.020566 0.026042
0 0.265625 0.135417 0.020938 0.027401
0 0.135156 0.1375 0.019531 0.027421
0 0.821875 0.140625 0.018773 0.023107
0 0.027344 0.155208 0.022918 0.028188
0 0.665625 0.166667 0.017757 0.026099
0 0.16875 0.166667 0.018354 0.025228
0 0.045312 0.169792 0.020371 0.024457
0 0.703125 0.170833 0.021459 0.027275
0 0.676562 0.173958 0.018096 0.024127
0 0.132031 0.184375 0.01902 0.024748
0 0.2 0.190625 0.021128 0.024499
0 0.948438 0.196875 0.018831 0.031258
0 0.341406 0.201042 0.021095 0.032525
0 0.683594 0.201042 0.017317 0.024011
0 0.109375 0.208333 0.019404 0.030301
0 0.55625 0.219792 0.018442 0.024589
0 0.185938 0.221875 0.021131 0.02449
0 0.355469 0.223958 0.017317 0.024011
0 0.403906 0.226042 0.021749 0.030635
0 0.16875 0.233333 0.024241 0.025176
0 0.125 0.247917 0.018048 0.02325
0 0.10625 0.253125 0.018773 0.023107
0 0.275 0.286458 0.026142 0.041027
0 0.111719 0.284375 0.019925 0.028323
0 0.05625 0.302083 0.021239 0.025868
0 0.889844 0.304167 0.02123 0.025887
0 0.779687 0.304167 0.018124 0.023544
0 0.5625 0.321875 0.019638 0.024534
0 0.157031 0.327083 0.019832 0.026443
0 0.471875 0.326042 0.020371 0.024457
0 0.392188 0.334375 0.022675 0.027132
0 0.50625 0.334375 0.018096 0.024127
0 0.192188 0.3375 0.018304 0.026169
0 0.786719 0.340625 0.019552 0.024083
0 0.203906 0.355208 0.022918 0.028188
0 0.375781 0.363542 0.022726 0.025872
0 0.715625 0.367708 0.020371 0.024457
0 0.296875 0.371875 0.018096 0.024127
0 0.521094 0.390625 0.01882 0.024173
0 0.358594 0.397917 0.020509 0.025821
0 0.771875 0.405208 0.018442 0.024589
0 0.496875 0.415625 0.018827 0.023629
0 0.171875 0.422917 0.022089 0.030411
0 0.05 0.427083 0.024079 0.030374
0 0.885938 0.428125 0.018096 0.024127
0 0.740625 0.434375 0.018939 0.024442
0 0.029687 0.4375 0.018561 0.025359
0 0.064062 0.44375 0.024459 0.028776
0 0.878125 0.440625 0.018442 0.024589
0 0.095312 0.446875 0.024995 0.032943
0 0.819531 0.442708 0.019613 0.024433
0 0.660937 0.455208 0.018888 0.028239
0 0.084375 0.45625 0.021112 0.025088
0 0.923438 0.459375 0.017301 0.024027
0 0.04375 0.467708 0.018096 0.024127
0 0.244531 0.46875 0.019558 0.02407
0 0.703125 0.476042 0.021128 0.024499
0 0.721094 0.4875 0.020046 0.026244
0 0.438281 0.49375 0.02099 0.030596
0 0.246094 0.492708 0.019574 0.023676
0 0.905469 0.5125 0.019534 0.022292
0 0.789062 0.513542 0.018008 0.02309
0 0.030469 0.526042 0.018827 0.023629
0 0.313281 0.538542 0.019792 0.025321
0 0.710938 0.542708 0.018808 0.028228
0 0.9 0.545833 0.018773 0.023107
0 0.032813 0.547917 0.0184 0.026183
0 0.189844 0.55 0.019893 0.027596
0 0.726562 0.55625 0.017757 0.026099
0 0.316406 0.567708 0.022849 0.032869
0 0.610938 0.570833 0.021362 0.02664
0 0.128906 0.578125 0.025984 0.029621
0 0.177344 0.576042 0.020441 0.025129
0 0.29375 0.590625 0.020045 0.029423
0 0.139844 0.59375 0.02099 0.030596
0 0.128125 0.614583 0.025164 0.029162
0 0.264062 0.628125 0.018331 0.025253
0 0.722656 0.63125 0.021886 0.023736
0 0.028125 0.633333 0.017982 0.022269
0 0.132812 0.636458 0.024237 0.025431
0 0.757031 0.660417 0.020549 0.038581
0 0.092969 0.663542 0.025935 0.028892
0 0.080469 0.667708 0.017438 0.024063
0 0.695312 0.673958 0.018442 0.024589
0 0.228125 0.688542 0.01882 0.024173
0 0.4125 0.689583 0.026565 0.025118
0 0.138281 0.702083 0.021887 0.025097
0 0.553125 0.707292 0.018442 0.024589
0 0.626563 0.719792 0.022111 0.032714
0 0.728125 0.715625 0.018827 0.023629
0 0.686719 0.723958 0.02032 0.023137
0 0.639844 0.771875 0.02143 0.027648
0 0.861719 0.769792 0.017317 0.024011
0 0.015625 0.779167 0.02201 0.030336
0 0.555469 0.791667 0.020313 0.021875
0 0.346875 0.810417 0.019429 0.026567
0 0.769531 0.809375 0.019574 0.023676
0 0.516406 0.813542 0.020441 0.025129
0 0.039844 0.820833 0.02591 0.029014
0 0.523438 0.821875 0.020441 0.025129
0 0.765625 0.822917 0.024223 0.025111
0 0.766406 0.860417 0.02503 0.025943
0 0.2875 0.860417 0.016702 0.023976
0 0.096094 0.864583 0.019733 0.025046
0 0.028125 0.870833 0.017982 0.022269
0 0.032813 0.873958 0.021648 0.029332
0 0.766406 0.880208 0.018846 0.02378
0 0.366406 0.884375 0.0223 0.028345
0 0.850781 0.8875 0.019531 0.022917
0 0.535156 0.892708 0.020955 0.032501
0 0.508594 0.898958 0.019733 0.025046
0 0.175 0.917708 0.018846 0.02378
0 0.539062 0.933333 0.019446 0.026546
0 0.682031 0.933333 0.019035 0.026241
0 0.171875 0.936458 0.019782 0.028249
0 0.9 0.94375 0.018784 0.026311
0 0.215625 0.960417 0.018639 0.026258
0 0.511719 0.979167 0.022692 0.025512