0 0.625 0.0125 0.018773 0.023107
0 0.539062 0.017708 0.018096 0.024127
0 0.692187 0.028125 0.030519 0.031636
0 0.325 0.040625 0.025541 0.033198
0 0.763281 0.057292 0.017759 0.024215
0 0.745313 0.085417 0.026998 0.037307
0 0.129688 0.104167 0.023778 0.030992
0 0.085938 0.103125 0.018442 0.024589
0 0.775 0.126042 0.025243 0.032454
0 0.842969 0.121875 0.019733 0.025046
0 0.01875 0.160417 0.025574 0.035632
0 0.028125 0.183333 0.021976 0.025927
0 0.261719 0.232292 0.02897 0.039181
0 0.2 0.246875 0.018939 0.024442
0 0.950781 0.25625 0.025527 0.037183
0 0.135937 0.269792 0.023645 0.033053
0 0.378906 0.288542 0.02559 0.036981
0 0.513281 0.3 0.024508 0.031695
0 0.144531 0.332292 0.025554 0.037287
0 0.598437 0.336458 0.033615 0.034484
0 0.334375 0.382292 0.031175 0.042754
0 0.290625 0.375 0.019119 0.025492
0 0.153906 0.432292 0.034806 0.043897
0 0.125781 0.433333 0.029732 0.034452
0 0.464062 0.461458 0.019178 0.025168
0 0.323437 0.478125 0.020441 0.025129
0 0.842969 0.5 0.023259 0.032779
0 0.970313 0.501042 0.018096 0.024127
0 0.221094 0.523958 0.027035 0.034038
0 0.645312 0.541667 0.024508 0.031695
0 0.751563 0.573958 0.018442 0.024589
0 0.027344 0.6 0.025081 0.035982
0 0.189062 0.613542 0.024512 0.033827
0 0.403125 0.619792 0.018939 0.024442
0 0.284375 0.634375 0.031063 0.042522
0 0.691406 0.660417 0.019683 0.026728
0 0.633594 0.670833 0.02648 0.033546
0 0.348438 0.671875 0.025243 0.032454
0 0.698438 0.720833 0.03297 0.061937
0 0.839844 0.703125 0.017438 0.024063
0 0.019531 0.715625 0.028993 0.032721
0 0.260937 0.794792 0.02461 0.03379
0 0.860156 0.803125 0.022633 0.032689
0 0.775 0.822917 0.024539 0.034801
0 0.164062 0.83125 0.02077 0.027051
0 0.696094 0.855208 0.024512 0.033827
0 0.052344 0.863542 0.032568 0.048836
0 0.339062 0.875 0.02817 0.032393
0 0.646875 0.870833 0.018008 0.02309
0 0.848437 0.884375 0.024386 0.034972
0 0.560937 0.890625 0.030003 0.036118
0 0.757812 0.904167 0.053484 0.04718
0 0.259375 0.907292 0.017759 0.024215
0 0.530469 0.919792 0.024508 0.031695
0 0.546094 0.94375 0.029048 0.039462
0 0.219531 0.951042 0.029441 0.043874
0 0.48125 0.973958 0.031361 0.03394
0 0.754687 0.972917 0.024535 0.029481
0 0.067969 0.98125 0.019585 0.023836