0 0.413281 0.011198 0.020566 0.022396
0 0.652344 0.096875 0.022756 0.02825
0 0.067969 0.105208 0.018816 0.028149
0 0.85625 0.108333 0.019792 0.025321
0 0.847656 0.258333 0.021116 0.030583
0 0.908594 0.271875 0.018096 0.024127
0 0.94375 0.296875 0.035463 0.038912
0 0.366406 0.397917 0.021972 0.025937
0 0.85625 0.409375 0.018846 0.027254
0 0.286719 0.458333 0.020058 0.027568
0 0.558594 0.476042 0.020566 0.026042
0 0.936719 0.489583 0.018999 0.02628
0 0.733594 0.514583 0.018809 0.026082
0 0.579688 0.533333 0.019415 0.028306
0 0.879687 0.589583 0.021242 0.026567
0 0.882812 0.602083 0.017361 0.029171
0 0.8 0.639583 0.021116 0.030583
0 0.329688 0.654167 0.01802 0.023067
0 0.022656 0.680208 0.01902 0.024748
0 0.640625 0.714583 0.021645 0.030804
0 0.654687 0.738542 0.019558 0.02407
0 0.308594 0.746875 0.019531 0.027421
0 0.614062 0.765625 0.01998 0.028483
0 0.36875 0.786458 0.021902 0.027122
0 0.624219 0.8 0.029061 0.031417
0 0.657031 0.809375 0.032327 0.035303
0 0.185156 0.84375 0.018784 0.026311
0 0.505469 0.852083 0.021508 0.03051
0 0.766406 0.925 0.01882 0.024173
0 0.178125 0.9625 0.019446 0.026546