0 0.229687 0.023958 0.019374 0.029294
0 0.548438 0.022917 0.024235 0.025437
0 0.260937 0.039583 0.018415 0.033344
0 0.202344 0.047917 0.020697 0.026524
0 0.260937 0.053125 0.019071 0.027215
0 0.208594 0.055208 0.019693 0.024852
0 0.608594 0.065625 0.021131 0.02449
0 0.140625 0.084375 0.018442 0.024589
0 0.060156 0.108333 0.021943 0.026404
0 0.132031 0.111458 0.019792 0.025321
0 0.844531 0.113542 0.023466 0.025161
0 0.484375 0.13125 0.022246 0.031817
0 0.030469 0.155208 0.017438 0.024063
0 0.104688 0.163542 0.022674 0.02453
0 0.867188 0.167708 0.017721 0.025103
0 0.870313 0.175 0.018331 0.025253
0 0.032031 0.184375 0.020339 0.023705
0 0.3625 0.191667 0.020313 0.021875
0 0.539062 0.225 0.018784 0.026311
0 0.617188 0.263542 0.019627 0.024405
0 0.325781 0.26875 0.02143 0.027648
0 0.638281 0.267708 0.020371 0.024457
0 0.632031 0.271875 0.019733 0.025046
0 0.034375 0.292708 0.021083 0.029623
0 0.848437 0.296875 0.021171 0.025078
0 0.470313 0.3125 0.02123 0.025887
0 0.5875 0.317708 0.018442 0.024589
0 0.603125 0.329167 0.019429 0.026567
0 0.385156 0.345833 0.018756 0.022285
0 0.807813 0.348958 0.020441 0.025129
0 0.051562 0.355208 0.020377 0.02459
0 0.394531 0.369792 0.019884 0.027361
0 0.401562 0.380208 0.018442 0.024589
0 0.694531 0.4 0.019832 0.026443
0 0.586719 0.414583 0.019562 0.025079
0 0.7 0.45625 0.022067 0.026726
0 0.485156 0.460417 0.023244 0.031704
0 0.764062 0.486458 0.017757 0.026099
0 0.086719 0.488542 0.017759 0.024215
0 0.125781 0.489583 0.021878 0.023148
0 0.760156 0.501042 0.019415 0.028306
0 0.4625 0.503125 0.01902 0.024748
0 0.867188 0.507292 0.02111 0.023724
0 0.850781 0.522917 0.021112 0.02611
0 0.338281 0.522917 0.021279 0.026691
0 0.521094 0.535417 0.01802 0.023067
0 0.353906 0.55 0.019035 0.026241
0 0.972656 0.6125 0.019531 0.021875
0 0.357031 0.690625 0.020371 0.024457
0 0.928125 0.704167 0.024461 0.029979
0 0.3 0.705208 0.025107 0.028815
0 0.328125 0.740625 0.0223 0.028345
0 0.771094 0.745833 0.019925 0.025905
0 0.467969 0.75 0.018342 0.027161
0 0.421875 0.794792 0.019623 0.027154
0 0.629687 0.794792 0.018008 0.02309
0 0.232813 0.796875 0.021128 0.024499
0 0.357812 0.809375 0.018442 0.024589
0 0.546094 0.814583 0.019036 0.029228
0 0.746875 0.817708 0.018442 0.024589
0 0.470313 0.825 0.017345 0.026058
0 0.14375 0.853125 0.018442 0.024589
0 0.523438 0.8625 0.017757 0.026099
0 0.288281 0.872917 0.021198 0.026257
0 0.720313 0.872917 0.018976 0.027221
0 0.7 0.891667 0.018062 0.026069
0 0.135156 0.897917 0.02111 0.023724
0 0.844531 0.903125 0.020371 0.024457
0 0.160938 0.910417 0.020377 0.02459
0 0.453125 0.914583 0.02118 0.025185
0 0.129688 0.922917 0.02118 0.025185
0 0.292187 0.939583 0.018124 0.023544
0 0.910937 0.966667 0.01813 0.025093
0 0.729688 0.96875 0.018051 0.025047