0 0.330469 0.040625 0.020719 0.032409
0 0.1625 0.0625 0.026783 0.030209
0 0.333594 0.069792 0.020501 0.032435
0 0.314844 0.076042 0.01813 0.025093
0 0.055469 0.0875 0.022883 0.028677
0 0.728906 0.092708 0.018846 0.025128
0 0.683594 0.09375 0.019683 0.026728
0 0.4 0.126042 0.022245 0.028848
0 0.392969 0.130208 0.017317 0.024011
0 0.052344 0.13125 0.017982 0.022269
0 0.757031 0.191667 0.018991 0.026389
0 0.284375 0.192708 0.017317 0.024011
0 0.702344 0.19375 0.021162 0.025464
0 0.841406 0.197917 0.018787 0.026105
0 0.467969 0.2 0.019633 0.024542
0 0.086719 0.232292 0.018939 0.024442
0 0.928906 0.235417 0.019773 0.0268
0 0.775781 0.24375 0.017345 0.026058
0 0.582812 0.25 0.020341 0.025073
0 0.589063 0.257292 0.021899 0.024518
0 0.699219 0.266667 0.021876 0.022301
0 0.270313 0.285417 0.018153 0.026097
0 0.907031 0.286458 0.019574 0.023676
0 0.296875 0.295833 0.018756 0.022285
0 0.867969 0.314583 0.01875 0.022917
0 0.125 0.334375 0.020932 0.028824
0 0.703125 0.344792 0.018442 0.024589
0 0.741406 0.359375 0.018406 0.026178
0 0.99215 0.388542 0.0157 0.025026
0 0.369531 0.409375 0.01902 0.024748
0 0.371875 0.436458 0.019627 0.024405
0 0.798438 0.4375 0.018304 0.026169
0 0.366406 0.439583 0.019592 0.025156
0 0.771094 0.447917 0.019832 0.026443
0 0.990784 0.45625 0.018432 0.025868
0 0.664844 0.459375 0.020441 0.025129
0 0.689063 0.461458 0.018442 0.024589
0 0.46875 0.471875 0.018331 0.025253
0 0.464844 0.479167 0.02032 0.023137
0 0.848437 0.485417 0.023597 0.02855
0 0.453125 0.513542 0.019543 0.023126
0 0.410938 0.517708 0.017721 0.025103
0 0.321094 0.539583 0.016719 0.026046
0 0.434375 0.541667 0.019012 0.028214
0 0.676562 0.551042 0.018442 0.024589
0 0.516406 0.559375 0.01882 0.024173
0 0.705469 0.570833 0.018052 0.026078
0 0.746875 0.585417 0.018882 0.027137
0 0.338281 0.59375 0.016722 0.027086
0 0.45625 0.611458 0.019531 0.027421
0 0.790625 0.639583 0.018991 0.026389
0 0.805469 0.638542 0.017301 0.024027
0 0.564844 0.644792 0.018769 0.023116
0 0.235937 0.652083 0.021122 0.026093
0 0.821094 0.65625 0.018756 0.022285
0 0.791406 0.696875 0.019401 0.028319
0 0.404687 0.738542 0.022346 0.029794
0 0.307031 0.748958 0.02032 0.023137
0 0.43125 0.779167 0.021112 0.025088
0 0.771875 0.810417 0.018561 0.025359
0 0.5375 0.816667 0.017969 0.028125
0 0.541406 0.826042 0.021098 0.023144
0 0.246875 0.833333 0.023511 0.028281
0 0.457031 0.836458 0.017802 0.029182
0 0.511719 0.838542 0.019733 0.025046
0 0.659375 0.844792 0.020392 0.025346
0 0.617969 0.886458 0.019627 0.024405
0 0.598437 0.892708 0.018096 0.024127
0 0.9 0.902083 0.01813 0.025093
0 0.528125 0.957292 0.018561 0.025359
0 0.354687 0.961458 0.019543 0.023126