0 0.309375 0.029167 0.020395 0.029213
0 0.294531 0.119792 0.018096 0.024127
0 0.177344 0.139583 0.019035 0.026241
0 0.234375 0.140625 0.018442 0.024589
0 0.067969 0.147917 0.022245 0.028848
0 0.167187 0.148958 0.018442 0.024589
0 0.31875 0.161458 0.018939 0.024442
0 0.425 0.194792 0.018442 0.024589
0 0.424219 0.2 0.018756 0.022285
0 0.553125 0.270833 0.019609 0.026145
0 0.148438 0.317708 0.018888 0.028239
0 0.298438 0.319792 0.017721 0.025103
0 0.10625 0.365625 0.019782 0.028249
0 0.246094 0.363542 0.019633 0.024542
0 0.483594 0.364583 0.020365 0.026164
0 0.165625 0.379167 0.019609 0.026145
0 0.228125 0.397917 0.017757 0.026099
0 0.09375 0.397917 0.019534 0.022292
0 0.005899 0.416667 0.011797 0.026058
0 0.435937 0.426042 0.018096 0.024127
0 0.311719 0.430208 0.016714 0.025008
0 0.202344 0.464583 0.020697 0.026524
0 0.250781 0.469792 0.019613 0.024433
0 0.251563 0.511458 0.01882 0.024173
0 0.266406 0.513542 0.021972 0.025937
0 0.073438 0.526042 0.018096 0.024127
0 0.171875 0.535417 0.023475 0.026349
0 0.174219 0.572917 0.019976 0.032385
0 0.23125 0.635417 0.018406 0.026178
0 0.010156 0.678125 0.019119 0.029231
0 0.475 0.690625 0.02336 0.033114
0 0.45625 0.695833 0.018354 0.027152
0 0.457813 0.703125 0.018939 0.024442
0 0.442188 0.713542 0.018442 0.024589
0 0.459375 0.719792 0.018076 0.028136
0 0.078906 0.73125 0.018062 0.026069
0 0.330469 0.8125 0.019429 0.026567
0 0.307812 0.855208 0.024374 0.033489
0 0.1625 0.869792 0.019543 0.023126
0 0.557031 0.882292 0.017759 0.024215
0 0.902344 0.885417 0.022089 0.030411
0 0.5625 0.884375 0.018442 0.024589
0 0.7375 0.9125 0.029078 0.031064
0 0.246094 0.969792 0.019543 0.023126
0 0.341406 0.98125 0.022325 0.034512
0 0.646875 0.991249 0.018442 0.017503