0 0.760156 0.038542 0.019574 0.023676
0 0.71875 0.042708 0.018442 0.024589
0 0.164844 0.05625 0.019558 0.02407
0 0.4375 0.073958 0.021489 0.037554
0 0.903125 0.06875 0.019818 0.02843
0 0.359375 0.129167 0.017835 0.025128
0 0.598437 0.1625 0.022707 0.026328
0 0.522656 0.182292 0.022828 0.027821
0 0.330469 0.203125 0.017317 0.024011
0 0.664062 0.279167 0.019195 0.026357
0 0.392969 0.305208 0.022866 0.028704
0 0.89375 0.338542 0.018442 0.024589
0 0.867188 0.352083 0.017757 0.026099
0 0.675781 0.434375 0.020566 0.026042
0 0.317188 0.520833 0.01802 0.023067
0 0.222656 0.555208 0.016714 0.025008
0 0.610938 0.590625 0.017759 0.024215
0 0.367188 0.669792 0.024425 0.030612
0 0.2 0.705208 0.02359 0.05316
0 0.071094 0.707292 0.021094 0.025
0 0.921094 0.764583 0.020341 0.025073
0 0.307031 0.794792 0.020456 0.028611
0 0.488281 0.795833 0.019429 0.026567
0 0.594531 0.819792 0.025806 0.025956
0 0.4625 0.921875 0.021267 0.029091
0 0.072656 0.953125 0.018048 0.02325
0 0.505469 0.98125 0.0184 0.026183