0 0.104688 0.048958 0.017317 0.024011
0 0.814844 0.083333 0.019746 0.030276
0 0.34375 0.0875 0.021161 0.025349
0 0.546875 0.096875 0.018442 0.024589
0 0.821094 0.103125 0.019638 0.024534
0 0.874219 0.120833 0.025071 0.030312
0 0.320312 0.123958 0.021239 0.025868
0 0.064844 0.23125 0.020046 0.026244
0 0.413281 0.235417 0.023857 0.035077
0 0.567969 0.290625 0.024213 0.03701
0 0.816406 0.321875 0.026166 0.030931
0 0.08125 0.332292 0.028104 0.03441
0 0.480469 0.364583 0.019429 0.026567
0 0.499219 0.379167 0.018816 0.028149
0 0.302344 0.496875 0.024224 0.033196
0 0.099219 0.522917 0.023103 0.02886
0 0.75625 0.5375 0.023461 0.030231
0 0.778906 0.539583 0.019768 0.025593
0 0.966406 0.544792 0.022111 0.032714
0 0.354687 0.578125 0.024377 0.029518
0 0.155469 0.607292 0.029095 0.032278
0 0.633594 0.63125 0.023906 0.033448
0 0.971094 0.630208 0.018867 0.026122
0 0.6625 0.630208 0.018442 0.024589
0 0.276562 0.647917 0.017982 0.022269
0 0.367969 0.702083 0.019683 0.026728
0 0.352344 0.732292 0.028104 0.041215
0 0.224219 0.7375 0.025062 0.035457
0 0.250781 0.740625 0.032462 0.036477
0 0.728125 0.760417 0.021112 0.025088
0 0.227344 0.804167 0.028193 0.030617
0 0.377344 0.829167 0.027816 0.03591
0 0.014746 0.833333 0.029492 0.036589
0 0.534375 0.840625 0.018939 0.024442
0 0.582031 0.86875 0.026195 0.032242
0 0.872656 0.871875 0.019401 0.028319
0 0.9875 0.871875 0.018161 0.023679
0 0.051562 0.920833 0.031539 0.039815
0 0.43125 0.986458 0.018939 0.024442