0 0.232031 0.01875 0.023293 0.029834
0 0.946875 0.034375 0.018442 0.024589
0 0.060156 0.046875 0.018442 0.024589
0 0.928906 0.069792 0.019792 0.025321
0 0.396875 0.094792 0.019558 0.02407
0 0.209375 0.1875 0.021479 0.027243
0 0.873437 0.223958 0.029 0.02948
0 0.663281 0.278125 0.01971 0.025332
0 0.560156 0.31875 0.025448 0.044053
0 0.671094 0.367708 0.024308 0.039626
0 0.340625 0.386458 0.043093 0.036795
0 0.867188 0.529167 0.024459 0.028776
0 0.674219 0.558333 0.031762 0.038024
0 0.539062 0.610417 0.024684 0.038741
0 0.569531 0.60625 0.019446 0.026546
0 0.572656 0.627083 0.021542 0.029952
0 0.039844 0.652083 0.020627 0.027503
0 0.157031 0.678125 0.017317 0.024011
0 0.103906 0.716667 0.027765 0.037776
0 0.945312 0.757292 0.023378 0.04181
0 0.566406 0.759375 0.02677 0.039569
0 0.257812 0.755208 0.017438 0.024063
0 0.739062 0.814583 0.018008 0.02309
0 0.950781 0.839583 0.021663 0.047942
0 0.71875 0.860417 0.022748 0.038721
0 0.982031 0.907292 0.020147 0.028452
0 0.091406 0.914583 0.022656 0.031302
0 0.942187 0.947917 0.021202 0.044815