0 0.896094 0.00771 0.018442 0.01542
0 0.782813 0.009756 0.018939 0.019513
0 0.31875 0.033333 0.018331 0.025253
0 0.532813 0.042708 0.02168 0.028193
0 0.946875 0.05 0.018331 0.025253
0 0.58125 0.054167 0.018342 0.027161
0 0.780469 0.058333 0.018846 0.025128
0 0.550781 0.069792 0.023847 0.0333
0 0.639062 0.078125 0.021203 0.030662
0 0.84375 0.088542 0.018442 0.024589
0 0.851562 0.10625 0.023569 0.027306
0 0.578906 0.114583 0.019992 0.026974
0 0.174219 0.121875 0.021329 0.030643
0 0.815625 0.129167 0.019531 0.027421
0 0.61875 0.130208 0.018331 0.025253
0 0.551562 0.154167 0.0223 0.028345
0 0.99043 0.15625 0.019141 0.027421
0 0.525 0.171875 0.021878 0.023148
0 0.478906 0.182292 0.023871 0.038863
0 0.688281 0.1875 0.02018 0.026907
0 0.722656 0.19375 0.018991 0.026389
0 0.598437 0.20625 0.02123 0.025887
0 0.2 0.219792 0.028903 0.050427
0 0.578125 0.209375 0.02203 0.026707
0 0.266406 0.216667 0.02018 0.026907
0 0.5125 0.222917 0.019119 0.025492
0 0.740625 0.236458 0.019119 0.025492
0 0.30625 0.242708 0.020339 0.023705
0 0.451562 0.273958 0.022346 0.029794
0 0.683594 0.279167 0.020046 0.026244
0 0.892969 0.28125 0.019909 0.025929
0 0.199219 0.288542 0.022738 0.028352
0 0.5375 0.290625 0.018396 0.030233
0 0.525 0.301042 0.018442 0.024589
0 0.789062 0.357292 0.021264 0.026134
0 0.6375 0.364583 0.021362 0.02664
0 0.06875 0.373958 0.020441 0.025129
0 0.799219 0.376042 0.021242 0.026567
0 0.317969 0.386458 0.018442 0.024589
0 0.130469 0.4 0.023707 0.029853
0 0.641406 0.398958 0.019792 0.025321
0 0.113281 0.402083 0.025048 0.026775
0 0.382812 0.402083 0.021921 0.025381
0 0.305469 0.405208 0.020371 0.024457
0 0.501563 0.414583 0.020566 0.026042
0 0.017969 0.420833 0.024332 0.030482
0 0.83125 0.427083 0.018442 0.024589
0 0.946875 0.43125 0.018991 0.026389
0 0.549219 0.454167 0.018855 0.030261
0 0.069531 0.491667 0.018052 0.026078
0 0.167187 0.507292 0.018827 0.023629
0 0.183594 0.510417 0.021104 0.024098
0 0.471875 0.514583 0.018406 0.026178
0 0.645312 0.514583 0.021112 0.025088
0 0.503125 0.523958 0.021816 0.032581
0 0.533594 0.520833 0.019298 0.026433
0 0.258594 0.533333 0.017337 0.025026
0 0.600781 0.5375 0.021412 0.031463
0 0.860938 0.535417 0.018784 0.026311
0 0.45 0.557292 0.021333 0.026872
0 0.664062 0.561458 0.020628 0.031456
0 0.1625 0.560417 0.018756 0.022285
0 0.333594 0.575 0.018324 0.026151
0 0.725 0.579167 0.017835 0.025128
0 0.791406 0.582292 0.025935 0.028892
0 0.260937 0.584375 0.021231 0.025776
0 0.848437 0.611458 0.024777 0.03676
0 0.814063 0.608333 0.018406 0.026178
0 0.028906 0.613542 0.020932 0.028824
0 0.079687 0.615625 0.025086 0.031874
0 0.654687 0.617708 0.018342 0.027161
0 0.327344 0.627083 0.019623 0.027154
0 0.604688 0.628125 0.02428 0.026751
0 0.573438 0.653125 0.018442 0.024589
0 0.165625 0.6625 0.018048 0.02325
0 0.832031 0.669792 0.019893 0.027596
0 0.046875 0.683333 0.022548 0.034593
0 0.454688 0.680208 0.01902 0.024748
0 0.653125 0.692708 0.021128 0.024499
0 0.630469 0.705208 0.022245 0.028848
0 0.164062 0.7125 0.017757 0.026099
0 0.69375 0.716667 0.018991 0.026389
0 0.665625 0.722917 0.02077 0.027051
0 0.642969 0.728125 0.021878 0.023148
0 0.988281 0.73125 0.019609 0.026145
0 0.672656 0.753125 0.020046 0.026244
0 0.435156 0.764583 0.025048 0.026775
0 0.509375 0.792708 0.021231 0.025776
0 0.927344 0.795833 0.018991 0.026389
0 0.535937 0.804167 0.018756 0.022285
0 0.6625 0.816667 0.020579 0.030481
0 0.129688 0.833333 0.017757 0.026099
0 0.036719 0.836458 0.017438 0.024063
0 0.748437 0.838542 0.018367 0.028175
0 0.660156 0.847917 0.020583 0.030478
0 0.56875 0.861458 0.018304 0.026169
0 0.589844 0.870833 0.020583 0.030478
0 0.425 0.885417 0.021479 0.027243
0 0.157031 0.905208 0.019925 0.028323
0 0.757812 0.923958 0.017345 0.026058
0 0.825781 0.958333 0.022768 0.026762
0 0.676562 0.963542 0.020773 0.035476
0 0.526563 0.971875 0.022099 0.027768