0 0.635938 0.017708 0.018827 0.023629
0 0.55 0.0625 0.02118 0.025185
0 0.083594 0.065625 0.01948 0.030303
0 0.39375 0.080208 0.017982 0.022269
0 0.739062 0.101042 0.022861 0.032442
0 0.685937 0.133333 0.01813 0.025093
0 0.470313 0.15625 0.02278 0.034774
0 0.042969 0.165625 0.020666 0.028723
0 0.25 0.167708 0.018029 0.025068
0 0.032031 0.180208 0.018442 0.024589
0 0.441406 0.188542 0.019925 0.028323
0 0.476562 0.210417 0.018784 0.026311
0 0.094531 0.2375 0.021983 0.02661
0 0.425781 0.264583 0.02273 0.025968
0 0.873437 0.263542 0.021901 0.024512
0 0.74375 0.272917 0.020072 0.030358
0 0.410938 0.277083 0.018897 0.034393
0 0.525781 0.3125 0.019031 0.028198
0 0.530469 0.323958 0.023026 0.028919
0 0.697656 0.327083 0.019558 0.02407
0 0.966406 0.326042 0.017721 0.025103
0 0.857031 0.329167 0.019683 0.026728
0 0.395313 0.345833 0.019609 0.026145
0 0.247656 0.347917 0.019832 0.026443
0 0.202344 0.352083 0.019558 0.02407
0 0.239844 0.355208 0.019574 0.023676
0 0.8125 0.361458 0.018442 0.024589
0 0.539062 0.364583 0.020231 0.026656
0 0.642969 0.397917 0.019035 0.026241
0 0.747656 0.433333 0.019446 0.026546
0 0.257031 0.433333 0.017982 0.022269
0 0.519531 0.441667 0.019683 0.026728
0 0.660156 0.441667 0.020627 0.027503
0 0.203125 0.44375 0.019623 0.027154
0 0.322656 0.45625 0.025853 0.032508
0 0.332813 0.455208 0.018773 0.023107
0 0.146094 0.485417 0.018773 0.023107
0 0.2625 0.486458 0.018939 0.024442
0 0.386719 0.490625 0.021098 0.023144
0 0.273438 0.502083 0.01813 0.025093
0 0.025781 0.505208 0.019733 0.025046
0 0.622656 0.532292 0.019768 0.025593
0 0.121875 0.533333 0.023466 0.025161
0 0.700781 0.5375 0.017348 0.026056
0 0.485156 0.546875 0.021972 0.025937
0 0.569531 0.551042 0.01882 0.024173
0 0.308594 0.566667 0.020231 0.026656
0 0.442188 0.575 0.019446 0.026546
0 0.007064 0.578125 0.014127 0.024011
0 0.4875 0.582292 0.018939 0.024442
0 0.153125 0.591667 0.019832 0.026443
0 0.636719 0.594792 0.017317 0.024011
0 0.403125 0.6 0.020371 0.024457
0 0.638281 0.601042 0.017721 0.025103
0 0.2875 0.635417 0.021556 0.031475
0 0.223438 0.642708 0.01882 0.024173
0 0.839844 0.660417 0.018331 0.025253
0 0.497656 0.670833 0.025009 0.037163
0 0.033594 0.691667 0.0184 0.026183
0 0.392969 0.7 0.020371 0.024457
0 0.745313 0.720833 0.018008 0.02309
0 0.639844 0.752083 0.019925 0.025905
0 0.616406 0.754167 0.019832 0.026443
0 0.328125 0.761458 0.024256 0.025931
0 0.425 0.795833 0.017802 0.029182
0 0.928906 0.809375 0.017317 0.024011
0 0.529687 0.84375 0.018639 0.026258
0 0.084375 0.86875 0.020533 0.030297
0 0.635156 0.872917 0.02456 0.029745
0 0.884375 0.896875 0.01875 0.022917
0 0.528906 0.907292 0.017317 0.024011
0 0.779687 0.952083 0.017757 0.026099
0 0.303125 0.965625 0.018096 0.024127
0 0.255469 0.972917 0.019446 0.026546
0 0.598437 0.987282 0.022726 0.025436