0 0.327344 0.021875 0.018769 0.023116
0 0.649219 0.046875 0.030351 0.038685
0 0.236719 0.086458 0.023103 0.02886
0 0.697656 0.092708 0.019543 0.023126
0 0.220312 0.108333 0.021259 0.029733
0 0.394531 0.117708 0.026061 0.032032
0 0.517969 0.129167 0.019247 0.026491
0 0.732812 0.136458 0.023645 0.033053
0 0.313281 0.140625 0.022849 0.032869
0 0.103125 0.213542 0.025215 0.032495
0 0.972656 0.252083 0.026621 0.033198
0 0.153906 0.271875 0.024584 0.031012
0 0.811719 0.326042 0.027272 0.053322
0 0.128906 0.323958 0.024684 0.038741
0 0.5625 0.323958 0.021145 0.028907
0 0.202344 0.361458 0.025513 0.033411
0 0.330469 0.386458 0.023026 0.028919
0 0.752344 0.429167 0.02253 0.034609
0 0.8375 0.472917 0.035342 0.034537
0 0.146875 0.482292 0.023607 0.028741
0 0.40625 0.527083 0.027447 0.031709
0 0.767969 0.594792 0.030943 0.037713
0 0.459375 0.633333 0.024641 0.032044
0 0.924219 0.676042 0.019401 0.028319
0 0.19375 0.686458 0.024354 0.03462
0 0.53125 0.69375 0.018561 0.025359
0 0.778906 0.716667 0.023538 0.032216
0 0.501563 0.713542 0.018442 0.024589
0 0.880469 0.744792 0.025597 0.057367
0 0.835156 0.788542 0.023786 0.032659
0 0.459375 0.840625 0.019601 0.028352
0 0.264062 0.8625 0.030824 0.034113
0 0.964844 0.867708 0.034096 0.041796
0 0.374219 0.882292 0.024417 0.033648
0 0.432812 0.922917 0.025084 0.031877