0 0.107813 0.080208 0.035637 0.038384
0 0.053906 0.077083 0.022047 0.026945
0 0.832031 0.130208 0.020566 0.026042
0 0.86875 0.134375 0.019724 0.029262
0 0.725 0.259375 0.028044 0.034063
0 0.353906 0.267708 0.023666 0.033336
0 0.15625 0.421875 0.018827 0.023629
0 0.214844 0.428125 0.024381 0.03447
0 0.917188 0.461458 0.020432 0.028638
0 0.011719 0.523958 0.020566 0.026042
0 0.553125 0.523958 0.018442 0.024589
0 0.032031 0.594792 0.02537 0.032683
0 0.888281 0.63125 0.027395 0.033844
0 0.251563 0.769792 0.048712 0.074692
0 0.314844 0.896875 0.0561 0.160642
0 0.71875 0.853125 0.017759 0.024215
0 0.202344 0.884375 0.023821 0.030088
0 0.097656 0.96875 0.026536 0.039495