0 0.400781 0.019792 0.020416 0.025301
0 0.426563 0.021875 0.021542 0.027554
0 0.384375 0.03125 0.023185 0.034666
0 0.458594 0.057292 0.019558 0.02407
0 0.878906 0.076042 0.017301 0.024027
0 0.5 0.129167 0.021116 0.030583
0 0.489063 0.138542 0.018367 0.028175
0 0.68125 0.179167 0.017337 0.025026
0 0.857031 0.19375 0.021844 0.038622
0 0.84375 0.24375 0.023245 0.030258
0 0.646094 0.267708 0.017317 0.024011
0 0.973437 0.310417 0.021479 0.027243
0 0.827344 0.53125 0.038358 0.137534
0 0.053906 0.477083 0.020789 0.026845
0 0.346875 0.488542 0.0223 0.028345
0 0.728906 0.525 0.022027 0.030978
0 0.009393 0.56875 0.018786 0.026299
0 0.840625 0.58125 0.02237 0.031064
0 0.500781 0.603125 0.018846 0.02378
0 0.175 0.605208 0.01882 0.024173
0 0.149219 0.622917 0.022758 0.026784
0 0.1625 0.621875 0.021098 0.023144
0 0.012343 0.635417 0.024685 0.028897
0 0.945312 0.639583 0.019429 0.026567
0 0.472656 0.661458 0.019574 0.023676
0 0.695312 0.689583 0.029605 0.038657
0 0.138281 0.705208 0.026874 0.031128
0 0.8625 0.704167 0.021479 0.027243
0 0.894531 0.738542 0.019925 0.025905
0 0.392188 0.758333 0.026286 0.037622
0 0.942187 0.764583 0.018561 0.025359
0 0.845313 0.773958 0.018442 0.024589
0 0.06875 0.829167 0.025435 0.039005
0 0.908594 0.825 0.021946 0.026299
0 0.236719 0.839583 0.030014 0.033581
0 0.197656 0.8875 0.020537 0.027934
0 0.027344 0.945833 0.024452 0.02879
0 0.99006 0.948958 0.01988 0.028935
0 0.128906 0.964583 0.021645 0.030804
0 0.80625 0.975 0.021116 0.030583