0 0.404687 0.014036 0.022418 0.028073
0 0.585938 0.202083 0.019429 0.026567
0 0.742969 0.203125 0.020231 0.026656
0 0.125 0.219792 0.022111 0.027748
0 0.635156 0.336458 0.017438 0.024063
0 0.195312 0.522917 0.021653 0.030795
0 0.30625 0.55 0.020811 0.029482
0 0.31875 0.560417 0.025129 0.029733
0 0.33125 0.575 0.027796 0.051244
0 0.357031 0.671875 0.023185 0.034666
0 0.932813 0.672917 0.024247 0.026365
0 0.8125 0.702083 0.025022 0.026377
0 0.061719 0.717708 0.019925 0.025905
0 0.202344 0.7375 0.020579 0.030481
0 0.765625 0.76875 0.021116 0.030583
0 0.353125 0.772917 0.024847 0.031127
0 0.209375 0.7875 0.022152 0.027355
0 0.291406 0.794792 0.022878 0.036693
0 0.59375 0.798958 0.026613 0.03321
0 0.144531 0.840625 0.018048 0.02325
0 0.877344 0.85 0.024593 0.038972
0 0.624219 0.895833 0.017757 0.026099
0 0.006317 0.909375 0.012635 0.024748
0 0.615625 0.916667 0.043869 0.037039
0 0.578125 0.946875 0.017658 0.024165
0 0.814844 0.966667 0.024055 0.04697
0 0.675781 0.987091 0.021645 0.025819