0 0.271875 0.01297 0.023345 0.02594
0 0.478906 0.021875 0.019627 0.024405
0 0.067187 0.138542 0.021989 0.028877
0 0.73125 0.158333 0.021804 0.02852
0 0.917188 0.166667 0.027826 0.033764
0 0.352344 0.192708 0.036466 0.04967
0 0.984375 0.340625 0.021145 0.028907
0 0.577344 0.353125 0.019792 0.025321
0 0.0875 0.360417 0.018008 0.02309
0 0.55 0.407292 0.034543 0.042921
0 0.3125 0.417708 0.022656 0.031302
0 0.553125 0.458333 0.021701 0.028014
0 0.30625 0.464583 0.023514 0.031908
0 0.151562 0.576042 0.018442 0.024589
0 0.421094 0.684375 0.023502 0.033261
0 0.042188 0.69375 0.022982 0.034744
0 0.139844 0.71875 0.019683 0.026728
0 0.071094 0.723958 0.023268 0.032258
0 0.38125 0.772917 0.025071 0.030312
0 0.3 0.891667 0.024565 0.029737
0 0.088281 0.897917 0.019909 0.025929
0 0.805469 0.913542 0.025878 0.029534
0 0.6875 0.965625 0.02032 0.023137