0 0.540625 0.010165 0.022325 0.020329
0 0.114062 0.023958 0.017438 0.024063
0 0.310156 0.044792 0.03006 0.041342
0 0.775 0.066667 0.026932 0.035136
0 0.103906 0.08125 0.02128 0.027471
0 0.633594 0.128125 0.031256 0.03844
0 0.916406 0.132292 0.026791 0.034443
0 0.891406 0.144792 0.026081 0.030374
0 0.436719 0.152083 0.020231 0.026656
0 0.710938 0.171875 0.025232 0.03723
0 0.032031 0.213542 0.028536 0.037168
0 0.655469 0.211458 0.02101 0.028935
0 0.619531 0.228125 0.026843 0.031498
0 0.904687 0.236458 0.024435 0.039922
0 0.307031 0.241667 0.026966 0.033171
0 0.440625 0.245833 0.020493 0.029307
0 0.923438 0.247917 0.020938 0.027401
0 0.750781 0.258333 0.027099 0.03509
0 0.13125 0.269792 0.02143 0.027648
0 0.349219 0.286458 0.029701 0.035431
0 0.795312 0.289583 0.025345 0.030561
0 0.564063 0.291667 0.018769 0.023116
0 0.591406 0.3125 0.019429 0.026567
0 0.775781 0.33125 0.030922 0.038189
0 0.070312 0.336458 0.036627 0.043424
0 0.898438 0.342708 0.027091 0.045276
0 0.752344 0.340625 0.02671 0.036723
0 0.16875 0.338542 0.018921 0.024472
0 0.203125 0.340625 0.023597 0.02855
0 0.1125 0.35625 0.033143 0.038547
0 0.714063 0.357292 0.023259 0.032779
0 0.53125 0.355208 0.018406 0.026178
0 0.519531 0.382292 0.039474 0.046051
0 0.161719 0.382292 0.017835 0.025128
0 0.135156 0.447917 0.03344 0.046028
0 0.653125 0.448958 0.029214 0.041963
0 0.375 0.461458 0.040916 0.049944
0 0.314844 0.483333 0.039076 0.054891
0 0.352344 0.485417 0.029552 0.047211
0 0.915625 0.477083 0.019925 0.028323
0 0.263281 0.497917 0.03311 0.05361
0 0.505469 0.483333 0.021162 0.025464
0 0.674219 0.497917 0.025552 0.033182
0 0.057031 0.514583 0.026418 0.041303
0 0.241406 0.517708 0.02317 0.029214
0 0.497656 0.532292 0.032523 0.044953
0 0.534375 0.553125 0.02168 0.028193
0 0.047656 0.582292 0.023718 0.029015
0 0.572656 0.583333 0.022376 0.031057
0 0.688281 0.594792 0.020432 0.028638
0 0.696875 0.614583 0.022255 0.033718
0 0.585938 0.6125 0.019429 0.026567
0 0.610938 0.625 0.033981 0.038814
0 0.466406 0.630208 0.022669 0.026114
0 0.578125 0.657292 0.021301 0.051046
0 0.414844 0.6625 0.026833 0.03299
0 0.61875 0.68125 0.032379 0.059741
0 0.500781 0.726042 0.02018 0.026907
0 0.4875 0.736458 0.025982 0.033258
0 0.903906 0.745833 0.018805 0.027121
0 0.255469 0.754167 0.023556 0.02766
0 0.885938 0.75625 0.018304 0.026169
0 0.39375 0.764583 0.031048 0.042715
0 0.348438 0.778125 0.016702 0.023976
0 0.485156 0.783333 0.017835 0.025128
0 0.108594 0.809375 0.022883 0.028677
0 0.646094 0.8375 0.019832 0.026443
0 0.598437 0.840625 0.018052 0.026078
0 0.828125 0.857292 0.027678 0.033246
0 0.70625 0.8625 0.018999 0.02628
0 0.885938 0.869792 0.018442 0.024589
0 0.830469 0.878125 0.019925 0.025905
0 0.642969 0.884375 0.018442 0.024589
0 0.049219 0.9 0.033035 0.043688
0 0.814063 0.915625 0.018442 0.024589
0 0.980469 0.921875 0.019792 0.025321
0 0.850781 0.929167 0.022254 0.031093
0 0.098437 0.936458 0.021198 0.026257
0 0.778906 0.95 0.01892 0.026267
0 0.864844 0.963542 0.01998 0.028483
0 0.154688 0.976042 0.026575 0.037841
0 0.476562 0.976042 0.025348 0.03196
0 0.163281 0.987228 0.018374 0.025544
0 0.7625 0.987032 0.021333 0.025936
0 0.341406 0.988029 0.02077 0.023942