0 0.603125 0.023958 0.025243 0.032454
0 0.540625 0.09375 0.021667 0.027913
0 0.626563 0.097917 0.022778 0.034777
0 0.822656 0.095833 0.023609 0.031982
0 0.791406 0.151042 0.034566 0.054655
0 0.665625 0.178125 0.021924 0.029232
0 0.15 0.2 0.026642 0.029619
0 0.692187 0.20625 0.022781 0.032106
0 0.763281 0.253125 0.02287 0.032981
0 0.564844 0.280208 0.025323 0.037101
0 0.063281 0.2875 0.036038 0.038855
0 0.782813 0.285417 0.028193 0.030617
0 0.973437 0.289583 0.02431 0.030289
0 0.852344 0.298958 0.027517 0.031773
0 0.345313 0.314583 0.02176 0.034547
0 0.767188 0.311458 0.02101 0.028935
0 0.525781 0.352083 0.02537 0.030289
0 0.466406 0.371875 0.023496 0.036751
0 0.684375 0.394792 0.022874 0.032977
0 0.555469 0.43125 0.019925 0.025905
0 0.81875 0.448958 0.022643 0.032905
0 0.067969 0.455208 0.02325 0.033147
0 0.290625 0.454167 0.024679 0.030191
0 0.642188 0.463542 0.024286 0.037007
0 0.460156 0.523958 0.022849 0.032869
0 0.238281 0.5375 0.023556 0.02766
0 0.698438 0.538542 0.018773 0.023107
0 0.582031 0.603125 0.019601 0.028352
0 0.06875 0.614583 0.0268 0.041781
0 0.388281 0.617708 0.01902 0.024748
0 0.989113 0.6625 0.021773 0.02937
0 0.504687 0.66875 0.018773 0.023107
0 0.701562 0.677083 0.028246 0.040293
0 0.271875 0.671875 0.03048 0.028378
0 0.344531 0.675 0.023668 0.036768
0 0.582812 0.705208 0.024348 0.028789
0 0.121094 0.71875 0.023362 0.031655
0 0.677344 0.734375 0.022658 0.023151
0 0.046875 0.770833 0.024377 0.029518
0 0.872656 0.805208 0.025857 0.028661
0 0.103125 0.858333 0.028531 0.033849
0 0.778125 0.869792 0.021095 0.032525
0 0.642188 0.879167 0.026646 0.050223
0 0.661719 0.925 0.025837 0.030331
0 0.886719 0.9375 0.018999 0.02628
0 0.30625 0.961458 0.02101 0.028935
0 0.344531 0.972917 0.02124 0.030344