0 0.853125 0.086458 0.018442 0.024589
0 0.727344 0.152083 0.016726 0.030209
0 0.482812 0.183333 0.021267 0.029091
0 0.314063 0.204167 0.029861 0.042052
0 0.139063 0.20625 0.029391 0.035875
0 0.263281 0.280208 0.037933 0.060329
0 0.5375 0.301042 0.02118 0.025185
0 0.413281 0.339583 0.025695 0.03914
0 0.89375 0.415625 0.024274 0.028304
0 0.514844 0.523958 0.018939 0.024442
0 0.800781 0.589583 0.020627 0.027503
0 0.959375 0.667708 0.021477 0.036524
0 0.354687 0.726042 0.023758 0.059384
0 0.635938 0.725 0.017345 0.026058
0 0.369531 0.798958 0.030581 0.036888
0 0.464844 0.828125 0.024782 0.036755
0 0.113281 0.848958 0.029734 0.036694
0 0.380469 0.926805 0.041114 0.146391
0 0.79375 0.89375 0.021198 0.026257
0 0.602344 0.902083 0.029863 0.037066
0 0.598437 0.91875 0.025151 0.030678