0 0.466406 0.060417 0.02101 0.028935
0 0.317188 0.076042 0.025082 0.033988
0 0.950781 0.102083 0.019714 0.027305
0 0.154688 0.11875 0.026689 0.03168
0 0.085156 0.152083 0.035354 0.04824
0 0.770312 0.152083 0.021264 0.026134
0 0.320312 0.2125 0.032942 0.036892
0 0.619531 0.213542 0.026687 0.028936
0 0.166406 0.213542 0.026667 0.029051
0 0.099219 0.21875 0.019445 0.029302
0 0.053906 0.257292 0.023597 0.02855
0 0.316406 0.291667 0.022756 0.02825
0 0.367188 0.309375 0.021727 0.028969
0 0.059375 0.3375 0.028044 0.034063
0 0.677344 0.407292 0.022828 0.030437
0 0.272656 0.423958 0.022756 0.02825
0 0.7125 0.426042 0.02336 0.033114
0 0.092969 0.448958 0.021161 0.025349
0 0.526563 0.461458 0.019593 0.02836
0 0.0625 0.464583 0.021339 0.026862
0 0.325781 0.473958 0.018048 0.02325
0 0.546094 0.483333 0.050008 0.030387
0 0.686719 0.490625 0.022111 0.027748
0 0.098437 0.546875 0.039125 0.039
0 0.836719 0.554167 0.028343 0.03401
0 0.771875 0.565625 0.022234 0.038677
0 0.871094 0.583333 0.019574 0.023676
0 0.846094 0.630208 0.019638 0.024534
0 0.714063 0.65 0.026636 0.044204
0 0.341406 0.661458 0.061857 0.04504
0 0.653906 0.69375 0.027472 0.035676
0 0.566406 0.714583 0.0226 0.034743
0 0.009228 0.732292 0.018456 0.032869
0 0.448437 0.752083 0.023871 0.038863
0 0.774219 0.746875 0.020661 0.028728
0 0.88125 0.748958 0.022265 0.030253
0 0.802344 0.780208 0.022828 0.027821
0 0.713281 0.809375 0.035195 0.031931
0 0.403906 0.809375 0.019401 0.028319
0 0.31875 0.815625 0.018096 0.024127
0 0.011672 0.822917 0.023344 0.032785
0 0.790625 0.846875 0.021145 0.028907
0 0.616406 0.872917 0.0236 0.031896
0 0.520312 0.894792 0.019574 0.023676
0 0.185938 0.90625 0.02613 0.038424
0 0.525781 0.917708 0.028458 0.044569
0 0.171875 0.909375 0.018846 0.02378
0 0.823438 0.916667 0.027696 0.037411