0 0.053125 0.01596 0.024045 0.03192
0 0.096094 0.027083 0.020676 0.026744
0 0.154688 0.051042 0.018939 0.024442
0 0.764062 0.059375 0.027679 0.031706
0 0.232031 0.063542 0.024309 0.027699
0 0.380469 0.092708 0.024424 0.028913
0 0.604688 0.103125 0.022363 0.033702
0 0.880469 0.132292 0.028349 0.032232
0 0.276562 0.134375 0.021239 0.025868
0 0.103906 0.148958 0.01998 0.028483
0 0.409375 0.232292 0.024445 0.061492
0 0.827344 0.252083 0.02313 0.033957
0 0.464844 0.2625 0.025837 0.030331
0 0.798438 0.266667 0.024951 0.034554
0 0.38125 0.292708 0.021228 0.032366
0 0.576562 0.295833 0.050295 0.045498
0 0.603906 0.302083 0.02692 0.036212
0 0.263281 0.304167 0.042243 0.037276
0 0.928125 0.3 0.0184 0.026183
0 0.016406 0.329167 0.03208 0.038585
0 0.696875 0.3375 0.01802 0.023067
0 0.167187 0.376042 0.017658 0.024165
0 0.917188 0.383333 0.028164 0.03455
0 0.338281 0.4375 0.046889 0.045889
0 0.640625 0.428125 0.022815 0.027608
0 0.220312 0.44375 0.025011 0.035065
0 0.278906 0.457292 0.020045 0.029423
0 0.610938 0.522917 0.024998 0.072938
0 0.155469 0.561458 0.026524 0.033859
0 0.494531 0.577083 0.022673 0.031282
0 0.323437 0.594792 0.035367 0.049915
0 0.40625 0.613542 0.030201 0.037399
0 0.570312 0.616667 0.018331 0.025253
0 0.640625 0.64375 0.028192 0.045489
0 0.395313 0.645833 0.02118 0.025185
0 0.479687 0.679167 0.022254 0.031093
0 0.213281 0.732292 0.027779 0.058434
0 0.486719 0.729167 0.032523 0.044953
0 0.079687 0.729167 0.031925 0.03969
0 0.535937 0.766667 0.023778 0.030992
0 0.064062 0.777083 0.020058 0.027568
0 0.771875 0.805208 0.022303 0.032753
0 0.164062 0.811458 0.040808 0.037981
0 0.452344 0.813542 0.025107 0.032372
0 0.114844 0.8375 0.044709 0.044863
0 0.025 0.846875 0.018773 0.023107
0 0.972656 0.876042 0.026124 0.031426
0 0.014844 0.88125 0.020479 0.026286
0 0.410938 0.890625 0.029838 0.030988
0 0.296094 0.902083 0.020627 0.027503
0 0.028906 0.921875 0.019909 0.025929
0 0.300781 0.927083 0.018756 0.022285
0 0.353906 0.932292 0.02525 0.032349
0 0.4125 0.951042 0.050938 0.041612
0 0.292187 0.964583 0.02988 0.048493
0 0.447656 0.977083 0.028269 0.031811
0 0.561719 0.977083 0.019909 0.025929