0 0.798438 0.044792 0.030603 0.057565
0 0.560156 0.21875 0.020046 0.026244
0 0.770312 0.347917 0.02981 0.039124
0 0.8 0.459375 0.034593 0.089643
0 0.417969 0.460417 0.037683 0.042827
0 0.757031 0.491667 0.032512 0.036416
0 0.411719 0.519792 0.03664 0.044847
0 0.710156 0.626042 0.081185 0.258429
0 0.777344 0.545833 0.032221 0.052027
0 0.24375 0.541667 0.018304 0.026169
0 0.552344 0.548958 0.019429 0.026567
0 0.898438 0.715625 0.02538 0.035641
0 0.563281 0.719792 0.029031 0.031982
0 0.794531 0.810417 0.020566 0.026042
0 0.744531 0.882292 0.019792 0.025321
0 0.564844 0.9 0.022563 0.035606
0 0.780469 0.933333 0.026346 0.032832
0 0.716406 0.967708 0.023298 0.029827
0 0.989129 0.986446 0.021741 0.027107