0 0.035937 0.0125 0.018827 0.023629
0 0.861719 0.022917 0.023569 0.034832
0 0.498437 0.022917 0.02413 0.031832
0 0.417187 0.027083 0.018304 0.026169
0 0.14375 0.0375 0.028188 0.036368
0 0.422656 0.05 0.027452 0.05324
0 0.860156 0.048958 0.019601 0.028352
0 0.473438 0.054167 0.022849 0.032869
0 0.175781 0.053125 0.022828 0.027821
0 0.485156 0.088542 0.020666 0.028723
0 0.882812 0.089583 0.021116 0.030583
0 0.325781 0.102083 0.018784 0.026311
0 0.446875 0.109375 0.025348 0.03196
0 0.854688 0.105208 0.018331 0.025253
0 0.592187 0.111458 0.02198 0.027324
0 0.224219 0.116667 0.021513 0.035498
0 0.35625 0.115625 0.024736 0.030494
0 0.132031 0.122917 0.031546 0.035774
0 0.790625 0.119792 0.02237 0.031064
0 0.328906 0.120833 0.022027 0.030978
0 0.863281 0.125 0.019868 0.025663
0 0.360938 0.14375 0.021116 0.030583
0 0.307031 0.157292 0.023097 0.028871
0 0.115625 0.179167 0.022194 0.034506
0 0.410938 0.183333 0.022129 0.030969
0 0.053125 0.186458 0.020341 0.025073
0 0.234375 0.197917 0.022193 0.03277
0 0.582812 0.20625 0.022876 0.031243
0 0.417187 0.215625 0.025273 0.030852
0 0.594531 0.213542 0.019792 0.025321
0 0.3625 0.220833 0.024573 0.035298
0 0.073438 0.226042 0.027558 0.032833
0 0.821875 0.228125 0.021816 0.032581
0 0.172656 0.269792 0.105584 0.104595
0 0.308594 0.236458 0.01998 0.028483
0 0.276562 0.244792 0.02456 0.029745
0 0.536719 0.245833 0.018331 0.025253
0 0.029687 0.252083 0.024573 0.035298
0 0.917188 0.254167 0.021459 0.027275
0 0.101562 0.269792 0.024535 0.029481
0 0.871875 0.278125 0.018442 0.024589
0 0.511719 0.286458 0.020432 0.028638
0 0.792188 0.311458 0.021314 0.02663
0 0.285156 0.31875 0.018939 0.024442
0 0.239844 0.326042 0.028692 0.034465
0 0.071094 0.336458 0.035523 0.037082
0 0.110156 0.334375 0.019574 0.023676
0 0.021094 0.344792 0.022633 0.032689
0 0.324219 0.345833 0.023758 0.031125
0 0.1875 0.357292 0.021819 0.028356
0 0.272656 0.371875 0.023097 0.028871
0 0.076563 0.377083 0.025957 0.03004
0 0.853906 0.398958 0.021575 0.028766
0 0.235937 0.404167 0.018999 0.02628
0 0.739062 0.4125 0.021198 0.026257
0 0.149219 0.419792 0.020154 0.028445
0 0.534375 0.423958 0.022937 0.028155
0 0.626563 0.447917 0.033317 0.046288
0 0.857031 0.451042 0.022858 0.027444
0 0.010156 0.45625 0.018784 0.026311
0 0.707031 0.465625 0.019693 0.028264
0 0.570312 0.480208 0.029369 0.035583
0 0.639062 0.476042 0.018442 0.024589
0 0.703125 0.48125 0.02486 0.031
0 0.185938 0.49375 0.026828 0.04036
0 0.551562 0.4875 0.020938 0.027401
0 0.8375 0.488542 0.022017 0.028277
0 0.578125 0.490625 0.018939 0.024442
0 0.732812 0.492708 0.024316 0.027916
0 0.503906 0.516667 0.022519 0.029368
0 0.303125 0.534375 0.029478 0.051533
0 0.760156 0.554167 0.02649 0.03928
0 0.441406 0.569792 0.018304 0.026169
0 0.157031 0.575 0.019683 0.026728
0 0.628125 0.578125 0.02111 0.023724
0 0.482031 0.586458 0.029181 0.032843
0 0.085156 0.594792 0.02154 0.031643
0 0.463281 0.597917 0.022254 0.031093
0 0.846094 0.598958 0.021354 0.029868
0 0.351562 0.601042 0.024631 0.032058
0 0.497656 0.604167 0.020072 0.030358
0 0.308594 0.607292 0.022376 0.031057
0 0.202344 0.609375 0.023421 0.033
0 0.754687 0.619792 0.027154 0.05333
0 0.7375 0.625 0.021203 0.030662
0 0.950781 0.623958 0.019762 0.028269
0 0.439063 0.657292 0.021816 0.032581
0 0.978125 0.65625 0.018442 0.024589
0 0.680469 0.658333 0.019925 0.025905
0 0.707031 0.670833 0.026421 0.03234
0 0.496875 0.688542 0.026 0.030914
0 0.946875 0.689583 0.018991 0.026389
0 0.808594 0.705208 0.022767 0.036507
0 0.242969 0.702083 0.02095 0.027383
0 0.989644 0.70625 0.020712 0.031282
0 0.8625 0.710417 0.027382 0.037122
0 0.232031 0.708333 0.023874 0.032174
0 0.659375 0.711458 0.024309 0.031325
0 0.346094 0.729167 0.027045 0.039035
0 0.410938 0.7375 0.018784 0.026311
0 0.095312 0.741667 0.023063 0.030344
0 0.851562 0.746875 0.023592 0.030549
0 0.364844 0.75625 0.022849 0.032869
0 0.689063 0.751042 0.018442 0.024589
0 0.330469 0.770833 0.018052 0.026078
0 0.8625 0.769792 0.018331 0.025253
0 0.464062 0.790625 0.022768 0.026762
0 0.613281 0.8 0.025278 0.035687
0 0.182812 0.805208 0.026331 0.037475
0 0.133594 0.807292 0.022849 0.032869
0 0.822656 0.809375 0.019065 0.031282
0 0.802344 0.820833 0.019429 0.026567
0 0.390625 0.840625 0.02217 0.02922
0 0.640625 0.840625 0.01902 0.024748
0 0.746875 0.851042 0.023847 0.0333
0 0.221094 0.866667 0.025778 0.035968
0 0.402344 0.866667 0.023758 0.031125
0 0.575781 0.869792 0.019918 0.030369
0 0.841406 0.869792 0.022303 0.032753
0 0.464844 0.896875 0.026729 0.035638
0 0.108594 0.911458 0.031086 0.059758
0 0.588281 0.928125 0.01882 0.024173
0 0.670312 0.934375 0.020147 0.028452
0 0.403906 0.9375 0.02365 0.028234
0 0.859375 0.945833 0.021921 0.025381
0 0.196875 0.954167 0.023055 0.030355
0 0.376563 0.961458 0.031229 0.044034
0 0.4125 0.955208 0.018442 0.024589
0 0.838281 0.958333 0.023874 0.032174
0 0.6 0.963542 0.023592 0.030549
0 0.365625 0.973958 0.025162 0.034253