0 0.610938 0.027083 0.021267 0.029091
0 0.98125 0.032292 0.022017 0.028277
0 0.457031 0.0375 0.032859 0.033649
0 0.841406 0.19375 0.061391 0.152473
0 0.692187 0.15625 0.019925 0.025905
0 0.861719 0.175 0.023471 0.0311
0 0.152344 0.225 0.028925 0.03629
0 0.385156 0.221875 0.019543 0.023126
0 0.572656 0.333333 0.026668 0.035936
0 0.210156 0.373958 0.024076 0.032101
0 0.776563 0.401042 0.020154 0.028445
0 0.43125 0.446875 0.117195 0.104967
0 0.541406 0.433333 0.019558 0.02407
0 0.694531 0.440625 0.05313 0.030624
0 0.298438 0.552083 0.02739 0.033936
0 0.486719 0.58125 0.068121 0.063387
0 0.197656 0.578125 0.031655 0.042207
0 0.607031 0.584375 0.024917 0.038801
0 0.341406 0.591667 0.029604 0.043195
0 0.875781 0.616667 0.025465 0.063559
0 0.713281 0.613542 0.025991 0.03663
0 0.19375 0.689583 0.028058 0.036928
0 0.714063 0.70625 0.022673 0.031282
0 0.596094 0.735417 0.069554 0.03987
0 0.396094 0.872917 0.029085 0.037667
0 0.200781 0.890625 0.043577 0.053358
0 0.584375 0.923958 0.049313 0.055313
0 0.839844 0.95625 0.023345 0.03313
0 0.81875 0.969792 0.026608 0.034667
0 0.778125 0.985038 0.028247 0.029924