0 0.758594 0.065625 0.019714 0.027305
0 0.411719 0.123958 0.019693 0.028264
0 0.832812 0.145833 0.021669 0.03458
0 0.095312 0.23125 0.029091 0.031297
0 0.654687 0.247917 0.018342 0.027161
0 0.95 0.25625 0.024598 0.033805
0 0.923438 0.265625 0.021726 0.031709
0 0.4875 0.297917 0.024564 0.030774
0 0.846875 0.351042 0.01802 0.023067
0 0.578125 0.532292 0.026302 0.04093
0 0.676562 0.60625 0.039925 0.095118
0 0.425 0.623958 0.024886 0.03407
0 0.721875 0.74375 0.01802 0.023067
0 0.842187 0.803125 0.021176 0.031534
0 0.461719 0.863542 0.109514 0.096656
0 0.483594 0.927083 0.022725 0.033819
0 0.035156 0.980921 0.026104 0.038159
0 0.416406 0.977083 0.020676 0.026744
0 0.607031 0.98125 0.024182 0.034926