0 0.613281 0.027083 0.019119 0.025492
0 0.377344 0.104167 0.029539 0.037396
0 0.015625 0.115625 0.019247 0.026491
0 0.810937 0.128125 0.020147 0.028452
0 0.158594 0.192708 0.018052 0.026078
0 0.608594 0.226042 0.018939 0.024442
0 0.39375 0.272917 0.042478 0.054596
0 0.353906 0.303125 0.052245 0.066069
0 0.503125 0.313542 0.022849 0.032869
0 0.33125 0.327083 0.018876 0.02557
0 0.371875 0.389583 0.034555 0.044401
0 0.68125 0.408333 0.042022 0.053114
0 0.610156 0.40625 0.022376 0.031057
0 0.448437 0.485417 0.030353 0.042847
0 0.721875 0.530208 0.052682 0.116048
0 0.579688 0.539583 0.021264 0.026134
0 0.539062 0.560417 0.026724 0.034099
0 0.732812 0.596875 0.023319 0.029672
0 0.871875 0.601042 0.020147 0.028452
0 0.821875 0.611458 0.024847 0.031127
0 0.711719 0.626042 0.035362 0.044672
0 0.303125 0.633333 0.020328 0.024087
0 0.335938 0.644792 0.020517 0.029536
0 0.272656 0.665625 0.0197 0.025227
0 0.383594 0.695833 0.035542 0.049381
0 0.545312 0.705208 0.02139 0.029072
0 0.503906 0.732292 0.024211 0.032811
0 0.296875 0.734375 0.02287 0.028488
0 0.033594 0.761458 0.023718 0.029015
0 0.185156 0.766667 0.026107 0.033377
0 0.164844 0.8 0.03737 0.048122
0 0.505469 0.829167 0.020339 0.023705
0 0.904687 0.88125 0.025528 0.036047
0 0.509375 0.983333 0.020416 0.025301