0 0.760938 0.036458 0.024194 0.031024
0 0.06875 0.038542 0.02365 0.028234
0 0.600781 0.042708 0.018805 0.027121
0 0.728906 0.057292 0.022849 0.032869
0 0.196094 0.101042 0.025424 0.031337
0 0.5875 0.098958 0.025424 0.031337
0 0.288281 0.115625 0.020666 0.028723
0 0.489063 0.129167 0.021645 0.030804
0 0.880469 0.130208 0.026577 0.033441
0 0.064062 0.142708 0.018846 0.02378
0 0.345313 0.158333 0.021339 0.026862
0 0.230469 0.163542 0.02434 0.033657
0 0.672656 0.164583 0.035213 0.033901
0 0.38125 0.176042 0.023259 0.032779
0 0.798438 0.178125 0.026613 0.03321
0 0.664062 0.186458 0.021645 0.030804
0 0.613281 0.194792 0.022849 0.032869
0 0.713281 0.208333 0.026189 0.036773
0 0.191406 0.219792 0.024188 0.03293
0 0.738281 0.228125 0.025095 0.028633
0 0.060156 0.229167 0.022937 0.028155
0 0.896094 0.230208 0.02101 0.028935
0 0.317969 0.2375 0.019429 0.026567
0 0.666406 0.240625 0.022464 0.028723
0 0.424219 0.253125 0.025056 0.029313
0 0.096094 0.279167 0.021116 0.030583
0 0.508594 0.296875 0.019531 0.027421
0 0.166406 0.313542 0.026221 0.032529
0 0.888281 0.323958 0.026275 0.032061
0 0.766406 0.335417 0.021116 0.030583
0 0.50625 0.339583 0.021202 0.026349
0 0.871875 0.351042 0.023958 0.029808
0 0.928125 0.364583 0.018331 0.025253
0 0.947656 0.370833 0.024232 0.030858
0 0.075 0.371875 0.028128 0.027158
0 0.304688 0.377083 0.020479 0.026286
0 0.103125 0.383333 0.021946 0.026299
0 0.348438 0.405208 0.022633 0.032689
0 0.0125 0.415625 0.018442 0.024589
0 0.265625 0.433333 0.025289 0.031092
0 0.832031 0.434375 0.021131 0.02449
0 0.814063 0.435417 0.0184 0.026183
0 0.839063 0.438542 0.019543 0.023126
0 0.767969 0.459375 0.018939 0.024442
0 0.126562 0.465625 0.029704 0.029374
0 0.044531 0.488542 0.019693 0.028264
0 0.692969 0.497917 0.019531 0.026042
0 0.6125 0.5125 0.050049 0.03658
0 0.129688 0.5125 0.022193 0.03277
0 0.734375 0.536458 0.021819 0.028356
0 0.280469 0.55 0.019429 0.026567
0 0.096094 0.557292 0.026417 0.032442
0 0.1625 0.559375 0.023623 0.035791
0 0.838281 0.569792 0.024903 0.031806
0 0.627344 0.590625 0.023103 0.02886
0 0.272656 0.596875 0.026245 0.031768
0 0.257812 0.601042 0.027621 0.034701
0 0.78125 0.604167 0.018784 0.026311
0 0.078125 0.613542 0.022129 0.030969
0 0.838281 0.629167 0.027141 0.034876
0 0.061719 0.659375 0.022756 0.02825
0 0.714844 0.665625 0.025082 0.037253
0 0.897656 0.663542 0.022111 0.030883
0 0.636719 0.675 0.028371 0.034763
0 0.196875 0.682292 0.022017 0.028277
0 0.698438 0.691667 0.019178 0.025168
0 0.490625 0.752083 0.024573 0.035298
0 0.328125 0.759375 0.025552 0.033182
0 0.74375 0.79375 0.025086 0.031874
0 0.284375 0.796875 0.023597 0.02855
0 0.464062 0.795833 0.018784 0.026311
0 0.803906 0.801042 0.022114 0.034653
0 0.964063 0.802083 0.019429 0.026567
0 0.299219 0.8125 0.026496 0.036437
0 0.3625 0.848958 0.027077 0.039383
0 0.796094 0.858333 0.023576 0.027289
0 0.642188 0.871875 0.018876 0.02557
0 0.655469 0.875 0.026576 0.026394
0 0.278125 0.882292 0.026823 0.032782
0 0.158594 0.8875 0.031215 0.040482
0 0.732812 0.879167 0.018124 0.023544
0 0.85625 0.892708 0.01902 0.024748
0 0.369531 0.897917 0.026689 0.03168
0 0.051562 0.897917 0.021198 0.026257
0 0.489844 0.905208 0.026101 0.032719
0 0.857031 0.907292 0.023026 0.028919
0 0.339062 0.909375 0.018161 0.023679
0 0.020313 0.925 0.017721 0.025103
0 0.05625 0.930208 0.026436 0.037088
0 0.291406 0.952083 0.025799 0.031271
0 0.710156 0.961458 0.019972 0.028419
0 0.917969 0.961458 0.019972 0.028419