0 0.939844 0.039583 0.022227 0.031837
0 0.603906 0.041667 0.023319 0.029672
0 0.907813 0.058333 0.022194 0.034506
0 0.630469 0.064583 0.02674 0.030964
0 0.476562 0.064583 0.019429 0.026567
0 0.652344 0.067708 0.023345 0.03313
0 0.089844 0.067708 0.023556 0.02766
0 0.546875 0.077083 0.018991 0.026389
0 0.861719 0.086458 0.039874 0.032412
0 0.815625 0.097917 0.021508 0.03051
0 0.017188 0.107292 0.027408 0.029582
0 0.332813 0.1125 0.024847 0.031127
0 0.107031 0.1375 0.019733 0.025046
0 0.864062 0.147917 0.021116 0.030583
0 0.009186 0.158333 0.018373 0.02407
0 0.920312 0.205208 0.021582 0.032612
0 0.233594 0.211458 0.020432 0.028638
0 0.091406 0.240625 0.023511 0.028281
0 0.55625 0.240625 0.018999 0.02628
0 0.84375 0.320833 0.022656 0.031302
0 0.364844 0.325 0.025714 0.032015
0 0.680469 0.326042 0.019531 0.027421
0 0.599219 0.33125 0.023654 0.029634
0 0.70625 0.348958 0.027219 0.057437
0 0.932031 0.339583 0.026583 0.027362
0 0.554688 0.363542 0.023451 0.027139
0 0.571094 0.377083 0.024076 0.032101
0 0.710938 0.385417 0.035421 0.036697
0 0.450781 0.394792 0.021648 0.029332
0 0.278125 0.398958 0.026575 0.037841
0 0.499219 0.425 0.023402 0.030544
0 0.057813 0.428125 0.025414 0.032846
0 0.610156 0.44375 0.028038 0.036198
0 0.713281 0.452083 0.024736 0.037004
0 0.44375 0.45 0.022254 0.031093
0 0.882031 0.488542 0.026621 0.033198
0 0.100781 0.527083 0.022094 0.027539
0 0.707031 0.540625 0.019714 0.027305
0 0.951562 0.546875 0.021203 0.030662
0 0.669531 0.580208 0.023597 0.02855
0 0.9125 0.583333 0.021479 0.027243
0 0.532031 0.588542 0.026843 0.034125
0 0.844531 0.607292 0.020774 0.032412
0 0.896094 0.627083 0.020231 0.026656
0 0.745313 0.635417 0.030661 0.032737
0 0.060156 0.640625 0.023597 0.02855
0 0.871875 0.645833 0.018846 0.027254
0 0.689844 0.659375 0.028536 0.04029
0 0.474219 0.663542 0.024341 0.028597
0 0.729688 0.663542 0.022418 0.029062
0 0.317188 0.669792 0.01882 0.024173
0 0.745313 0.683333 0.020676 0.026744
0 0.769531 0.704167 0.0201 0.026364
0 0.142187 0.704167 0.018561 0.025359
0 0.161719 0.714583 0.023758 0.031125
0 0.149219 0.747917 0.023654 0.030791
0 0.903906 0.778125 0.029429 0.035032
0 0.595313 0.801042 0.027366 0.028355
0 0.475 0.84375 0.02456 0.029745
0 0.532813 0.858333 0.022254 0.031093
0 0.75625 0.8625 0.018406 0.026178
0 0.90625 0.876042 0.021816 0.032581
0 0.346875 0.907292 0.019543 0.023126
0 0.5 0.914583 0.021138 0.034503
0 0.376563 0.922917 0.018052 0.026078
0 0.76875 0.929167 0.019531 0.027421
0 0.160938 0.963542 0.021929 0.025115
0 0.532031 0.96875 0.025394 0.035366
0 0.250781 0.978125 0.022111 0.027748
0 0.399219 0.986689 0.023493 0.026623