0 0.43125 0.065625 0.02487 0.038844
0 0.871875 0.08125 0.024564 0.030774
0 0.86875 0.104167 0.02269 0.029686
0 0.329688 0.134375 0.021645 0.030804
0 0.417187 0.146875 0.021658 0.029319
0 0.338281 0.171875 0.025162 0.036319
0 0.500781 0.184375 0.024381 0.03447
0 0.501563 0.209375 0.027442 0.041411
0 0.882812 0.283333 0.024578 0.029591
0 0.395313 0.338542 0.026107 0.033377
0 0.724219 0.348958 0.022418 0.029062
0 0.839063 0.353125 0.025905 0.033963
0 0.304688 0.361458 0.021259 0.028345
0 0.107813 0.38125 0.02475 0.031228
0 0.447656 0.420833 0.024573 0.035298
0 0.157812 0.435417 0.018304 0.026169
0 0.735938 0.579167 0.02486 0.031
0 0.189844 0.584375 0.03006 0.041342
0 0.1125 0.666667 0.023245 0.030258
0 0.080469 0.732292 0.01902 0.024748
0 0.157031 0.752083 0.022656 0.031302
0 0.469531 0.769792 0.020935 0.028889
0 0.635156 0.807292 0.022756 0.02825
0 0.582812 0.904167 0.022393 0.030491
0 0.104688 0.9375 0.021653 0.030795
0 0.247656 0.9625 0.023569 0.034832
0 0.428906 0.972917 0.020467 0.031435