0 0.527344 0.025 0.029834 0.038239
0 0.500781 0.032292 0.027054 0.032892
0 0.485938 0.055208 0.024899 0.034055
0 0.510938 0.08125 0.024045 0.035033
0 0.545312 0.159375 0.02432 0.036532
0 0.5125 0.165625 0.026136 0.037662
0 0.402344 0.183333 0.022996 0.028271
0 0.748437 0.195833 0.026305 0.036148
0 0.289844 0.208333 0.022781 0.032106
0 0.815625 0.239583 0.029735 0.030594
0 0.439844 0.24375 0.041471 0.033991
0 0.624219 0.261458 0.025323 0.037101
0 0.566406 0.285417 0.019774 0.03233
0 0.985156 0.288542 0.023511 0.028281
0 0.5625 0.294792 0.018442 0.024589
0 0.482812 0.303125 0.023992 0.036947
0 0.370312 0.302083 0.025938 0.031646
0 0.167187 0.313542 0.019593 0.032301
0 0.316406 0.33125 0.019773 0.0268
0 0.7125 0.361458 0.026146 0.031074
0 0.105469 0.391667 0.027976 0.047269
0 0.467187 0.407292 0.016702 0.023976
0 0.070312 0.416667 0.018756 0.022285
0 0.527344 0.4375 0.018999 0.02628
0 0.778125 0.45 0.029242 0.03636
0 0.853906 0.466667 0.044537 0.029194
0 0.599219 0.478125 0.032905 0.041452
0 0.247656 0.525 0.031696 0.036899
0 0.069531 0.526042 0.023511 0.028281
0 0.278125 0.528125 0.021648 0.029332
0 0.089844 0.546875 0.023287 0.034879
0 0.132031 0.542708 0.023654 0.029634
0 0.214062 0.602083 0.034725 0.036433
0 0.894531 0.623958 0.022012 0.032718
0 0.988947 0.626042 0.022106 0.03324
0 0.333594 0.632292 0.020432 0.028638
0 0.119531 0.647917 0.018784 0.026311
0 0.907813 0.65625 0.025905 0.033963
0 0.224219 0.660417 0.020697 0.026524
0 0.39375 0.671875 0.021701 0.028014
0 0.640625 0.711458 0.0184 0.026183
0 0.659375 0.722917 0.022682 0.028155
0 0.142969 0.764583 0.024247 0.026365
0 0.424219 0.816667 0.019925 0.025905
0 0.742188 0.828125 0.02951 0.0401
0 0.879687 0.827083 0.021653 0.030795
0 0.864844 0.8375 0.02606 0.030638
0 0.611719 0.85 0.020866 0.030437
0 0.708594 0.854167 0.025899 0.036038
0 0.340625 0.86875 0.024425 0.030612
0 0.442969 0.873958 0.01998 0.028483
0 0.625781 0.910417 0.02487 0.038844
0 0.277344 0.913542 0.024641 0.032044
0 0.322656 0.914583 0.017835 0.025128
0 0.821094 0.94375 0.022129 0.030969
0 0.617188 0.959375 0.021701 0.028014
0 0.7625 0.971875 0.023511 0.028281