0 0.30625 0.012588 0.024377 0.025175
0 0.594531 0.059375 0.020134 0.027719
0 0.652344 0.1 0.024404 0.037062
0 0.078125 0.109375 0.024624 0.035128
0 0.920312 0.142708 0.028248 0.041561
0 0.413281 0.1625 0.028886 0.051343
0 0.192188 0.240625 0.023951 0.036884
0 0.454688 0.264583 0.029772 0.036357
0 0.957812 0.286458 0.025065 0.03342
0 0.491406 0.292708 0.034601 0.036038
0 0.363281 0.3375 0.022656 0.031302
0 0.146875 0.351042 0.044662 0.045518
0 0.764062 0.372917 0.024291 0.029293
0 0.247656 0.382292 0.026188 0.034302
0 0.521094 0.389583 0.016719 0.026046
0 0.039062 0.419792 0.031312 0.048664
0 0.672656 0.413542 0.023224 0.036781
0 0.309375 0.413542 0.017759 0.024215
0 0.028906 0.489583 0.039918 0.034339
0 0.698438 0.510417 0.021259 0.028345
0 0.6875 0.527083 0.018304 0.026169
0 0.455469 0.604167 0.021684 0.032565
0 0.425781 0.61875 0.024588 0.035168
0 0.515625 0.623958 0.018773 0.023107
0 0.039062 0.640625 0.022856 0.029993
0 0.900781 0.654167 0.019446 0.026546
0 0.178125 0.722917 0.030662 0.061665
0 0.726562 0.730208 0.022026 0.030025
0 0.892188 0.734375 0.025522 0.031119
0 0.333594 0.754167 0.024095 0.033396
0 0.754687 0.7625 0.024124 0.031439
0 0.714063 0.791667 0.021198 0.026257
0 0.239063 0.807292 0.02383 0.03669
0 0.466406 0.848958 0.023645 0.033053
0 0.514062 0.866667 0.023857 0.035077
0 0.621875 0.869792 0.028906 0.037105
0 0.213281 0.878125 0.065626 0.032474
0 0.857031 0.883333 0.019558 0.02407
0 0.41875 0.916667 0.020583 0.030478
0 0.628906 0.919792 0.019401 0.028319
0 0.2 0.930208 0.024835 0.031146
0 0.688281 0.964583 0.020231 0.026656