0 0.941406 0.013542 0.018939 0.024442
0 0.566406 0.026042 0.019119 0.025492
0 0.873437 0.06875 0.023863 0.029661
0 0.532813 0.147917 0.024535 0.029481
0 0.51875 0.158333 0.029347 0.047319
0 0.735938 0.180208 0.020147 0.028452
0 0.346875 0.19375 0.019195 0.026357
0 0.760156 0.216667 0.023402 0.030544
0 0.504687 0.228125 0.018161 0.023679
0 0.271094 0.2625 0.019909 0.025929
0 0.489844 0.264583 0.032947 0.032545
0 0.964063 0.264583 0.024247 0.026365
0 0.982812 0.378125 0.020866 0.027821
0 0.021094 0.41875 0.02674 0.030964
0 0.420312 0.435417 0.021198 0.026257
0 0.467187 0.496875 0.031554 0.038396
0 0.134375 0.50625 0.024679 0.030191
0 0.05625 0.586458 0.080686 0.124696
0 0.951562 0.580208 0.018331 0.025253
0 0.192188 0.588542 0.02287 0.032981
0 0.835938 0.616667 0.018991 0.026389
0 0.021875 0.698958 0.022303 0.032753
0 0.861719 0.719792 0.021076 0.032495
0 0.808594 0.728125 0.026048 0.031808
0 0.895312 0.745833 0.018304 0.026169
0 0.378125 0.757292 0.021179 0.036543
0 0.966406 0.80625 0.018029 0.025068
0 0.642969 0.846875 0.022152 0.027355
0 0.491406 0.885417 0.02486 0.031
0 0.321875 0.89375 0.025552 0.033182
0 0.208594 0.923958 0.037031 0.04877
0 0.020313 0.930208 0.022006 0.030167
0 0.928906 0.965625 0.021222 0.032511
0 0.79375 0.966667 0.019446 0.026546
0 0.25625 0.986963 0.021924 0.026074
0 0.446094 0.989176 0.021314 0.021648