0 0.660937 0.095833 0.032178 0.034216
0 0.459375 0.098958 0.017759 0.024215
0 0.891406 0.186458 0.023187 0.038673
0 0.247656 0.228125 0.029287 0.033514
0 0.164062 0.254167 0.054719 0.075369
0 0.342969 0.269792 0.01882 0.024173
0 0.616406 0.28125 0.028273 0.03195
0 0.802344 0.28125 0.02588 0.029593
0 0.124219 0.292708 0.019627 0.024405
0 0.8875 0.4125 0.034507 0.24896
0 0.777344 0.310417 0.027239 0.036319
0 0.251563 0.339583 0.021339 0.026862
0 0.484375 0.385417 0.037345 0.046541
0 0.628906 0.382292 0.028021 0.035684
0 0.658594 0.402083 0.023103 0.02886
0 0.549219 0.422917 0.021946 0.026299
0 0.267969 0.479167 0.026155 0.036189
0 0.077344 0.546875 0.030388 0.042256
0 0.79375 0.539583 0.021362 0.02664
0 0.089844 0.55 0.020529 0.025786
0 0.767969 0.652083 0.021645 0.030804
0 0.276562 0.759375 0.018442 0.024589
0 0.342969 0.827083 0.019476 0.030306
0 0.286719 0.860417 0.033039 0.041593
0 0.567969 0.886458 0.025907 0.03371
0 0.28125 0.908333 0.0226 0.034743
0 0.384375 0.978125 0.022017 0.028277