0 0.430469 0.0125 0.018008 0.02309
0 0.858594 0.025 0.035827 0.039766
0 0.317188 0.053125 0.022006 0.030167
0 0.5375 0.10625 0.062269 0.069317
0 0.432031 0.1125 0.038986 0.061563
0 0.235937 0.126042 0.018846 0.02378
0 0.759375 0.422917 0.077986 0.727085
0 0.719531 0.153125 0.028864 0.035994
0 0.440625 0.183333 0.019429 0.026567
0 0.522656 0.192708 0.019601 0.028352
0 0.204687 0.19375 0.020479 0.026286
0 0.484375 0.192708 0.018939 0.024442
0 0.503125 0.225 0.029269 0.03763
0 0.085156 0.221875 0.020147 0.028452
0 0.83125 0.260417 0.030668 0.039358
0 0.425 0.297917 0.031047 0.076172
0 0.420312 0.278125 0.01998 0.028483
0 0.589063 0.34375 0.021094 0.026042
0 0.94375 0.353125 0.025257 0.029424
0 0.902344 0.428125 0.056171 0.116256
0 0.867188 0.379167 0.017301 0.024027
0 0.025 0.388542 0.029804 0.035696
0 0.430469 0.427083 0.02688 0.033904
0 0.98716 0.446875 0.02568 0.033643
0 0.845313 0.466667 0.024396 0.034961
0 0.346875 0.532292 0.027736 0.03412
0 0.2125 0.540625 0.027829 0.038542
0 0.217188 0.5875 0.021314 0.02663
0 0.898438 0.657292 0.025784 0.037333
0 0.805469 0.703125 0.019693 0.028264
0 0.714844 0.744792 0.018939 0.024442
0 0.897656 0.789583 0.024934 0.036904
0 0.738281 0.815625 0.022756 0.02825
0 0.850781 0.820833 0.029644 0.040349
0 0.884375 0.823958 0.027491 0.033647
0 0.971875 0.826042 0.018939 0.024442
0 0.778906 0.829167 0.018008 0.02309
0 0.358594 0.851042 0.018846 0.02378
0 0.332813 0.922917 0.02018 0.026907
0 0.70625 0.938542 0.022217 0.02811
0 0.089063 0.9625 0.019531 0.027421
0 0.457031 0.964583 0.022922 0.031445
0 0.777344 0.982393 0.032552 0.035214
0 0.88125 0.980208 0.017658 0.024165