0 0.85625 0.029167 0.01733 0.02503
0 0.194531 0.045833 0.023344 0.031678
0 0.697656 0.048958 0.02542 0.030594
0 0.609375 0.052083 0.021314 0.02663
0 0.619531 0.059375 0.023583 0.030562
0 0.849219 0.070833 0.022558 0.029051
0 0.555469 0.072917 0.026376 0.032785
0 0.171875 0.070833 0.019119 0.025492
0 0.697656 0.079167 0.020046 0.026244
0 0.516406 0.083333 0.018784 0.026311
0 0.284375 0.097917 0.02486 0.031
0 0.102344 0.103125 0.020666 0.028723
0 0.49375 0.111458 0.022464 0.028723
0 0.853906 0.121875 0.023103 0.02886
0 0.217188 0.132292 0.024436 0.029089
0 0.944531 0.132292 0.023597 0.02855
0 0.239844 0.141667 0.019746 0.030276
0 0.15625 0.151042 0.023502 0.033261
0 0.610156 0.160417 0.023592 0.027503
0 0.747656 0.169792 0.022227 0.031837
0 0.203906 0.180208 0.023569 0.034832
0 0.64375 0.178125 0.018331 0.025253
0 0.301563 0.19375 0.020866 0.030437
0 0.647656 0.194792 0.019972 0.028419
0 0.183594 0.214583 0.025273 0.030852
0 0.928125 0.214583 0.022027 0.030978
0 0.832812 0.240625 0.022129 0.030969
0 0.638281 0.244792 0.022729 0.02728
0 0.866406 0.255208 0.022937 0.028155
0 0.665625 0.2625 0.021496 0.034476
0 0.782031 0.271875 0.018096 0.024127
0 0.054688 0.277083 0.021333 0.026872
0 0.565625 0.284375 0.018331 0.025253
0 0.890625 0.30625 0.02099 0.030596
0 0.046875 0.311458 0.022874 0.032977
0 0.782813 0.320833 0.021116 0.030583
0 0.010793 0.327083 0.021587 0.027439
0 0.303125 0.346875 0.01902 0.024748
0 0.485156 0.35 0.020866 0.030437
0 0.966406 0.348958 0.019401 0.028319
0 0.266406 0.366667 0.02588 0.029593
0 0.25625 0.39375 0.023894 0.035927
0 0.357031 0.391667 0.01892 0.026267
0 0.070312 0.415625 0.0223 0.028345
0 0.446875 0.423958 0.022995 0.033548
0 0.017969 0.438542 0.023908 0.033445
0 0.713281 0.4375 0.021645 0.030804
0 0.248438 0.444792 0.018939 0.024442
0 0.695312 0.448958 0.024652 0.030465
0 0.308594 0.46875 0.025784 0.025116
0 0.328906 0.470833 0.019925 0.025905
0 0.130469 0.477083 0.02664 0.028215
0 0.346875 0.479167 0.021116 0.030583
0 0.029687 0.48125 0.021198 0.026257
0 0.629687 0.502083 0.023287 0.034879
0 0.23125 0.516667 0.024293 0.036833
0 0.485938 0.513542 0.017438 0.024063
0 0.192969 0.536458 0.026478 0.043102
0 0.09375 0.541667 0.023666 0.033336
0 0.390625 0.56875 0.01733 0.02503
0 0.425781 0.585417 0.023556 0.02766
0 0.575 0.5875 0.020045 0.029423
0 0.067969 0.610417 0.026522 0.043234
0 0.836719 0.625 0.028478 0.036119
0 0.233594 0.640625 0.028424 0.044964
0 0.305469 0.65 0.026932 0.035136
0 0.332813 0.648958 0.018331 0.025253
0 0.91875 0.669792 0.021816 0.032581
0 0.535156 0.698958 0.024377 0.029518
0 0.910937 0.74375 0.025695 0.03914
0 0.324219 0.779167 0.027569 0.039906
0 0.879687 0.775 0.022152 0.027355
0 0.475781 0.783333 0.023654 0.029634
0 0.902344 0.797917 0.019733 0.025046
0 0.550781 0.817708 0.029385 0.03693
0 0.636719 0.813542 0.019925 0.025905
0 0.498437 0.829167 0.02018 0.026907
0 0.634375 0.828125 0.020441 0.025129
0 0.952344 0.838542 0.025215 0.032495
0 0.5125 0.841667 0.021094 0.026042
0 0.885156 0.846875 0.019071 0.027215
0 0.364063 0.870833 0.021901 0.024512
0 0.270313 0.872917 0.023491 0.027306
0 0.623437 0.888542 0.034138 0.046967
0 0.244531 0.915625 0.027328 0.035328
0 0.519531 0.916667 0.025611 0.031936
0 0.063281 0.917708 0.019733 0.025046
0 0.292969 0.93125 0.025394 0.035366
0 0.122656 0.93125 0.019446 0.026546
0 0.299219 0.960417 0.019534 0.022292
0 0.403906 0.980208 0.026101 0.032719
0 0.679688 0.98125 0.020341 0.025073
0 0.988819 0.983333 0.022362 0.032869