0 0.122656 0.140625 0.03369 0.068115
0 0.447656 0.182292 0.030003 0.038521
0 0.44375 0.253125 0.03081 0.03572
0 0.646094 0.258333 0.023654 0.030791
0 0.882812 0.258333 0.021701 0.028014
0 0.552344 0.357292 0.030137 0.037693
0 0.338281 0.425 0.018756 0.022285
0 0.891406 0.448958 0.020432 0.028638
0 0.905469 0.508333 0.031258 0.036923
0 0.053906 0.546875 0.0344 0.031632
0 0.473438 0.583333 0.027905 0.034571
0 0.935156 0.607292 0.041438 0.033346
0 0.745313 0.634375 0.021648 0.029332
0 0.347656 0.694792 0.027003 0.034726
0 0.970313 0.785417 0.018991 0.026389
0 0.699219 0.803125 0.023319 0.029672
0 0.922656 0.89375 0.029098 0.031176
0 0.153906 0.935417 0.023344 0.031678
0 0.870313 0.951042 0.022346 0.029794
0 0.770312 0.96875 0.021911 0.030893
0 0.659375 0.973958 0.022464 0.028723