0 0.024219 0.01158 0.031394 0.02316
0 0.544531 0.016985 0.026879 0.03397
0 0.673438 0.012301 0.020479 0.024601
0 0.110156 0.019792 0.018773 0.023107
0 0.679688 0.023958 0.02217 0.02922
0 0.749219 0.032292 0.026667 0.029051
0 0.796875 0.034375 0.02365 0.028234
0 0.119531 0.047917 0.019925 0.025905
0 0.988878 0.10625 0.022244 0.034731
0 0.604688 0.1125 0.028416 0.03589
0 0.205469 0.121875 0.020676 0.026744
0 0.396875 0.130208 0.023592 0.030549
0 0.932031 0.140625 0.019601 0.028352
0 0.832031 0.146875 0.023103 0.02886
0 0.664062 0.148958 0.019558 0.02407
0 0.678125 0.191667 0.027678 0.033246
0 0.778125 0.202083 0.021138 0.034503
0 0.864062 0.201042 0.018442 0.024589
0 0.388281 0.21875 0.026608 0.030345
0 0.953125 0.222917 0.019992 0.026974
0 0.857812 0.240625 0.02217 0.02922
0 0.86875 0.2625 0.022656 0.031302
0 0.899219 0.26875 0.0201 0.026364
0 0.267969 0.315625 0.023491 0.027306
0 0.571875 0.338542 0.025905 0.030541
0 0.932031 0.341667 0.019429 0.026567
0 0.452344 0.353125 0.030084 0.035656
0 0.015625 0.35625 0.024564 0.030774
0 0.819531 0.35625 0.020349 0.030234
0 0.603125 0.36875 0.017721 0.025103
0 0.163281 0.378125 0.019531 0.027421
0 0.907813 0.388542 0.021496 0.034476
0 0.139063 0.396875 0.018939 0.024442
0 0.638281 0.409375 0.018354 0.025228
0 0.555469 0.410417 0.021239 0.025868
0 0.533594 0.422917 0.025905 0.030541
0 0.585938 0.444792 0.01902 0.024748
0 0.025 0.45625 0.020231 0.026656
0 0.204687 0.463542 0.024476 0.034441
0 0.39375 0.467708 0.023103 0.02886
0 0.517188 0.495833 0.021112 0.025088
0 0.294531 0.507292 0.023597 0.02855
0 0.035156 0.519792 0.022911 0.031609
0 0.05 0.542708 0.025414 0.032846
0 0.167187 0.548958 0.032605 0.039802
0 0.742969 0.542708 0.019012 0.028214
0 0.935156 0.565625 0.01882 0.024173
0 0.15625 0.577083 0.021946 0.026299
0 0.89375 0.601042 0.018442 0.024589
0 0.082812 0.61875 0.024038 0.035041
0 0.989511 0.61875 0.020979 0.030804
0 0.903906 0.619792 0.022447 0.02875
0 0.6625 0.625 0.026358 0.034584
0 0.577344 0.635417 0.019683 0.026728
0 0.975781 0.640625 0.022246 0.031817
0 0.785156 0.642708 0.025814 0.034767
0 0.752344 0.663542 0.030253 0.042444
0 0.492969 0.659375 0.019733 0.025046
0 0.628125 0.694792 0.024079 0.030374
0 0.503125 0.715625 0.018442 0.024589
0 0.767188 0.71875 0.018442 0.024589
0 0.835156 0.721875 0.022828 0.027821
0 0.317969 0.73125 0.027328 0.035328
0 0.896094 0.7375 0.022995 0.03066
0 0.216406 0.7375 0.019992 0.026974
0 0.178906 0.742708 0.02217 0.033498
0 0.982812 0.746875 0.018331 0.025253
0 0.725 0.751042 0.025002 0.031555
0 0.284375 0.776042 0.027829 0.038542
0 0.560937 0.783333 0.027516 0.034627
0 0.808594 0.814583 0.025837 0.030331
0 0.063281 0.815625 0.019925 0.025905
0 0.553125 0.834375 0.024782 0.034677
0 0.4 0.84375 0.026637 0.037182
0 0.900781 0.85625 0.019429 0.026567
0 0.475 0.871875 0.025685 0.038911
0 0.100781 0.879167 0.018331 0.025253
0 0.987641 0.883333 0.024719 0.030914
0 0.790625 0.889583 0.025282 0.034542
0 0.289062 0.897917 0.026715 0.032642
0 0.676562 0.909375 0.01902 0.024748
0 0.265625 0.917708 0.020432 0.028638
0 0.3875 0.920833 0.030619 0.034873
0 0.826562 0.915625 0.018331 0.025253
0 0.549219 0.930208 0.022849 0.032869
0 0.235937 0.932292 0.024309 0.031325
0 0.422656 0.944792 0.023293 0.029834
0 0.726562 0.965625 0.030917 0.035996
0 0.604688 0.980177 0.027255 0.039647
0 0.614844 0.975 0.019429 0.026567
0 0.163281 0.98125 0.019925 0.025905