0 0.346094 0.128125 0.018442 0.024589
0 0.728906 0.16875 0.019683 0.026728
0 0.620313 0.205208 0.018939 0.024442
0 0.78125 0.216667 0.020231 0.026656
0 0.294531 0.236458 0.018048 0.02325
0 0.290625 0.241667 0.017778 0.027118
0 0.436719 0.258333 0.019893 0.027596
0 0.423438 0.280208 0.023287 0.034879
0 0.109375 0.288542 0.027343 0.049266
0 0.439063 0.280208 0.018876 0.02557
0 0.16875 0.2875 0.023461 0.030231
0 0.89375 0.310417 0.021618 0.02791
0 0.538281 0.336458 0.019552 0.024083
0 0.729688 0.361458 0.01894 0.025253
0 0.605469 0.417708 0.021141 0.030558
0 0.653906 0.448958 0.027287 0.039588
0 0.682031 0.45625 0.020046 0.026244
0 0.842187 0.539583 0.022673 0.031282
0 0.859375 0.547917 0.018354 0.025228
0 0.752344 0.701042 0.019733 0.025046
0 0.825 0.757292 0.034781 0.050052
0 0.559375 0.757292 0.021198 0.026257
0 0.501563 0.766667 0.024255 0.035228
0 0.042969 0.776042 0.019792 0.025321
0 0.892969 0.823958 0.019415 0.028306
0 0.849219 0.903125 0.022731 0.029504
0 0.403125 0.925 0.018773 0.023107
0 0.689844 0.928125 0.019558 0.02407
0 0.792969 0.988982 0.019792 0.022035