0 0.421875 0.020833 0.0211 0.027734
0 0.421094 0.064583 0.022254 0.031093
0 0.679688 0.146875 0.022309 0.032747
0 0.942187 0.194792 0.024496 0.029918
0 0.989044 0.236458 0.021912 0.028281
0 0.446094 0.295833 0.025379 0.051134
0 0.391406 0.321875 0.020666 0.028723
0 0.903125 0.35 0.024736 0.030494
0 0.333594 0.373958 0.024016 0.030071
0 0.185938 0.403125 0.02287 0.032981
0 0.509375 0.4375 0.022922 0.031445
0 0.784375 0.447917 0.020866 0.030437
0 0.554688 0.473958 0.021999 0.028864
0 0.314844 0.486458 0.018876 0.02557
0 0.391406 0.497917 0.021122 0.026093
0 0.688281 0.578125 0.028922 0.028369
0 0.196875 0.6625 0.021819 0.028356
0 0.846875 0.682292 0.021479 0.027243
0 0.717187 0.697917 0.025081 0.035435
0 0.469531 0.704167 0.022937 0.028155
0 0.826562 0.74375 0.02176 0.034547
0 0.538281 0.763542 0.02325 0.033147
0 0.105469 0.8125 0.023491 0.027306
0 0.96875 0.814583 0.018991 0.026389
0 0.101562 0.839583 0.027016 0.037416
0 0.260156 0.846875 0.023933 0.036696
0 0.153125 0.871875 0.030926 0.043161
0 0.878906 0.921875 0.020231 0.026656