0 0.611719 0.032292 0.026476 0.041301
0 0.910937 0.035417 0.028697 0.041086
0 0.703125 0.041667 0.019893 0.027596
0 0.175781 0.082292 0.017759 0.024215
0 0.640625 0.095833 0.019531 0.027421
0 0.246094 0.116667 0.026111 0.0512
0 0.595313 0.142708 0.020454 0.02833
0 0.342187 0.1625 0.021161 0.025349
0 0.621094 0.172917 0.021116 0.030583
0 0.242188 0.192708 0.019627 0.024405
0 0.0125 0.201042 0.019832 0.026443
0 0.903906 0.213542 0.020432 0.028638
0 0.480469 0.227083 0.022533 0.032838
0 0.4125 0.239583 0.027508 0.049144
0 0.811719 0.240625 0.026681 0.041345
0 0.514062 0.24375 0.03199 0.039062
0 0.696094 0.24375 0.022707 0.026328
0 0.310937 0.285417 0.033383 0.069873
0 0.117969 0.284375 0.022849 0.032869
0 0.942969 0.29375 0.031539 0.043776
0 0.916406 0.3 0.026779 0.031865
0 0.732812 0.347917 0.025472 0.034539
0 0.223438 0.369792 0.022959 0.032567
0 0.845313 0.367708 0.028951 0.029615
0 0.182031 0.377083 0.024679 0.030191
0 0.716406 0.397917 0.019925 0.025905
0 0.044531 0.413542 0.022519 0.029368
0 0.849219 0.417708 0.029369 0.035583
0 0.096875 0.416667 0.024652 0.030465
0 0.196875 0.466667 0.019429 0.026567
0 0.259375 0.502083 0.025611 0.031936
0 0.835938 0.501042 0.018876 0.02557
0 0.902344 0.508333 0.024418 0.030455
0 0.214062 0.523958 0.018773 0.023107
0 0.064844 0.528125 0.018756 0.022285
0 0.576562 0.558333 0.025511 0.032143
0 0.723437 0.597917 0.043514 0.063992
0 0.682031 0.592708 0.026671 0.041275
0 0.483594 0.613542 0.024886 0.03407
0 0.445312 0.626042 0.021542 0.027554
0 0.750781 0.636458 0.022756 0.02825
0 0.455469 0.65625 0.059065 0.052877
0 0.244531 0.666667 0.02306 0.029195
0 0.386719 0.688542 0.050044 0.035604
0 0.570312 0.685417 0.026577 0.031276
0 0.015625 0.692708 0.02537 0.032683
0 0.832812 0.704167 0.028181 0.039371
0 0.654687 0.732292 0.021408 0.02918
0 0.708594 0.755208 0.019531 0.027421
0 0.526563 0.760417 0.018374 0.028171
0 0.219531 0.79375 0.02018 0.026907
0 0.303906 0.805208 0.028158 0.034718
0 0.451562 0.828125 0.035547 0.039195
0 0.584375 0.871875 0.027266 0.035711
0 0.8625 0.884375 0.018442 0.024589
0 0.88125 0.8875 0.022393 0.030491
0 0.419531 0.898958 0.016702 0.023976
0 0.459375 0.922917 0.01892 0.026267
0 0.514844 0.932292 0.034246 0.043533
0 0.382812 0.929167 0.026712 0.033532
0 0.314844 0.932292 0.022039 0.026501
0 0.870313 0.957292 0.02537 0.032683
0 0.927344 0.965625 0.01998 0.028483
0 0.346875 0.979167 0.023471 0.0311