0 0.945312 0.054167 0.025961 0.051148
0 0.921094 0.088542 0.050037 0.052184
0 0.398438 0.084375 0.024038 0.035041
0 0.194531 0.104167 0.023569 0.034832
0 0.404687 0.114583 0.029967 0.033718
0 0.516406 0.136458 0.02716 0.036213
0 0.133594 0.183333 0.037078 0.039053
0 0.05 0.190625 0.026966 0.033171
0 0.367188 0.196875 0.027347 0.047101
0 0.214062 0.197917 0.02976 0.040807
0 0.405469 0.213542 0.018939 0.024442
0 0.447656 0.235417 0.022129 0.030969
0 0.70625 0.240625 0.025156 0.030503
0 0.320312 0.25625 0.0322 0.044447
0 0.554688 0.328125 0.057441 0.079149
0 0.98125 0.341667 0.026791 0.043192
0 0.1375 0.340625 0.018161 0.023679
0 0.338281 0.358333 0.029199 0.043395
0 0.664062 0.367708 0.017317 0.024011
0 0.260156 0.372917 0.019119 0.025492
0 0.295312 0.403125 0.026828 0.03127
0 0.796094 0.409375 0.027528 0.039637
0 0.338281 0.475 0.020231 0.026656
0 0.808594 0.482292 0.021267 0.029091
0 0.914062 0.490625 0.025784 0.037333
0 0.748437 0.508333 0.022796 0.034721
0 0.485938 0.539583 0.018342 0.027161
0 0.885938 0.570833 0.057532 0.058472
0 0.471875 0.579167 0.024095 0.033396
0 0.217969 0.597917 0.020627 0.027503
0 0.897656 0.601042 0.020566 0.026042
0 0.865625 0.611458 0.041692 0.041814
0 0.019531 0.60625 0.029747 0.031622
0 0.564063 0.60625 0.025219 0.029986
0 0.952344 0.672917 0.027586 0.030966
0 0.215625 0.732292 0.025323 0.037101
0 0.480469 0.748958 0.019792 0.025321
0 0.195312 0.798958 0.021542 0.027554
0 0.094531 0.823958 0.026107 0.033377
0 0.451562 0.864583 0.025781 0.032981
0 0.829688 0.865625 0.018096 0.024127
0 0.075781 0.878125 0.019714 0.027305
0 0.207031 0.8875 0.022129 0.030969
0 0.897656 0.953125 0.026148 0.038405