0 0.485938 0.017833 0.032926 0.035665
0 0.276562 0.175 0.033094 0.039928
0 0.457813 0.177083 0.020325 0.024095
0 0.674219 0.235417 0.193887 0.100732
0 0.214844 0.221875 0.01948 0.030303
0 0.438281 0.235417 0.018052 0.026078
0 0.135156 0.239583 0.021896 0.030747
0 0.573438 0.261458 0.023908 0.033445
0 0.222656 0.296875 0.029768 0.042566
0 0.415625 0.291667 0.020479 0.026286
0 0.175 0.304167 0.029746 0.031573
0 0.478125 0.335417 0.026031 0.03925
0 0.175781 0.3375 0.028155 0.030367
0 0.086719 0.34375 0.019633 0.024542
0 0.232031 0.382292 0.025982 0.041199
0 0.496875 0.419792 0.021222 0.032511
0 0.664062 0.422917 0.028387 0.035348
0 0.039844 0.436458 0.026299 0.033348
0 0.130469 0.510417 0.026263 0.031537
0 0.479687 0.555208 0.025857 0.028661
0 0.057031 0.569792 0.038358 0.033475
0 0.767188 0.623958 0.033707 0.034267
0 0.990048 0.635417 0.019903 0.034926
0 0.653906 0.661458 0.026577 0.031276
0 0.560156 0.707292 0.027239 0.033549
0 0.353906 0.757292 0.028225 0.038322
0 0.641406 0.78125 0.058147 0.082482
0 0.853125 0.765625 0.024483 0.035321
0 0.967969 0.78125 0.020627 0.027503
0 0.270313 0.795833 0.025018 0.030234
0 0.608594 0.85 0.02451 0.06355
0 0.246094 0.834375 0.021267 0.029091
0 0.348438 0.927083 0.026028 0.069799
0 0.535937 0.954167 0.030786 0.037316
0 0.332813 0.953125 0.021038 0.029672
0 0.307031 0.986223 0.02381 0.027553