0 0.496875 0.223958 0.028328 0.03102
0 0.510156 0.240625 0.022959 0.032567
0 0.927344 0.279167 0.023279 0.032757
0 0.1 0.29375 0.022868 0.029857
0 0.872656 0.369792 0.026083 0.03037
0 0.614062 0.377083 0.028145 0.036568
0 0.714063 0.388542 0.022664 0.023745
0 0.98125 0.428125 0.018008 0.02309
0 0.664844 0.446875 0.022828 0.027821
0 0.251563 0.559375 0.026623 0.028618
0 0.680469 0.570833 0.026395 0.032477
0 0.503125 0.567708 0.018008 0.02309
0 0.882031 0.58125 0.019638 0.024534
0 0.71875 0.588542 0.023345 0.03313
0 0.789844 0.615625 0.024229 0.027144
0 0.845313 0.628125 0.018442 0.024589
0 0.340625 0.633333 0.018008 0.02309
0 0.894531 0.640625 0.02186 0.033562
0 0.503906 0.657292 0.02606 0.030638
0 0.491406 0.683333 0.018784 0.026311
0 0.594531 0.719792 0.022303 0.032753
0 0.428125 0.738542 0.021575 0.028766
0 0.535937 0.791667 0.03568 0.040013
0 0.435937 0.825 0.024535 0.029481
0 0.314063 0.828125 0.022643 0.032905
0 0.860938 0.848958 0.018331 0.025253
0 0.557813 0.863542 0.021542 0.027554
0 0.569531 0.866667 0.023402 0.030544
0 0.840625 0.882292 0.017759 0.024215
0 0.539062 0.932292 0.027679 0.031706
0 0.441406 0.940625 0.019762 0.028269
0 0.946094 0.96875 0.019195 0.026357