0 0.110937 0.046875 0.019531 0.027421
0 0.358594 0.078125 0.019792 0.025321
0 0.457031 0.088542 0.018008 0.02309
0 0.660156 0.098958 0.021241 0.033391
0 0.380469 0.115625 0.025047 0.032127
0 0.982031 0.142708 0.020045 0.029423
0 0.396094 0.170833 0.023654 0.029634
0 0.122656 0.182292 0.026072 0.033599
0 0.859375 0.182292 0.019558 0.02407
0 0.728906 0.215625 0.023305 0.036814
0 0.392188 0.214583 0.024564 0.030774
0 0.380469 0.221875 0.022758 0.028319
0 0.763281 0.223958 0.020377 0.02459
0 0.372656 0.28125 0.017982 0.022269
0 0.158594 0.326042 0.025969 0.046021
0 0.589063 0.319792 0.021405 0.027443
0 0.285156 0.330208 0.022828 0.027821
0 0.715625 0.34375 0.022254 0.031093
0 0.035156 0.352083 0.025574 0.035632
0 0.483594 0.364583 0.019627 0.024405
0 0.986719 0.371875 0.023556 0.02766
0 0.171875 0.38125 0.027287 0.039588
0 0.724219 0.375 0.0201 0.026364
0 0.825781 0.384375 0.024393 0.038937
0 0.772656 0.389583 0.02018 0.026907
0 0.360938 0.410417 0.028914 0.031284
0 0.046094 0.4375 0.023344 0.031678
0 0.83125 0.45 0.019714 0.027305
0 0.928906 0.460417 0.020706 0.03042
0 0.201563 0.482292 0.02854 0.05748
0 0.438281 0.472917 0.024377 0.029518
0 0.79375 0.515625 0.02217 0.02922
0 0.416406 0.525 0.025837 0.030331
0 0.921875 0.530208 0.021188 0.030341
0 0.071094 0.532292 0.027381 0.030357
0 0.769531 0.532292 0.022781 0.032106
0 0.126562 0.542708 0.024329 0.033586
0 0.009217 0.541667 0.018434 0.027194
0 0.635938 0.547917 0.024584 0.031012
0 0.495312 0.558333 0.029481 0.042192
0 0.329688 0.55625 0.019992 0.026974
0 0.0125 0.584375 0.020441 0.025129
0 0.430469 0.585417 0.018787 0.026105
0 0.782031 0.597917 0.019733 0.025046
0 0.097656 0.608333 0.026107 0.033377
0 0.273438 0.610417 0.019558 0.02407
0 0.866406 0.613542 0.023718 0.029015
0 0.040625 0.628125 0.026389 0.034301
0 0.980469 0.626042 0.023097 0.028871
0 0.760156 0.642708 0.025058 0.034018
0 0.770312 0.648958 0.023661 0.028066
0 0.326562 0.669792 0.023394 0.042835
0 0.060937 0.680208 0.02729 0.041537
0 0.096094 0.679167 0.026274 0.039239
0 0.040625 0.676042 0.021575 0.028766
0 0.114844 0.691667 0.024038 0.035041
0 0.103906 0.697917 0.018991 0.026389
0 0.054688 0.704167 0.022878 0.033541
0 0.954688 0.704167 0.018304 0.026169
0 0.375781 0.720833 0.026 0.030914
0 0.192188 0.735417 0.025589 0.035797
0 0.496094 0.736458 0.026101 0.032719
0 0.592187 0.746875 0.025309 0.034228
0 0.055469 0.745833 0.019909 0.025929
0 0.28125 0.75625 0.021198 0.026257
0 0.511719 0.755208 0.01902 0.024748
0 0.736719 0.765625 0.026585 0.037539
0 0.646875 0.803125 0.026038 0.037543
0 0.792188 0.805208 0.018442 0.024589
0 0.632812 0.807292 0.017658 0.024165
0 0.683594 0.826042 0.022856 0.029993
0 0.614844 0.8375 0.030619 0.034873
0 0.782031 0.838542 0.029243 0.03786
0 0.147656 0.834375 0.019574 0.023676
0 0.458594 0.839583 0.019585 0.023836
0 0.398438 0.888542 0.030104 0.038186
0 0.975781 0.883333 0.02095 0.027383
0 0.842969 0.89375 0.020328 0.024087
0 0.279687 0.902083 0.025116 0.032498
0 0.713281 0.90625 0.019832 0.026443
0 0.964063 0.914583 0.02273 0.025968
0 0.857812 0.916667 0.021198 0.026257
0 0.797656 0.925 0.025048 0.026775
0 0.428906 0.930208 0.028944 0.032402
0 0.279687 0.942708 0.017317 0.024011
0 0.982812 0.945833 0.021141 0.030558
0 0.875781 0.969792 0.026251 0.035002
0 0.053125 0.986458 0.017759 0.024215