0 0.65 0.063542 0.045275 0.073028
0 0.364063 0.126042 0.017317 0.024011
0 0.471094 0.190625 0.021701 0.028014
0 0.374219 0.217708 0.028799 0.039223
0 0.799219 0.265625 0.046357 0.069665
0 0.592187 0.328125 0.031636 0.040182
0 0.199219 0.488542 0.03977 0.047428
0 0.803906 0.519792 0.019925 0.025905
0 0.807031 0.595833 0.019429 0.026567
0 0.754687 0.60625 0.028277 0.043649
0 0.613281 0.616667 0.025722 0.039898
0 0.942187 0.615625 0.027822 0.038672
0 0.108594 0.634375 0.024358 0.035193
0 0.477344 0.666667 0.020537 0.027934
0 0.435937 0.6875 0.043034 0.070257
0 0.855469 0.701042 0.022937 0.028155
0 0.164844 0.730208 0.020058 0.027568
0 0.864062 0.778125 0.036827 0.05712
0 0.71875 0.841667 0.017759 0.024215
0 0.553906 0.946875 0.022438 0.032662