0 0.671875 0.009793 0.018442 0.019586
0 0.197656 0.075 0.034884 0.046985
0 0.314063 0.104167 0.032823 0.042718
0 0.878906 0.104167 0.024588 0.035168
0 0.619531 0.125 0.032747 0.045521
0 0.5125 0.205208 0.023874 0.032174
0 0.707812 0.278125 0.018331 0.025253
0 0.016406 0.321875 0.030931 0.060501
0 0.6875 0.3375 0.030982 0.051815
0 0.559375 0.330208 0.021648 0.029332
0 0.613281 0.364583 0.051626 0.082217
0 0.575781 0.346875 0.025815 0.028335
0 0.653906 0.35625 0.026688 0.039159
0 0.172656 0.442708 0.022828 0.027821
0 0.261719 0.460417 0.032923 0.046408
0 0.125781 0.458333 0.025244 0.042941
0 0.314063 0.58125 0.024441 0.045978
0 0.228125 0.602083 0.025118 0.032496
0 0.695312 0.607292 0.026389 0.033598
0 0.219531 0.644792 0.026074 0.085434
0 0.492188 0.644792 0.018939 0.024442
0 0.2625 0.738542 0.035946 0.040638
0 0.50625 0.759375 0.043867 0.048534
0 0.603906 0.775 0.018999 0.02628
0 0.315625 0.875 0.027279 0.091686