0 0.397656 0.012585 0.019531 0.025169
0 0.063281 0.028125 0.023319 0.029672
0 0.889844 0.036458 0.019876 0.029385
0 0.434375 0.039583 0.027461 0.03012
0 0.529687 0.053125 0.018048 0.02325
0 0.632031 0.080208 0.024951 0.060465
0 0.83125 0.1375 0.055278 0.14277
0 0.186719 0.104167 0.022401 0.028471
0 0.008629 0.163542 0.017258 0.028277
0 0.847656 0.236458 0.023906 0.095838
0 0.525781 0.213542 0.023319 0.029672
0 0.789844 0.238542 0.01998 0.028483
0 0.817187 0.253125 0.017982 0.022269
0 0.835156 0.289583 0.030031 0.040041
0 0.254688 0.295833 0.021972 0.031659
0 0.470313 0.301042 0.032289 0.033887
0 0.799219 0.348958 0.068507 0.123146
0 0.603125 0.389583 0.023307 0.04284
0 0.157031 0.409375 0.021122 0.026093
0 0.225 0.429167 0.023556 0.02766
0 0.969531 0.436458 0.017438 0.024063
0 0.491406 0.571875 0.02154 0.031643
0 0.610938 0.594792 0.020945 0.028672
0 0.148438 0.608333 0.021701 0.028014
0 0.585938 0.617708 0.021542 0.027554
0 0.125781 0.621875 0.023097 0.028871
0 0.561719 0.659375 0.055591 0.073084
0 0.560156 0.678125 0.02904 0.030331
0 0.2875 0.708333 0.023413 0.039803
0 0.483594 0.738542 0.023781 0.028969
0 0.183594 0.74375 0.02095 0.027383
0 0.411719 0.745833 0.020046 0.026244
0 0.014844 0.814583 0.026105 0.0312
0 0.250781 0.844792 0.021267 0.029091
0 0.346875 0.855208 0.021447 0.032454
0 0.329688 0.938542 0.021701 0.028014
0 0.572656 0.987795 0.019925 0.024411