0 0.497656 0.040625 0.019925 0.025905
0 0.284375 0.117708 0.01902 0.024748
0 0.513281 0.153125 0.019543 0.023126
0 0.834375 0.183333 0.021946 0.026299
0 0.2625 0.235417 0.024209 0.038794
0 0.980469 0.276042 0.024326 0.027335
0 0.249219 0.285417 0.024708 0.030761
0 0.567969 0.346875 0.019925 0.025905
0 0.667188 0.354167 0.023856 0.034731
0 0.378125 0.353125 0.022346 0.029794
0 0.948438 0.492708 0.018442 0.024589
0 0.232813 0.571875 0.03967 0.137545
0 0.134375 0.566667 0.022129 0.030969
0 0.610156 0.590625 0.022245 0.028848
0 0.9875 0.604167 0.020866 0.030437
0 0.564844 0.616667 0.025918 0.029193
0 0.246094 0.622917 0.023778 0.030992
0 0.222656 0.640625 0.019609 0.026145
0 0.610938 0.645833 0.025552 0.033182
0 0.35 0.68125 0.020058 0.027568
0 0.100781 0.73125 0.030134 0.039147
0 0.6875 0.73125 0.02278 0.034774
0 0.267969 0.745833 0.022828 0.027821
0 0.299219 0.78125 0.020422 0.025409
0 0.432031 0.797917 0.028393 0.032
0 0.346875 0.807292 0.02143 0.027648
0 0.250781 0.815625 0.019543 0.023126
0 0.313281 0.866667 0.022815 0.027608
0 0.544531 0.896875 0.021405 0.027443
0 0.395313 0.987468 0.024291 0.025063