0 0.635938 0.028125 0.022111 0.032714
0 0.05 0.036458 0.020666 0.028723
0 0.239844 0.0375 0.01971 0.025332
0 0.653125 0.055208 0.022643 0.032905
0 0.021875 0.064583 0.017982 0.022269
0 0.816406 0.075 0.02306 0.029195
0 0.739844 0.077083 0.017301 0.024027
0 0.109375 0.089583 0.023786 0.032659
0 0.653125 0.088542 0.02101 0.028935
0 0.60625 0.103125 0.027729 0.032708
0 0.310937 0.114583 0.020358 0.032306
0 0.10625 0.121875 0.025781 0.037005
0 0.450781 0.115625 0.018939 0.024442
0 0.661719 0.119792 0.022643 0.032905
0 0.982812 0.13125 0.01733 0.02503
0 0.760156 0.135417 0.020058 0.027568
0 0.405469 0.15 0.022111 0.032714
0 0.55625 0.153125 0.022187 0.036544
0 0.659375 0.157292 0.024565 0.029737
0 0.2875 0.164583 0.025191 0.02884
0 0.132812 0.178125 0.018773 0.023107
0 0.485938 0.183333 0.018008 0.02309
0 0.794531 0.2 0.018828 0.03022
0 0.114844 0.222917 0.024336 0.03118
0 0.460156 0.227083 0.02537 0.030289
0 0.666406 0.24375 0.046912 0.03406
0 0.307812 0.259375 0.021645 0.030804
0 0.444531 0.261458 0.019792 0.025321
0 0.596875 0.266667 0.019119 0.025492
0 0.728906 0.279167 0.022647 0.031157
0 0.1625 0.288542 0.036719 0.041563
0 0.092188 0.280208 0.018331 0.025253
0 0.244531 0.302083 0.02253 0.034609
0 0.378906 0.297917 0.019925 0.025905
0 0.528906 0.301042 0.022883 0.028677
0 0.520312 0.315625 0.021816 0.032581
0 0.690625 0.344792 0.019119 0.025492
0 0.154688 0.359375 0.022254 0.02805
0 0.876563 0.359375 0.021648 0.029332
0 0.392188 0.365625 0.018561 0.025359
0 0.899219 0.375 0.0184 0.026183
0 0.127344 0.419792 0.021878 0.023148
0 0.677344 0.419792 0.01875 0.023958
0 0.688281 0.422917 0.018999 0.02628
0 0.675781 0.451042 0.020147 0.028452
0 0.827344 0.465625 0.018048 0.02325
0 0.264844 0.505208 0.019792 0.025321
0 0.585156 0.539583 0.028185 0.057389
0 0.108594 0.542708 0.03218 0.050461
0 0.042188 0.555208 0.025002 0.031555
0 0.596094 0.557292 0.022017 0.028277
0 0.464062 0.576042 0.027447 0.031709
0 0.83125 0.584375 0.020777 0.028524
0 0.591406 0.592708 0.022633 0.032689
0 0.34375 0.601042 0.025793 0.029207
0 0.954688 0.614583 0.026 0.030914
0 0.478906 0.63125 0.019925 0.025905
0 0.258594 0.644792 0.035491 0.044891
0 0.039062 0.647917 0.023906 0.033448
0 0.439063 0.64375 0.024247 0.026365
0 0.602344 0.647917 0.019429 0.026567
0 0.201563 0.659375 0.027289 0.038142
0 0.726562 0.659375 0.026843 0.034125
0 0.41875 0.659375 0.025243 0.032454
0 0.813281 0.663542 0.021546 0.027548
0 0.835938 0.667708 0.021198 0.026257
0 0.538281 0.707292 0.031639 0.036065
0 0.217969 0.70625 0.024233 0.028169
0 0.407813 0.721875 0.02549 0.03916
0 0.514062 0.721875 0.018939 0.024442
0 0.83125 0.732292 0.021999 0.028864
0 0.572656 0.754167 0.023597 0.02855
0 0.802344 0.752083 0.020231 0.026656
0 0.614844 0.758333 0.028761 0.037014
0 0.759375 0.758333 0.025086 0.031874
0 0.241406 0.761458 0.019693 0.028264
0 0.255469 0.811458 0.026913 0.04904
0 0.825 0.842708 0.022643 0.032905
0 0.914844 0.84375 0.0201 0.026364
0 0.192969 0.858333 0.019792 0.025321
0 0.926562 0.86875 0.021949 0.026392
0 0.427344 0.86875 0.019925 0.025905
0 0.04375 0.873958 0.025058 0.034018
0 0.740625 0.877083 0.021653 0.030795
0 0.459375 0.884375 0.022309 0.032747
0 0.486719 0.896875 0.020736 0.028573
0 0.144531 0.902083 0.02253 0.034609
0 0.013281 0.902083 0.020341 0.025073
0 0.367188 0.904167 0.019556 0.027142
0 0.023438 0.932292 0.026107 0.033377
0 0.364844 0.932292 0.019574 0.023676
0 0.378906 0.935417 0.026107 0.033377
0 0.555469 0.961458 0.019733 0.025046
0 0.428906 0.970833 0.024835 0.031146
0 0.651563 0.977083 0.018331 0.025253
0 0.853906 0.983333 0.02018 0.026907