0 0.952344 0.01724 0.02213 0.03448
0 0.674219 0.067708 0.027324 0.034285
0 0.252344 0.098958 0.027538 0.039276
0 0.935156 0.102083 0.024038 0.035041
0 0.758594 0.214583 0.032997 0.03913
0 0.298438 0.254167 0.018384 0.029201
0 0.48125 0.320833 0.026491 0.032644
0 0.849219 0.452083 0.025149 0.035616
0 0.438281 0.613542 0.018048 0.02325
0 0.479687 0.683333 0.036581 0.058814
0 0.819531 0.742708 0.038427 0.03579
0 0.290625 0.753125 0.026038 0.037543
0 0.360156 0.794792 0.029787 0.041177
0 0.48125 0.897917 0.028917 0.043857
0 0.319531 0.904167 0.019893 0.027596
0 0.569531 0.917708 0.026823 0.032782