0 0.516406 0.010577 0.023958 0.021154
0 0.991082 0.032292 0.017836 0.026244
0 0.1875 0.046875 0.024946 0.031337
0 0.376563 0.051042 0.021408 0.02918
0 0.977344 0.071875 0.023996 0.030103
0 0.501563 0.078125 0.019119 0.025492
0 0.278125 0.089583 0.022828 0.027821
0 0.017969 0.102083 0.023607 0.028741
0 0.032813 0.126042 0.025162 0.028969
0 0.150781 0.132292 0.027813 0.040001
0 0.139844 0.160417 0.021887 0.025097
0 0.066406 0.201042 0.023139 0.033697
0 0.973437 0.202083 0.021116 0.030583
0 0.8875 0.202083 0.021701 0.028014
0 0.645312 0.208333 0.022725 0.033819
0 0.560156 0.21875 0.019638 0.024534
0 0.767969 0.225 0.023493 0.032412
0 0.959375 0.223958 0.021924 0.029232
0 0.734375 0.246875 0.025548 0.037392
0 0.476562 0.242708 0.01802 0.023067
0 0.610938 0.277083 0.022861 0.027439
0 0.81875 0.305208 0.021885 0.028544
0 0.301563 0.314583 0.023908 0.033445
0 0.879687 0.320833 0.021653 0.030795
0 0.200781 0.319792 0.020416 0.025301
0 0.161719 0.326042 0.021447 0.032454
0 0.707812 0.334375 0.02512 0.028147
0 0.267188 0.359375 0.025131 0.037069
0 0.54375 0.366667 0.02464 0.031651
0 0.791406 0.397917 0.025219 0.029986
0 0.046875 0.397917 0.021112 0.025088
0 0.535156 0.417708 0.023048 0.033058
0 0.383594 0.427083 0.024573 0.035298
0 0.884375 0.438542 0.017317 0.024011
0 0.457813 0.455208 0.023933 0.036696
0 0.252344 0.467708 0.03325 0.040952
0 0.971875 0.465625 0.024652 0.030465
0 0.773438 0.472917 0.022129 0.030969
0 0.272656 0.480208 0.025856 0.028595
0 0.660156 0.492708 0.018939 0.024442
0 0.249219 0.501042 0.020666 0.028723
0 0.810156 0.498958 0.019638 0.024534
0 0.370312 0.503125 0.028308 0.031376
0 0.532031 0.513542 0.020664 0.032451
0 0.219531 0.515625 0.022883 0.028677
0 0.40625 0.528125 0.021885 0.028544
0 0.709375 0.548958 0.030735 0.033375
0 0.5875 0.5625 0.026813 0.037234
0 0.599219 0.558333 0.0201 0.026364
0 0.146875 0.563542 0.019693 0.024852
0 0.596875 0.584375 0.027461 0.03012
0 0.99214 0.5875 0.01572 0.024442
0 0.7125 0.625 0.022796 0.034721
0 0.295312 0.623958 0.021971 0.029612
0 0.600781 0.628125 0.019925 0.025905
0 0.153906 0.647917 0.025984 0.029621
0 0.875 0.651042 0.021095 0.032525
0 0.123438 0.666667 0.026274 0.039239
0 0.444531 0.661458 0.022756 0.02825
0 0.710938 0.664583 0.021796 0.030069
0 0.610938 0.664583 0.022152 0.027355
0 0.364063 0.677083 0.02516 0.035307
0 0.70625 0.695833 0.025984 0.029621
0 0.752344 0.713542 0.023103 0.02886
0 0.232031 0.738542 0.026308 0.031809
0 0.685937 0.74375 0.025345 0.030561
0 0.698438 0.777083 0.028179 0.033411
0 0.619531 0.779167 0.024588 0.035168
0 0.802344 0.783333 0.021116 0.030583
0 0.461719 0.786458 0.020147 0.028452
0 0.945312 0.785417 0.021949 0.026392
0 0.682031 0.791667 0.024076 0.032101
0 0.197656 0.8 0.026273 0.033081
0 0.977344 0.807292 0.017438 0.024063
0 0.304688 0.820833 0.052443 0.039986
0 0.808594 0.823958 0.020517 0.029536
0 0.341406 0.835417 0.022876 0.031243
0 0.64375 0.847917 0.018773 0.023107
0 0.35 0.848958 0.018096 0.024127
0 0.682031 0.892708 0.022558 0.029051
0 0.975 0.895833 0.021362 0.02664
0 0.15 0.905208 0.029922 0.032895
0 0.872656 0.939583 0.022376 0.031057
0 0.516406 0.94375 0.026796 0.034437
0 0.285156 0.946875 0.01998 0.028483
0 0.5875 0.975 0.022731 0.029504
0 0.219531 0.985417 0.020341 0.025073
0 0.586719 0.986458 0.019925 0.025905