0 0.216406 0.029167 0.020627 0.027503
0 0.873437 0.216667 0.021653 0.030795
0 0.813281 0.34375 0.020412 0.025429
0 0.952344 0.352083 0.025957 0.03004
0 0.482031 0.392708 0.024853 0.037187
0 0.672656 0.470833 0.018999 0.02628
0 0.379688 0.491667 0.022365 0.0337
0 0.554688 0.504167 0.02632 0.039192
0 0.371094 0.5375 0.020231 0.026656
0 0.927344 0.546875 0.020596 0.037549
0 0.423438 0.595833 0.021203 0.030662
0 0.421875 0.632292 0.021989 0.028877
0 0.674219 0.636458 0.020935 0.028889
0 0.671875 0.757292 0.022479 0.030881
0 0.1125 0.776042 0.022006 0.030167
0 0.765625 0.828125 0.021971 0.029612
0 0.048438 0.854167 0.024733 0.030499
0 0.740625 0.863542 0.023319 0.029672
0 0.944531 0.879167 0.025806 0.027353
0 0.752344 0.883333 0.019429 0.026567
0 0.929688 0.890625 0.021172 0.028874
0 0.425 0.936458 0.024436 0.029089
0 0.378125 0.945833 0.019195 0.026357
0 0.435156 0.952083 0.019925 0.025905