0 0.244531 0.026042 0.019627 0.024405
0 0.195312 0.029167 0.020341 0.025073
0 0.630469 0.136458 0.021172 0.028874
0 0.342969 0.153125 0.020046 0.026244
0 0.810937 0.189583 0.017721 0.025103
0 0.414062 0.2 0.018999 0.02628
0 0.249219 0.233333 0.024512 0.033827
0 0.605469 0.258333 0.032156 0.033302
0 0.785937 0.295833 0.028818 0.03484
0 0.296094 0.353125 0.023878 0.029636
0 0.333594 0.366667 0.022656 0.031302
0 0.730469 0.397917 0.025379 0.035044
0 0.214844 0.498958 0.02276 0.031984
0 0.280469 0.576042 0.022675 0.027132
0 0.474219 0.591667 0.019558 0.02407
0 0.628125 0.59375 0.018354 0.025228
0 0.208594 0.632292 0.017317 0.024011
0 0.501563 0.707292 0.018331 0.025253
0 0.95 0.715625 0.018096 0.024127
0 0.039062 0.748958 0.018442 0.024589
0 0.571875 0.785417 0.021479 0.027243
0 0.204687 0.817708 0.024736 0.030494
0 0.119531 0.828125 0.030799 0.038928
0 0.638281 0.826042 0.023162 0.029482
0 0.127344 0.858333 0.021198 0.026257
0 0.767188 0.916667 0.018048 0.02325
0 0.552344 0.963542 0.019733 0.025046