0 0.182031 0.028125 0.023345 0.03313
0 0.958594 0.102083 0.025004 0.025114
0 0.834375 0.114583 0.021198 0.026257
0 0.222656 0.127083 0.025243 0.032454
0 0.710156 0.1375 0.024371 0.03362
0 0.491406 0.148958 0.022874 0.032977
0 0.760156 0.209375 0.025695 0.03914
0 0.190625 0.2375 0.02537 0.032683
0 0.854688 0.333333 0.027227 0.055279
0 0.960156 0.34375 0.020801 0.028133
0 0.753906 0.373958 0.027468 0.032673
0 0.025 0.447917 0.022707 0.026328
0 0.611719 0.4625 0.025574 0.035632
0 0.399219 0.542708 0.025307 0.033133
0 0.721875 0.761458 0.034521 0.033375
0 0.067187 0.773958 0.018442 0.024589
0 0.759375 0.814583 0.021653 0.030795
0 0.207031 0.826042 0.019693 0.024852
0 0.061719 0.920833 0.02397 0.033798