0 0.545312 0.057292 0.021658 0.029319
0 0.1625 0.08125 0.0184 0.026183
0 0.971094 0.105208 0.030001 0.037085
0 0.4875 0.128125 0.021556 0.031475
0 0.391406 0.139583 0.022711 0.029656
0 0.821875 0.166667 0.021247 0.027272
0 0.441406 0.173958 0.023951 0.036884
0 0.515625 0.216667 0.021241 0.033391
0 0.901563 0.225 0.020866 0.030437
0 0.974219 0.225 0.023583 0.030562
0 0.092969 0.26875 0.022519 0.029368
0 0.603125 0.276042 0.020666 0.028723
0 0.710938 0.290625 0.023666 0.033336
0 0.739844 0.302083 0.027891 0.033137
0 0.129688 0.30625 0.023198 0.034888
0 0.288281 0.335417 0.023931 0.031351
0 0.180469 0.34375 0.02229 0.030836
0 0.103906 0.355208 0.020328 0.024087
0 0.4125 0.35625 0.021122 0.026093
0 0.2 0.391667 0.021198 0.026257
0 0.235937 0.40625 0.025022 0.026377
0 0.910937 0.423958 0.018561 0.025359
0 0.492969 0.440625 0.025183 0.040933
0 0.689844 0.435417 0.022768 0.026762
0 0.539062 0.452083 0.021645 0.030804
0 0.117188 0.453125 0.025095 0.028633
0 0.398438 0.504167 0.026281 0.032051
0 0.771875 0.515625 0.022796 0.034721
0 0.263281 0.540625 0.024898 0.035495
0 0.934375 0.534375 0.017759 0.024215
0 0.746094 0.560417 0.01875 0.023958
0 0.228906 0.563542 0.01902 0.024748
0 0.084375 0.576042 0.022447 0.02875
0 0.315625 0.589583 0.024024 0.034748
0 0.790625 0.605208 0.022553 0.048985
0 0.519531 0.608333 0.02253 0.034609
0 0.697656 0.6125 0.022376 0.031057
0 0.722656 0.626042 0.025008 0.027148
0 0.28125 0.645833 0.024291 0.029293
0 0.480469 0.664583 0.023319 0.029672
0 0.816406 0.68125 0.019446 0.026546
0 0.809375 0.7 0.030334 0.036545
0 0.907813 0.732292 0.023654 0.029634
0 0.191406 0.776042 0.023847 0.0333
0 0.463281 0.810417 0.026416 0.034181
0 0.158594 0.810417 0.022912 0.031456
0 0.264844 0.810417 0.01875 0.022917
0 0.825 0.811458 0.018442 0.024589
0 0.292187 0.839583 0.024224 0.033196
0 0.445312 0.872917 0.022558 0.029051
0 0.067187 0.877083 0.030735 0.033375
0 0.692969 0.908333 0.023198 0.034888
0 0.103906 0.91875 0.018756 0.022285
0 0.88125 0.935417 0.019119 0.025492
0 0.786719 0.959375 0.023511 0.028281