0 0.072656 0.013065 0.026124 0.02613
0 0.878125 0.042708 0.018048 0.02325
0 0.421875 0.053125 0.01902 0.024748
0 0.985156 0.108333 0.020092 0.030397
0 0.485156 0.130208 0.023668 0.036768
0 0.116406 0.19375 0.025853 0.032508
0 0.133594 0.198958 0.020147 0.028452
0 0.835938 0.234375 0.021058 0.04067
0 0.053125 0.234375 0.04067 0.032588
0 0.022656 0.236458 0.023744 0.028698
0 0.380469 0.258333 0.022796 0.034721
0 0.703125 0.290625 0.021924 0.029232
0 0.591406 0.296875 0.018846 0.02378
0 0.135937 0.3125 0.019429 0.026567
0 0.59375 0.327083 0.025311 0.034703
0 0.602344 0.336458 0.016714 0.025008
0 0.474219 0.359375 0.021267 0.029091
0 0.735156 0.365625 0.022231 0.036545
0 0.402344 0.369792 0.01875 0.023958
0 0.767188 0.389583 0.026035 0.039711
0 0.380469 0.402083 0.021816 0.032581
0 0.960938 0.402083 0.021339 0.026862
0 0.321094 0.419792 0.023781 0.028969
0 0.8875 0.455208 0.021049 0.031547
0 0.467187 0.561458 0.026624 0.028684
0 0.330469 0.582292 0.022227 0.031837
0 0.310156 0.608333 0.023906 0.033448
0 0.454688 0.61875 0.021701 0.028014
0 0.880469 0.676042 0.01998 0.028483
0 0.367969 0.70625 0.029249 0.042953
0 0.233594 0.721875 0.023015 0.059382
0 0.407031 0.714583 0.027827 0.041327
0 0.425781 0.717708 0.033775 0.042035
0 0.454688 0.73125 0.033626 0.030098
0 0.271875 0.75 0.024454 0.042937
0 0.242188 0.754167 0.03224 0.033276
0 0.430469 0.754167 0.02693 0.036856
0 0.340625 0.766667 0.03345 0.049425
0 0.192188 0.782292 0.022996 0.028271
0 0.347656 0.808333 0.031642 0.055658
0 0.249219 0.80625 0.0184 0.026183
0 0.865625 0.809375 0.018939 0.024442
0 0.410938 0.81875 0.039849 0.027469
0 0.273438 0.836458 0.026455 0.04092
0 0.88125 0.88125 0.022996 0.028271
0 0.533594 0.9125 0.022778 0.034777
0 0.414844 0.914583 0.027784 0.032654
0 0.339062 0.933333 0.02676 0.045036
0 0.28125 0.934375 0.024491 0.029049
0 0.195312 0.944792 0.022346 0.029794
0 0.185156 0.947917 0.021727 0.031708
0 0.46875 0.954167 0.022937 0.028155
0 0.76875 0.9625 0.024436 0.029089
0 0.38125 0.96875 0.018756 0.022285
0 0.125781 0.982292 0.026623 0.028618