0 0.10625 0.046875 0.024371 0.028101
0 0.595313 0.076042 0.026264 0.039829
0 0.035937 0.089583 0.021339 0.026862
0 0.317188 0.110417 0.033998 0.03766
0 0.376563 0.114583 0.022152 0.027355
0 0.697656 0.138542 0.024095 0.033396
0 0.032031 0.15625 0.021448 0.030739
0 0.104688 0.222917 0.021653 0.030795
0 0.190625 0.238542 0.018442 0.024589
0 0.116406 0.255208 0.022017 0.028277
0 0.554688 0.273958 0.026083 0.03037
0 0.513281 0.333333 0.022977 0.055231
0 0.690625 0.327083 0.020938 0.027401
0 0.194531 0.330208 0.026249 0.031562
0 0.764844 0.341667 0.021119 0.029767
0 0.330469 0.364583 0.019909 0.025929
0 0.538281 0.415625 0.019972 0.028419
0 0.447656 0.45 0.023245 0.030258
0 0.61875 0.458333 0.021946 0.026299
0 0.861719 0.48125 0.044957 0.050395
0 0.35625 0.4875 0.024459 0.028776
0 0.616406 0.505208 0.019792 0.025321
0 0.680469 0.527083 0.019627 0.024405
0 0.320312 0.532292 0.018442 0.024589
0 0.401562 0.546875 0.028882 0.047146
0 0.657031 0.5375 0.0184 0.026183
0 0.403125 0.591667 0.019119 0.025492
0 0.453906 0.688542 0.022996 0.028271
0 0.809375 0.698958 0.020774 0.032412
0 0.580469 0.707292 0.022756 0.02825
0 0.934375 0.746875 0.018442 0.024589
0 0.045312 0.771875 0.0211 0.027734
0 0.010474 0.809375 0.020947 0.049052
0 0.832812 0.814583 0.024897 0.032298
0 0.946094 0.825 0.021264 0.026134
0 0.496875 0.830208 0.022152 0.027355
0 0.357031 0.859375 0.050094 0.039911
0 0.163281 0.967708 0.021161 0.025349
0 0.059375 0.982292 0.022325 0.028159
0 0.516406 0.982292 0.01998 0.028483
0 0.665625 0.982292 0.022945 0.028916
0 0.085938 0.984545 0.021787 0.030911