0 0.723437 0.094792 0.02461 0.03379
0 0.651563 0.13125 0.024663 0.031259
0 0.846875 0.144792 0.017317 0.024011
0 0.371094 0.165625 0.041849 0.051879
0 0.060156 0.164583 0.019683 0.026728
0 0.416406 0.1875 0.020134 0.027719
0 0.307812 0.196875 0.01902 0.024748
0 0.019531 0.204167 0.020341 0.025073
0 0.145313 0.208333 0.029509 0.035827
0 0.809375 0.253125 0.022138 0.032503
0 0.051562 0.273958 0.027 0.031907
0 0.582812 0.284375 0.024043 0.032841
0 0.892188 0.314583 0.021508 0.03051
0 0.682031 0.319792 0.026624 0.028684
0 0.803125 0.351042 0.021038 0.029672
0 0.657813 0.372917 0.020432 0.028638
0 0.074219 0.410417 0.029369 0.035583
0 0.6 0.441667 0.021264 0.026134
0 0.710938 0.44375 0.022376 0.031057
0 0.54375 0.459375 0.021122 0.031275
0 0.210156 0.471875 0.019543 0.023126
0 0.197656 0.490625 0.040394 0.051889
0 0.399219 0.485417 0.020566 0.026042
0 0.882812 0.496875 0.019543 0.023126
0 0.338281 0.55 0.022445 0.031649
0 0.009581 0.553125 0.019162 0.023676
0 0.091406 0.663542 0.025414 0.033885
0 0.092188 0.71875 0.018939 0.024442
0 0.675 0.78125 0.025594 0.03579
0 0.575781 0.804167 0.021816 0.032581
0 0.414062 0.822917 0.024641 0.032044
0 0.363281 0.852083 0.017337 0.025026
0 0.463281 0.89375 0.024045 0.035033
0 0.574219 0.954167 0.028823 0.044692