0 0.910156 0.0375 0.0184 0.026183
0 0.034375 0.088542 0.024679 0.030191
0 0.152344 0.142708 0.018921 0.024472
0 0.13125 0.175 0.021259 0.029733
0 0.289062 0.229167 0.057469 0.053746
0 0.748437 0.236458 0.029941 0.041906
0 0.39375 0.279167 0.031237 0.039545
0 0.511719 0.302083 0.0223 0.028345
0 0.017969 0.36875 0.023325 0.031295
0 0.652344 0.375 0.023063 0.030344
0 0.526563 0.386458 0.01902 0.024748
0 0.067187 0.398958 0.022689 0.025403
0 0.396875 0.409375 0.024436 0.029089
0 0.69375 0.460417 0.057983 0.074359
0 0.242188 0.448958 0.035263 0.050537
0 0.433594 0.457292 0.029952 0.038191
0 0.222656 0.486458 0.031753 0.045036
0 0.853125 0.4875 0.029222 0.039412
0 0.202344 0.501042 0.024878 0.035954
0 0.35 0.5125 0.028371 0.034763
0 0.665625 0.534375 0.030859 0.036589
0 0.332813 0.611458 0.024897 0.032298
0 0.478125 0.658333 0.028635 0.036202
0 0.15 0.671875 0.034569 0.035192
0 0.5875 0.68125 0.034149 0.038809
0 0.626563 0.695833 0.020091 0.02753
0 0.091406 0.733333 0.020697 0.026524
0 0.035156 0.776042 0.020058 0.027568
0 0.7875 0.809375 0.029355 0.03426
0 0.869531 0.828125 0.023878 0.029636
0 0.926562 0.832292 0.018342 0.027161
0 0.634375 0.842708 0.051754 0.042965
0 0.582812 0.86875 0.028208 0.042723
0 0.089844 0.878125 0.019627 0.024405
0 0.123438 0.883333 0.022937 0.028155
0 0.277344 0.927083 0.029369 0.035583
0 0.255469 0.927083 0.022047 0.026945
0 0.676562 0.958333 0.024934 0.036904
0 0.919531 0.973801 0.033892 0.052398