0 0.385156 0.038542 0.04695 0.03751
0 0.067969 0.054167 0.019683 0.026728
0 0.792188 0.1 0.021362 0.02664
0 0.476562 0.325 0.018048 0.02325
0 0.264844 0.359375 0.028226 0.032566
0 0.079687 0.434375 0.021203 0.030662
0 0.310937 0.455208 0.02197 0.032388
0 0.978125 0.46875 0.018991 0.026389
0 0.350781 0.482292 0.019633 0.024542
0 0.41875 0.51875 0.026071 0.039357
0 0.979688 0.51875 0.031775 0.039194
0 0.715625 0.521875 0.01902 0.024748
0 0.525781 0.546875 0.029928 0.041663
0 0.052344 0.567708 0.018773 0.023107
0 0.850781 0.575 0.029407 0.039807
0 0.779687 0.598958 0.018331 0.025253
0 0.25625 0.626042 0.061408 0.073884
0 0.110156 0.702083 0.02676 0.037976
0 0.935937 0.715625 0.018161 0.023679
0 0.758594 0.748958 0.042998 0.052453
0 0.017969 0.96875 0.019531 0.027421
0 0.5625 0.976042 0.029625 0.0353