0 0.072656 0.058333 0.020422 0.025409
0 0.734375 0.077083 0.027563 0.031327
0 0.795312 0.096875 0.021228 0.032366
0 0.407813 0.11875 0.021443 0.029582
0 0.551562 0.201042 0.021989 0.028877
0 0.807813 0.201042 0.021339 0.026862
0 0.917188 0.20625 0.02237 0.031064
0 0.445312 0.260417 0.027381 0.030357
0 0.278906 0.269792 0.019792 0.025321
0 0.332813 0.302083 0.025219 0.029986
0 0.95625 0.391667 0.027394 0.028703
0 0.635938 0.410417 0.021314 0.02663
0 0.971094 0.420833 0.044553 0.035963
0 0.642188 0.419792 0.018367 0.028175
0 0.3 0.43125 0.028155 0.030367
0 0.175 0.433333 0.023491 0.027306
0 0.355469 0.4375 0.019992 0.026974
0 0.571875 0.442708 0.024404 0.037062
0 0.646094 0.461458 0.023475 0.026349
0 0.860156 0.483333 0.029956 0.037903
0 0.421875 0.505208 0.024811 0.03503
0 0.674219 0.505208 0.019693 0.028264
0 0.980469 0.507292 0.019119 0.025492
0 0.024219 0.54375 0.026041 0.030394
0 0.811719 0.564583 0.027652 0.042906
0 0.414844 0.6 0.022922 0.031445
0 0.44375 0.607292 0.022643 0.032905
0 0.382812 0.614583 0.022673 0.031282
0 0.65625 0.623958 0.024652 0.030465
0 0.724219 0.640625 0.022489 0.033625
0 0.194531 0.645833 0.021978 0.027245
0 0.623437 0.680208 0.024079 0.030374
0 0.613281 0.702083 0.020231 0.026656
0 0.26875 0.725 0.024076 0.032101
0 0.4625 0.782292 0.022438 0.032662
0 0.761719 0.7875 0.025589 0.035797
0 0.260937 0.794792 0.027799 0.035009
0 0.85 0.910417 0.024954 0.042965
0 0.053906 0.903125 0.018846 0.02378
0 0.538281 0.905208 0.024336 0.03118
0 0.310937 0.94375 0.018304 0.026169
0 0.242969 0.955208 0.020676 0.026744