0 0.467969 0.021875 0.02486 0.031
0 0.223438 0.03125 0.019531 0.027421
0 0.088281 0.046875 0.018153 0.026097
0 0.132812 0.048958 0.020454 0.02833
0 0.425 0.109375 0.021524 0.031658
0 0.332813 0.134375 0.023097 0.028871
0 0.448437 0.139583 0.021796 0.030069
0 0.520312 0.145833 0.021791 0.032651
0 0.095312 0.16875 0.021112 0.025088
0 0.464844 0.240625 0.019792 0.025321
0 0.177344 0.288542 0.02101 0.028935
0 0.028906 0.328125 0.020566 0.026042
0 0.679688 0.329167 0.0184 0.026183
0 0.993056 0.34375 0.013888 0.026183
0 0.978906 0.375 0.020647 0.026788
0 0.107031 0.394792 0.023615 0.03322
0 0.591406 0.398958 0.024016 0.030071
0 0.395313 0.401042 0.025047 0.032127
0 0.4125 0.405208 0.028248 0.041561
0 0.279687 0.403125 0.018442 0.024589
0 0.314063 0.408333 0.022979 0.034747
0 0.203906 0.420833 0.021902 0.033353
0 0.978906 0.41875 0.019119 0.025492
0 0.384375 0.44375 0.026155 0.036189
0 0.666406 0.484375 0.02325 0.033147
0 0.289062 0.526042 0.021222 0.032511
0 0.077344 0.53125 0.020422 0.025409
0 0.527344 0.541667 0.022129 0.030969
0 0.370312 0.546875 0.01902 0.024748
0 0.847656 0.552083 0.025056 0.029313
0 0.95 0.560417 0.024679 0.030191
0 0.011361 0.575 0.022722 0.034832
0 0.70625 0.572917 0.024436 0.029089
0 0.167187 0.590625 0.025043 0.028321
0 0.838281 0.608333 0.019429 0.026567
0 0.867969 0.615625 0.022657 0.03289
0 0.097656 0.616667 0.022673 0.031282
0 0.454688 0.61875 0.024733 0.030499
0 0.090625 0.648958 0.021131 0.02449
0 0.886719 0.654167 0.025124 0.02956
0 0.900781 0.658333 0.019925 0.025905
0 0.298438 0.671875 0.024377 0.029518
0 0.414844 0.68125 0.023671 0.034999
0 0.060937 0.688542 0.023878 0.029636
0 0.6 0.69375 0.021116 0.030583
0 0.86875 0.7 0.018008 0.02309
0 0.678906 0.70625 0.02018 0.026907
0 0.9875 0.711458 0.02139 0.029072
0 0.075781 0.717708 0.018939 0.024442
0 0.165625 0.728125 0.023097 0.028871
0 0.476562 0.7375 0.018999 0.02628
0 0.444531 0.744792 0.022346 0.029794
0 0.446875 0.758333 0.020092 0.030397
0 0.680469 0.791667 0.019446 0.026546
0 0.677344 0.804167 0.020441 0.025129
0 0.253906 0.847917 0.021459 0.027275
0 0.573438 0.861458 0.02287 0.032981
0 0.207031 0.867708 0.022519 0.029368
0 0.742188 0.872917 0.020583 0.030478
0 0.792188 0.880208 0.032546 0.038932
0 0.335156 0.88125 0.025171 0.029147
0 0.88125 0.898958 0.024371 0.028101
0 0.685156 0.917708 0.020432 0.028638
0 0.858594 0.919792 0.021653 0.030795
0 0.392188 0.922917 0.032116 0.031529
0 0.185938 0.935417 0.02479 0.031527
0 0.6375 0.947917 0.021946 0.026299
0 0.522656 0.987268 0.019909 0.025464