0 0.215625 0.035417 0.020341 0.025073
0 0.846094 0.0625 0.032539 0.037014
0 0.380469 0.070833 0.020231 0.026656
0 0.442969 0.073958 0.023878 0.029636
0 0.058594 0.082292 0.032211 0.039907
0 0.096094 0.075 0.019992 0.026974
0 0.742188 0.098958 0.024263 0.040809
0 0.885938 0.095833 0.026775 0.030454
0 0.226562 0.15 0.024804 0.032617
0 0.835938 0.161458 0.030583 0.043973
0 0.185938 0.169792 0.024374 0.033489
0 0.117969 0.173958 0.03027 0.03577
0 0.090625 0.182292 0.025246 0.037216
0 0.925 0.233333 0.018991 0.026389
0 0.147656 0.241667 0.040692 0.037255
0 0.223438 0.265625 0.030516 0.039313
0 0.035156 0.269792 0.023227 0.029506
0 0.385937 0.282292 0.024584 0.031012
0 0.2625 0.346875 0.027478 0.034165
0 0.374219 0.38125 0.024588 0.035168
0 0.364063 0.454167 0.030917 0.035996
0 0.082031 0.486458 0.021901 0.024512
0 0.285156 0.511458 0.031554 0.038396
0 0.183594 0.55 0.025829 0.040989
0 0.170313 0.548958 0.018939 0.024442
0 0.288281 0.55625 0.029307 0.034742
0 0.854688 0.716667 0.025084 0.031877
0 0.296094 0.725 0.028354 0.036922
0 0.538281 0.7875 0.029499 0.037192
0 0.147656 0.8125 0.032768 0.038921
0 0.302344 0.840625 0.021893 0.031283
0 0.846875 0.851042 0.024487 0.037049
0 0.011719 0.885417 0.020328 0.024087
0 0.957031 0.898958 0.023588 0.03325
0 0.351562 0.921875 0.022216 0.029845
0 0.247656 0.926042 0.03444 0.034009
0 0.557031 0.944792 0.026171 0.033834
0 0.221094 0.987285 0.022026 0.025429