0 0.303125 0.05 0.037523 0.042113
0 0.435156 0.15 0.042623 0.051092
0 0.979688 0.175 0.024038 0.035041
0 0.978125 0.239583 0.024564 0.030774
0 0.736719 0.264583 0.023583 0.030562
0 0.294531 0.3 0.025267 0.037326
0 0.633594 0.345833 0.032474 0.037819
0 0.602344 0.376042 0.019972 0.028419
0 0.375781 0.46875 0.032096 0.030522
0 0.051562 0.547917 0.02863 0.036209
0 0.407031 0.597917 0.035244 0.036848
0 0.685156 0.78125 0.029616 0.055339
0 0.359375 0.826042 0.025287 0.034337
0 0.344531 0.863542 0.125903 0.066996
0 0.711719 0.935417 0.02684 0.036594
0 0.214844 0.960417 0.019909 0.025929