0 0.574219 0.05625 0.029836 0.032345
0 0.923438 0.063542 0.01733 0.02503
0 0.529687 0.132292 0.022246 0.031817
0 0.410938 0.157292 0.022531 0.044834
0 0.81875 0.208333 0.018991 0.026389
0 0.263281 0.283333 0.022216 0.034646
0 0.609375 0.316667 0.020165 0.053129
0 0.190625 0.398958 0.020666 0.028723
0 0.69375 0.403125 0.018442 0.024589
0 0.580469 0.41875 0.019683 0.026728
0 0.979688 0.43125 0.018991 0.026389
0 0.914062 0.498958 0.018939 0.024442
0 0.328906 0.509375 0.020434 0.029303
0 0.957031 0.554167 0.038317 0.031165
0 0.175781 0.563542 0.019627 0.024405
0 0.553125 0.569792 0.017759 0.024215
0 0.060937 0.625 0.02977 0.029805
0 0.553906 0.655208 0.022111 0.027748
0 0.520312 0.696875 0.025564 0.0345
0 0.060937 0.7125 0.027528 0.030258
0 0.464062 0.722917 0.02077 0.027051
0 0.982812 0.723958 0.018048 0.02325
0 0.125781 0.827083 0.022254 0.031093
0 0.226562 0.838542 0.026901 0.03762
0 0.671094 0.854167 0.024459 0.028776
0 0.279687 0.857292 0.022255 0.033718
0 0.639062 0.8625 0.021645 0.030804
0 0.7375 0.921875 0.018561 0.025359
0 0.398438 0.945833 0.018784 0.026311
0 0.05 0.973958 0.024491 0.029049