0 0.299219 0.018524 0.047765 0.037048
0 0.642188 0.039583 0.01802 0.023067
0 0.810937 0.054167 0.029933 0.049693
0 0.671875 0.052083 0.025875 0.034086
0 0.115625 0.061458 0.023345 0.03313
0 0.172656 0.102083 0.019683 0.026728
0 0.157031 0.122917 0.023185 0.034666
0 0.527344 0.134375 0.025928 0.037207
0 0.046875 0.1625 0.021978 0.027245
0 0.883594 0.166667 0.020231 0.026656
0 0.233594 0.19375 0.020341 0.025073
0 0.291406 0.198958 0.027829 0.038542
0 0.821875 0.20625 0.024425 0.030612
0 0.733594 0.215625 0.019792 0.025321
0 0.458594 0.21875 0.019429 0.026567
0 0.850781 0.230208 0.03218 0.036869
0 0.969531 0.241667 0.024225 0.030977
0 0.164844 0.247917 0.0184 0.026183
0 0.355469 0.260417 0.025522 0.031119
0 0.203906 0.275 0.022707 0.026328
0 0.288281 0.297917 0.020231 0.026656
0 0.389844 0.311458 0.029289 0.036288
0 0.400781 0.351042 0.02365 0.028234
0 0.139844 0.371875 0.022551 0.029062
0 0.832812 0.391667 0.025899 0.036038
0 0.165625 0.405208 0.026615 0.041062
0 0.482031 0.403125 0.019332 0.028307
0 0.624219 0.411458 0.026416 0.034181
0 0.047656 0.459375 0.026304 0.031816
0 0.332031 0.477083 0.026 0.035478
0 0.028906 0.482292 0.023345 0.03313
0 0.832031 0.483333 0.022768 0.026762
0 0.044531 0.495833 0.023583 0.030562
0 0.285938 0.50625 0.024255 0.035228
0 0.751563 0.507292 0.021171 0.025078
0 0.746875 0.53125 0.021946 0.026299
0 0.154688 0.546875 0.024835 0.031146
0 0.11875 0.566667 0.02834 0.035716
0 0.674219 0.597917 0.019247 0.026491
0 0.795312 0.6125 0.03172 0.046573
0 0.575 0.609375 0.024512 0.033827
0 0.45625 0.610417 0.020938 0.027401
0 0.280469 0.752083 0.020676 0.026744
0 0.396094 0.754167 0.019429 0.026567
0 0.889062 0.807292 0.023933 0.036696
0 0.08125 0.855208 0.026114 0.032925
0 0.201563 0.865625 0.025953 0.032857
0 0.641406 0.876042 0.027101 0.049174
0 0.224219 0.890625 0.02674 0.030964
0 0.38125 0.91875 0.028246 0.034848
0 0.948438 0.982486 0.028131 0.035029