0 0.586719 0.05625 0.031655 0.045062
0 0.360938 0.05625 0.021645 0.030804
0 0.157031 0.079167 0.025957 0.03004
0 0.702344 0.079167 0.023908 0.03091
0 0.648438 0.109375 0.036842 0.033905
0 0.496094 0.130208 0.022828 0.027821
0 0.947656 0.130208 0.021314 0.02663
0 0.269531 0.133333 0.021112 0.025088
0 0.6625 0.147917 0.021164 0.034524
0 0.316406 0.153125 0.028115 0.03974
0 0.988461 0.173958 0.023079 0.026836
0 0.66875 0.186458 0.02269 0.029686
0 0.177344 0.233333 0.01875 0.022917
0 0.514062 0.2375 0.020706 0.03042
0 0.883594 0.276042 0.023583 0.030562
0 0.583594 0.291667 0.023741 0.031149
0 0.232031 0.296875 0.025095 0.028633
0 0.923438 0.303125 0.021653 0.030795
0 0.715625 0.325 0.018161 0.023679
0 0.686719 0.329167 0.01892 0.026267
0 0.333594 0.3375 0.022673 0.031282
0 0.313281 0.357292 0.032379 0.059741
0 0.786719 0.348958 0.023161 0.031454
0 0.822656 0.355208 0.023345 0.03313
0 0.398438 0.355208 0.018331 0.025253
0 0.928125 0.359375 0.018939 0.024442
0 0.589844 0.396875 0.021447 0.032454
0 0.5875 0.417708 0.01998 0.028483
0 0.335938 0.452083 0.023986 0.038708
0 0.760938 0.455208 0.018939 0.024442
0 0.939844 0.509375 0.020774 0.032412
0 0.875 0.523958 0.020432 0.028638
0 0.871875 0.538542 0.024496 0.029918
0 0.317969 0.544792 0.020661 0.028728
0 0.939844 0.55 0.020537 0.027934
0 0.251563 0.557292 0.043367 0.042207
0 0.313281 0.552083 0.019446 0.026546
0 0.955469 0.564583 0.023556 0.02766
0 0.459375 0.6 0.021112 0.025088
0 0.80625 0.610417 0.018029 0.025068
0 0.885938 0.619792 0.017759 0.024215
0 0.953125 0.630208 0.02325 0.033147
0 0.989062 0.63125 0.021447 0.032454
0 0.238281 0.651042 0.019627 0.024405
0 0.752344 0.660417 0.019638 0.024534
0 0.198437 0.682292 0.024436 0.029089
0 0.558594 0.703125 0.022193 0.03277
0 0.248438 0.708333 0.020866 0.030437
0 0.616406 0.71875 0.020627 0.027503
0 0.594531 0.723958 0.032873 0.030693
0 0.850781 0.726042 0.017438 0.024063
0 0.664844 0.730208 0.019693 0.028264
0 0.828906 0.729167 0.02095 0.027383
0 0.470313 0.747917 0.03089 0.038487
0 0.575781 0.746875 0.029061 0.031417
0 0.432812 0.748958 0.018846 0.02378
0 0.882031 0.755208 0.01998 0.028483
0 0.932813 0.763542 0.02163 0.033588
0 0.985156 0.7625 0.02077 0.027051
0 0.839063 0.765625 0.0223 0.028345
0 0.7375 0.770833 0.021653 0.030795
0 0.548438 0.777083 0.025452 0.03652
0 0.305469 0.772917 0.020566 0.026042
0 0.983368 0.803125 0.033264 0.035767
0 0.375 0.804167 0.021239 0.025868
0 0.155469 0.811458 0.020935 0.028889
0 0.022656 0.834375 0.022758 0.028319
0 0.971094 0.861458 0.018029 0.025068
0 0.947656 0.8875 0.019925 0.025905
0 0.03125 0.939583 0.018008 0.02309
0 0.845313 0.941667 0.020566 0.026042
0 0.574219 0.958333 0.036245 0.036951
0 0.852344 0.961458 0.02434 0.033657