0 0.300781 0.016667 0.021946 0.026299
0 0.039062 0.096875 0.028902 0.041144
0 0.488281 0.092708 0.026662 0.033778
0 0.85 0.135417 0.047717 0.036653
0 0.811719 0.140625 0.027091 0.032554
0 0.116406 0.244792 0.022883 0.028677
0 0.950781 0.332292 0.018921 0.024472
0 0.278125 0.478125 0.029385 0.03693
0 0.380469 0.584375 0.031014 0.038511
0 0.401562 0.584375 0.018939 0.024442
0 0.1125 0.607292 0.018939 0.024442
0 0.373437 0.7875 0.061348 0.321891
0 0.488281 0.753125 0.021143 0.037569
0 0.446094 0.846875 0.0223 0.028345