0 0.90625 0.072917 0.018784 0.026311
0 0.951562 0.088542 0.03377 0.056821
0 0.854688 0.079167 0.017757 0.026099
0 0.971094 0.119792 0.025833 0.035722
0 0.069531 0.355208 0.017759 0.024215
0 0.584375 0.504167 0.23039 0.237657
0 0.445312 0.417708 0.018773 0.023107
0 0.541406 0.430208 0.027825 0.041036
0 0.674219 0.442708 0.033671 0.032312
0 0.55625 0.597917 0.021239 0.025868
0 0.117188 0.605208 0.023906 0.033448
0 0.459375 0.648958 0.024934 0.036904
0 0.107813 0.713542 0.031441 0.032673
0 0.402344 0.720833 0.020785 0.036506
0 0.341406 0.786458 0.018096 0.024127
0 0.842969 0.859375 0.017438 0.024063
0 0.953125 0.916667 0.021542 0.027554
0 0.104688 0.917708 0.017658 0.024165
0 0.711719 0.978125 0.022921 0.037687