0 0.349219 0.161458 0.03078 0.037684
0 0.20625 0.245833 0.030013 0.036999
0 0.535937 0.241667 0.019429 0.026567
0 0.607812 0.282292 0.025219 0.029986
0 0.741406 0.307292 0.023192 0.02956
0 0.936719 0.371875 0.027917 0.042991
0 0.688281 0.422917 0.029888 0.033406
0 0.741406 0.440625 0.028228 0.032699
0 0.621094 0.448958 0.037148 0.043728
0 0.8 0.460417 0.025156 0.030503
0 0.563281 0.464583 0.017835 0.025128
0 0.775781 0.469792 0.025043 0.028321
0 0.859375 0.86875 0.023437 0.034009
0 0.74375 0.902083 0.021239 0.025868