0 0.111719 0.019494 0.032133 0.038989
0 0.010708 0.0375 0.021416 0.029368
0 0.271875 0.052083 0.026072 0.033599
0 0.399219 0.155208 0.02269 0.029686
0 0.378125 0.182292 0.025348 0.03196
0 0.310937 0.235417 0.021653 0.030795
0 0.921094 0.248958 0.023319 0.031093
0 0.517969 0.310417 0.02507 0.027729
0 0.422656 0.3375 0.022152 0.027355
0 0.922656 0.379167 0.02908 0.033735
0 0.3125 0.403125 0.02237 0.031064
0 0.990625 0.4 0.018561 0.025359
0 0.100781 0.452083 0.061752 0.0419
0 0.484375 0.55 0.020123 0.037528
0 0.834375 0.564583 0.021116 0.030583
0 0.414062 0.603125 0.024736 0.030494
0 0.128906 0.61875 0.019724 0.029262
0 0.178125 0.69375 0.021459 0.027275
0 0.008174 0.719792 0.016347 0.029672
0 0.096875 0.809375 0.027461 0.03012
0 0.376563 0.826042 0.021924 0.029232
0 0.498437 0.84375 0.018939 0.024442
0 0.704688 0.857292 0.024648 0.033532
0 0.517969 0.858333 0.032191 0.032403
0 0.447656 0.988941 0.020058 0.022117