0 0.435937 0.096875 0.020811 0.029482
0 0.069531 0.146875 0.025002 0.031555
0 0.224219 0.176042 0.074245 0.044217
0 0.147656 0.205208 0.0573 0.068958
0 0.402344 0.258333 0.029593 0.035651
0 0.167187 0.279167 0.026331 0.037475
0 0.392188 0.327083 0.020313 0.026042
0 0.7375 0.344792 0.030009 0.042485
0 0.841406 0.414583 0.042997 0.105526
0 0.597656 0.396875 0.017317 0.024011
0 0.564063 0.411458 0.018161 0.023679
0 0.746094 0.454167 0.023899 0.035706
0 0.05 0.55 0.021701 0.028014
0 0.073438 0.604167 0.02752 0.039646
0 0.969531 0.686458 0.019543 0.023126
0 0.285938 0.8125 0.024584 0.031012
0 0.014473 0.854167 0.028946 0.084378
0 0.516406 0.835417 0.025062 0.035457
0 0.646875 0.840625 0.027426 0.030596
0 0.2625 0.854167 0.026705 0.030084