0 0.060156 0.080208 0.027093 0.043163
0 0.165625 0.161458 0.033533 0.041419
0 0.829688 0.169792 0.030577 0.032968
0 0.050781 0.240625 0.024224 0.033196
0 0.435156 0.241667 0.02229 0.030836
0 0.85 0.253125 0.018773 0.023107
0 0.742969 0.301042 0.020328 0.024087
0 0.471094 0.314583 0.027841 0.03651
0 0.104688 0.3875 0.028474 0.041887
0 0.642188 0.522917 0.018876 0.02557
0 0.341406 0.551042 0.026383 0.034189
0 0.603125 0.621875 0.028623 0.041145
0 0.141406 0.626042 0.03 0.041071
0 0.332031 0.627083 0.019925 0.025905
0 0.296094 0.697917 0.032324 0.039147
0 0.599219 0.942708 0.022089 0.030411