0 0.5625 0.1 0.025274 0.038678
0 0.297656 0.130208 0.023103 0.02886
0 0.759375 0.151042 0.05955 0.058245
0 0.78125 0.220833 0.024194 0.031024
0 0.389844 0.283333 0.042193 0.084991
0 0.474219 0.270833 0.019683 0.026728
0 0.542969 0.323958 0.040636 0.036567
0 0.105469 0.321875 0.019531 0.027421
0 0.922656 0.413542 0.02599 0.029485
0 0.563281 0.463542 0.017317 0.024011
0 0.261719 0.5 0.030489 0.047937
0 0.114844 0.547917 0.01813 0.025093
0 0.835156 0.555208 0.040146 0.039022
0 0.702344 0.555208 0.019531 0.027421
0 0.114062 0.647917 0.025086 0.031874
0 0.590625 0.763542 0.021582 0.032612
0 0.432031 0.805208 0.020371 0.024457
0 0.449219 0.814583 0.020528 0.029524
0 0.116406 0.851042 0.0287 0.039811