0 0.238281 0.008696 0.018756 0.017392
0 0.65625 0.016342 0.027736 0.032685
0 0.233594 0.026042 0.030665 0.034149
0 0.435937 0.038542 0.022979 0.034747
0 0.695312 0.034375 0.018048 0.02325
0 0.182031 0.082292 0.029233 0.033659
0 0.644531 0.134375 0.019925 0.025905
0 0.135937 0.139583 0.022129 0.030969
0 0.626563 0.142708 0.026474 0.032764
0 0.422656 0.140625 0.019925 0.025905
0 0.122656 0.171875 0.023345 0.03313
0 0.228906 0.188542 0.027035 0.034038
0 0.564844 0.190625 0.019762 0.028269
0 0.657031 0.191667 0.025984 0.029621
0 0.753906 0.223958 0.045467 0.051504
0 0.414062 0.227083 0.018029 0.025068
0 0.615625 0.234375 0.021653 0.030795
0 0.221094 0.240625 0.028112 0.036511
0 0.507031 0.277083 0.020647 0.026788
0 0.460938 0.3375 0.024835 0.031146
0 0.382031 0.346875 0.031423 0.040981
0 0.253906 0.342708 0.020416 0.025301
0 0.947656 0.360417 0.030303 0.040404
0 0.41875 0.383333 0.029537 0.036103
0 0.804688 0.408333 0.024238 0.039798
0 0.246875 0.407292 0.018939 0.024442
0 0.8625 0.426042 0.018442 0.024589
0 0.677344 0.4375 0.023556 0.02766
0 0.26875 0.448958 0.021656 0.028229
0 0.535937 0.453125 0.042977 0.028922
0 0.110937 0.457292 0.018124 0.023544
0 0.833594 0.463542 0.02325 0.033147
0 0.75625 0.495833 0.019506 0.042716
0 0.765625 0.508333 0.02077 0.027051
0 0.325781 0.520833 0.024079 0.030374
0 0.6875 0.522917 0.027446 0.035786
0 0.040625 0.534375 0.016702 0.023976
0 0.60625 0.542708 0.031058 0.036589
0 0.261719 0.546875 0.019633 0.024542
0 0.436719 0.547917 0.022768 0.026762
0 0.213281 0.56875 0.02479 0.031527
0 0.349219 0.566667 0.022768 0.026762
0 0.8875 0.584375 0.023345 0.03313
0 0.814063 0.591667 0.020328 0.024087
0 0.253125 0.611458 0.03147 0.038316
0 0.971094 0.644792 0.040735 0.046178
0 0.811719 0.697917 0.020579 0.030481
0 0.797656 0.723958 0.032233 0.033466
0 0.275 0.730208 0.018442 0.024589
0 0.667969 0.744792 0.028431 0.047377
0 0.196094 0.738542 0.018384 0.029201
0 0.94375 0.739583 0.024383 0.028296
0 0.388281 0.796875 0.035473 0.053915
0 0.257031 0.801042 0.026004 0.03357
0 0.842969 0.798958 0.018442 0.024589
0 0.459375 0.85625 0.030597 0.033915
0 0.235156 0.889583 0.023026 0.028919
0 0.103906 0.892708 0.023344 0.031678
0 0.253906 0.898958 0.023097 0.028871
0 0.613281 0.913542 0.01902 0.024748
0 0.167187 0.972917 0.029701 0.035431
0 0.250781 0.982641 0.029537 0.034718