0 0.961719 0.010485 0.022152 0.020969
0 0.446875 0.103125 0.041539 0.04153
0 0.676562 0.111458 0.026945 0.031859
0 0.555469 0.144792 0.022017 0.028277
0 0.407031 0.15 0.022665 0.025104
0 0.275781 0.154167 0.02456 0.029745
0 0.45625 0.152083 0.019429 0.026567
0 0.4 0.166667 0.022118 0.031853
0 0.225 0.207292 0.021264 0.026134
0 0.739844 0.341667 0.022768 0.026762
0 0.375781 0.355208 0.02069 0.031404
0 0.460156 0.360417 0.024039 0.03066
0 0.653906 0.361458 0.020432 0.028638
0 0.56875 0.388542 0.022519 0.029368
0 0.453125 0.485417 0.022613 0.034731
0 0.209375 0.515625 0.021816 0.032581
0 0.396094 0.639583 0.021314 0.02663
0 0.93125 0.641667 0.024459 0.028776
0 0.427344 0.670833 0.019429 0.026567
0 0.941406 0.728125 0.021172 0.028874
0 0.638281 0.736458 0.021582 0.032612
0 0.689063 0.738542 0.026642 0.029619
0 0.559375 0.766667 0.021116 0.030583
0 0.672656 0.783333 0.021895 0.034558
0 0.580469 0.792708 0.018846 0.02378
0 0.271094 0.815625 0.019633 0.024542
0 0.047656 0.832292 0.024487 0.037049
0 0.28125 0.8375 0.021362 0.02664
0 0.096094 0.865625 0.020456 0.028611
0 0.898438 0.880208 0.021145 0.028907
0 0.325 0.898958 0.022971 0.028458
0 0.292187 0.923958 0.020501 0.032435
0 0.721875 0.960417 0.022216 0.034646
0 0.326562 0.989185 0.022883 0.02163