0 0.6625 0.022917 0.021264 0.026134
0 0.089063 0.076042 0.021176 0.031534
0 0.608594 0.088542 0.019693 0.028264
0 0.904687 0.171875 0.02287 0.032981
0 0.595313 0.171875 0.020432 0.028638
0 0.573438 0.192708 0.023908 0.033445
0 0.776563 0.214583 0.020826 0.029466
0 0.075781 0.21875 0.023556 0.02766
0 0.578125 0.323958 0.021999 0.028864
0 0.754687 0.326042 0.018052 0.026078
0 0.116406 0.403125 0.020666 0.028723
0 0.794531 0.507292 0.0223 0.028345
0 0.579688 0.526042 0.023661 0.028066
0 0.540625 0.544792 0.022128 0.030307
0 0.254688 0.561458 0.020774 0.032412
0 0.870313 0.588542 0.026797 0.033824
0 0.526563 0.591667 0.02217 0.030923
0 0.823438 0.605208 0.023279 0.032757
0 0.832031 0.605208 0.019119 0.025492
0 0.621875 0.611458 0.017438 0.024063
0 0.010773 0.622917 0.021545 0.028597
0 0.203906 0.623958 0.022111 0.032714
0 0.507812 0.698958 0.026281 0.032051
0 0.600781 0.722917 0.022656 0.031302
0 0.564063 0.746875 0.018561 0.025359
0 0.980469 0.7625 0.021582 0.032612
0 0.80625 0.769792 0.018331 0.025253
0 0.782031 0.820833 0.02099 0.030596
0 0.239844 0.857292 0.018096 0.024127
0 0.285938 0.891667 0.031893 0.049311
0 0.494531 0.89375 0.026874 0.031128
0 0.167969 0.902083 0.021645 0.030804
0 0.305469 0.902083 0.028963 0.029136
0 0.555469 0.911458 0.022816 0.03192
0 0.2625 0.909375 0.01902 0.024748
0 0.967187 0.970833 0.018331 0.025253
0 0.082031 0.976042 0.023319 0.029672