0 0.277344 0.011066 0.019893 0.022132
0 0.3375 0.0375 0.023502 0.033261
0 0.533594 0.039583 0.018029 0.025068
0 0.747656 0.05625 0.020916 0.029681
0 0.535156 0.059375 0.023081 0.032753
0 0.692969 0.0625 0.022383 0.029112
0 0.708594 0.072917 0.020566 0.026042
0 0.821875 0.076042 0.027488 0.033524
0 0.657031 0.080208 0.018939 0.024442
0 0.171094 0.089583 0.027298 0.035445
0 0.501563 0.091667 0.028598 0.034664
0 0.360938 0.0875 0.021094 0.026042
0 0.357031 0.094792 0.019925 0.025905
0 0.822656 0.097917 0.019084 0.024921
0 0.735156 0.105208 0.023319 0.029672
0 0.091406 0.138542 0.028556 0.058507
0 0.472656 0.134375 0.020736 0.028573
0 0.264844 0.145833 0.023952 0.034149
0 0.435156 0.155208 0.026698 0.02992
0 0.545312 0.157292 0.021648 0.029332
0 0.160156 0.16875 0.024425 0.030612
0 0.13125 0.169792 0.023607 0.028741
0 0.323437 0.173958 0.02486 0.031
0 0.820312 0.176042 0.022643 0.032905
0 0.654687 0.215625 0.02101 0.028935
0 0.40625 0.221875 0.027891 0.033137
0 0.839844 0.226042 0.02583 0.032635
0 0.694531 0.226042 0.019531 0.027421
0 0.257031 0.235417 0.0201 0.026364
0 0.360156 0.25 0.02018 0.026907
0 0.666406 0.253125 0.023903 0.032879
0 0.180469 0.284375 0.033988 0.052318
0 0.7125 0.272917 0.020072 0.030358
0 0.395313 0.280208 0.022186 0.028591
0 0.569531 0.301042 0.018939 0.024442
0 0.638281 0.31875 0.019429 0.026567
0 0.932813 0.336458 0.022759 0.035477
0 0.521094 0.336458 0.026823 0.032782
0 0.965625 0.346875 0.024736 0.030494
0 0.38125 0.364583 0.02486 0.031
0 0.140625 0.382292 0.021882 0.024105
0 0.115625 0.403125 0.022566 0.031762
0 0.498437 0.407292 0.021896 0.030747
0 0.6625 0.40625 0.022922 0.031445
0 0.976562 0.420833 0.020517 0.029536
0 0.203906 0.444792 0.023906 0.033448
0 0.630469 0.458333 0.022937 0.038707
0 0.419531 0.475 0.034134 0.043289
0 0.028906 0.480208 0.019733 0.025046
0 0.010156 0.491667 0.019445 0.029302
0 0.182812 0.514583 0.03081 0.03572
0 0.575 0.532292 0.023952 0.034149
0 0.103906 0.535417 0.022858 0.027444
0 0.06875 0.546875 0.021656 0.028229
0 0.383594 0.555208 0.018161 0.023679
0 0.969531 0.55625 0.019992 0.026974
0 0.417969 0.566667 0.029113 0.034806
0 0.757031 0.571875 0.052432 0.044733
0 0.892969 0.564583 0.025836 0.027678
0 0.600781 0.573958 0.018442 0.024589
0 0.947656 0.590625 0.037223 0.048778
0 0.224219 0.590625 0.022438 0.032662
0 0.500781 0.589583 0.018805 0.027121
0 0.450781 0.59375 0.019925 0.025905
0 0.451562 0.610417 0.024694 0.034818
0 0.130469 0.611458 0.026299 0.033348
0 0.55 0.625 0.024847 0.031127
0 0.030469 0.6375 0.021895 0.034558
0 0.846875 0.6375 0.028215 0.035868
0 0.117188 0.64375 0.025178 0.034672
0 0.185156 0.65 0.023244 0.031704
0 0.46875 0.655208 0.025162 0.034253
0 0.700781 0.657292 0.025423 0.033664
0 0.746094 0.68125 0.02597 0.035516
0 0.717969 0.682292 0.023908 0.033445
0 0.169531 0.723958 0.028567 0.042069
0 0.641406 0.721875 0.026376 0.032785
0 0.041406 0.725 0.019071 0.027215
0 0.100781 0.742708 0.025162 0.036319
0 0.942187 0.744792 0.021894 0.026105
0 0.285938 0.758333 0.027027 0.039641
0 0.017969 0.755208 0.020328 0.024087
0 0.103125 0.771875 0.023645 0.033053
0 0.733594 0.771875 0.02648 0.033546
0 0.374219 0.782292 0.023931 0.031351
0 0.982031 0.784375 0.019633 0.024542
0 0.289844 0.791667 0.021923 0.030381
0 0.3875 0.8 0.031484 0.036212
0 0.648438 0.807292 0.018561 0.025359
0 0.854688 0.821875 0.018442 0.024589
0 0.439063 0.830208 0.018939 0.024442
0 0.264062 0.840625 0.030967 0.042418
0 0.464062 0.8375 0.026061 0.032032
0 0.746094 0.848958 0.019638 0.024534
0 0.598437 0.866667 0.024436 0.029089
0 0.953906 0.863542 0.020371 0.024457
0 0.632031 0.883333 0.035932 0.049801
0 0.127344 0.88125 0.026361 0.038971
0 0.516406 0.884375 0.020432 0.028638
0 0.2625 0.901042 0.023081 0.032753
0 0.235937 0.929167 0.033175 0.042368
0 0.010937 0.973958 0.01902 0.024748
0 0.032813 0.984182 0.028262 0.031637
0 0.320312 0.988214 0.018784 0.023572