0 0.513281 0.011115 0.018827 0.022231
0 0.557031 0.029167 0.028909 0.043748
0 0.842969 0.098958 0.022828 0.027821
0 0.977717 0.10625 0.044565 0.036354
0 0.451562 0.134375 0.024578 0.029591
0 0.363281 0.171875 0.023476 0.030208
0 0.546094 0.210417 0.027593 0.0349
0 0.509375 0.216667 0.031604 0.041528
0 0.694531 0.219792 0.025969 0.032604
0 0.5375 0.226042 0.018161 0.023679
0 0.025 0.254167 0.021239 0.025868
0 0.454688 0.289583 0.021239 0.025868
0 0.796875 0.302083 0.030634 0.033242
0 0.392188 0.320833 0.023344 0.031678
0 0.436719 0.494792 0.041993 0.043936
0 0.908594 0.516667 0.047781 0.039493
0 0.863281 0.567708 0.020432 0.028638
0 0.677344 0.578125 0.029233 0.033659
0 0.941406 0.58125 0.019773 0.0268
0 0.420312 0.648958 0.028906 0.037105
0 0.378125 0.65625 0.049241 0.03895
0 0.620313 0.677083 0.042763 0.051565
0 0.513281 0.672917 0.039047 0.043517
0 0.057813 0.680208 0.036649 0.040864
0 0.539844 0.713542 0.031421 0.036842
0 0.467969 0.747917 0.030009 0.042485
0 0.19375 0.878125 0.032269 0.041618
0 0.882031 0.89375 0.029896 0.043424
0 0.026562 0.9 0.025475 0.039175
0 0.355469 0.926042 0.028677 0.049321
0 0.379688 0.936458 0.021989 0.028877
0 0.533594 0.9375 0.018784 0.026311