0 0.640625 0.022917 0.019429 0.026567
0 0.874219 0.108333 0.030366 0.036493
0 0.680469 0.185417 0.03067 0.040684
0 0.417969 0.178125 0.019638 0.024534
0 0.199219 0.217708 0.038741 0.041418
0 0.814844 0.283333 0.01875 0.023958
0 0.052344 0.347917 0.029598 0.044244
0 0.029687 0.345833 0.018008 0.02309
0 0.715625 0.373958 0.031058 0.036589
0 0.628125 0.388542 0.030761 0.04563
0 0.433594 0.45625 0.019247 0.026491
0 0.239844 0.632292 0.031885 0.084408
0 0.4875 0.613542 0.01902 0.024748
0 0.516406 0.65 0.032605 0.039802
0 0.624219 0.664583 0.035657 0.041154
0 0.475 0.720833 0.03721 0.043045
0 0.035937 0.802083 0.046045 0.050034
0 0.421094 0.848958 0.018939 0.024442
0 0.233594 0.922917 0.022401 0.028471
0 0.267188 0.935417 0.031064 0.044711
0 0.967969 0.955208 0.028027 0.037662