0 0.479687 0.017798 0.036174 0.035597
0 0.04375 0.044792 0.019574 0.023676
0 0.060156 0.053125 0.032185 0.040534
0 0.60625 0.054167 0.023856 0.034731
0 0.959375 0.055208 0.023771 0.032677
0 0.525 0.058333 0.025969 0.032604
0 0.047656 0.069792 0.023097 0.028871
0 0.3875 0.089583 0.028453 0.034189
0 0.709375 0.103125 0.026763 0.037361
0 0.149219 0.104167 0.020676 0.026744
0 0.533594 0.126042 0.022026 0.030025
0 0.55625 0.145833 0.021198 0.026257
0 0.871875 0.15 0.025394 0.035366
0 0.310937 0.153125 0.017759 0.024215
0 0.683594 0.180208 0.01902 0.024748
0 0.961719 0.2 0.025164 0.03766
0 0.123438 0.269792 0.022883 0.028677
0 0.073438 0.282292 0.019768 0.025593
0 0.697656 0.296875 0.026341 0.03252
0 0.747656 0.317708 0.029657 0.037707
0 0.640625 0.351042 0.028478 0.037737
0 0.801562 0.345833 0.021161 0.025349
0 0.08125 0.352083 0.027652 0.036036
0 0.604688 0.38125 0.04442 0.054531
0 0.350781 0.384375 0.026729 0.029672
0 0.233594 0.390625 0.02101 0.028935
0 0.7 0.411458 0.038821 0.049615
0 0.409375 0.430208 0.039159 0.047566
0 0.832031 0.420833 0.027091 0.032554
0 0.471094 0.426042 0.019794 0.029266
0 0.026562 0.436458 0.027372 0.035561
0 0.425781 0.434375 0.017778 0.027118
0 0.907031 0.441667 0.054031 0.04397
0 0.130469 0.458333 0.029355 0.03426
0 0.442188 0.477083 0.033687 0.039799
0 0.228125 0.496875 0.024182 0.034926
0 0.029687 0.5125 0.021339 0.026862
0 0.210938 0.53125 0.02732 0.035414
0 0.444531 0.538542 0.027597 0.033767
0 0.090625 0.539583 0.018096 0.024127
0 0.914062 0.545833 0.028272 0.030546
0 0.64375 0.546875 0.019893 0.027596
0 0.089844 0.558333 0.023796 0.029832
0 0.490625 0.561458 0.023421 0.033
0 0.713281 0.582292 0.027525 0.035305
0 0.269531 0.583333 0.024425 0.030612
0 0.438281 0.5875 0.029834 0.038239
0 0.917188 0.591667 0.033615 0.034484
0 0.474219 0.610417 0.018354 0.025228
0 0.565625 0.619792 0.033386 0.039238
0 0.214062 0.616667 0.023493 0.032412
0 0.850781 0.642708 0.024928 0.036255
0 0.082031 0.664583 0.02306 0.029195
0 0.357812 0.665625 0.018048 0.02325
0 0.532813 0.686458 0.030627 0.052656
0 0.36875 0.713542 0.028416 0.038813
0 0.114062 0.717708 0.027678 0.033246
0 0.647656 0.727083 0.018374 0.028171
0 0.525 0.727083 0.019531 0.026042
0 0.759375 0.742708 0.029222 0.039412
0 0.560156 0.742708 0.018876 0.02557
0 0.252344 0.780208 0.026496 0.036437
0 0.084375 0.784375 0.020582 0.02854
0 0.56875 0.801042 0.023345 0.03313
0 0.892188 0.817708 0.026613 0.03321
0 0.621875 0.834375 0.021689 0.030701
0 0.460938 0.876042 0.034356 0.103153
0 0.060156 0.854167 0.027153 0.038853
0 0.217188 0.852083 0.018008 0.02309
0 0.611719 0.855208 0.020416 0.025301
0 0.267188 0.869792 0.027907 0.040866
0 0.241406 0.872917 0.021924 0.035564
0 0.0375 0.902083 0.026862 0.034014
0 0.939063 0.905208 0.019972 0.028419
0 0.032813 0.947917 0.028343 0.03779
0 0.189844 0.955208 0.018082 0.030215
0 0.648438 0.972917 0.025379 0.051134
0 0.221094 0.970833 0.027753 0.032981
0 0.073438 0.977083 0.027349 0.034246
0 0.051562 0.979167 0.027605 0.033962