0 0.324219 0.177083 0.061725 0.03697
0 0.049219 0.21875 0.022883 0.028677
0 0.330469 0.298958 0.025938 0.031646
0 0.550781 0.3125 0.019992 0.026974
0 0.60625 0.320833 0.026703 0.039582
0 0.428125 0.359375 0.023933 0.036696
0 0.624219 0.357292 0.018827 0.023629
0 0.902344 0.459375 0.019178 0.025168
0 0.497656 0.532292 0.024436 0.029089
0 0.211719 0.603125 0.025957 0.03004
0 0.667188 0.615625 0.027522 0.031911
0 0.715625 0.6125 0.0184 0.026183
0 0.117969 0.825 0.030407 0.042906
0 0.520312 0.844792 0.018029 0.025068
0 0.142969 0.882292 0.020566 0.026042
0 0.153125 0.913542 0.024794 0.030839