0 0.504687 0.012442 0.02101 0.024884
0 0.563281 0.03125 0.019925 0.025905
0 0.507812 0.055208 0.042188 0.02316
0 0.610938 0.075 0.021653 0.030795
0 0.204687 0.088542 0.02688 0.033904
0 0.83125 0.096875 0.025171 0.029147
0 0.871094 0.1 0.022254 0.031093
0 0.179688 0.107292 0.024371 0.028101
0 0.400781 0.114583 0.018404 0.031268
0 0.223438 0.159375 0.020456 0.028611
0 0.209375 0.198958 0.018939 0.024442
0 0.557031 0.230208 0.017348 0.026056
0 0.704688 0.244792 0.025645 0.037871
0 0.432812 0.283333 0.025815 0.028335
0 0.826562 0.296875 0.018939 0.024442
0 0.067969 0.320833 0.026646 0.028416
0 0.3 0.333333 0.02077 0.027051
0 0.513281 0.339583 0.032985 0.033126
0 0.25625 0.361458 0.026689 0.03168
0 0.155469 0.402083 0.023055 0.028598
0 0.072656 0.413542 0.022858 0.027444
0 0.089844 0.480208 0.024282 0.026836
0 0.489063 0.50625 0.024632 0.038908
0 0.649219 0.541667 0.023614 0.050045
0 0.877344 0.555208 0.026687 0.028936
0 0.240625 0.558333 0.018784 0.026311
0 0.711719 0.564583 0.023732 0.02872
0 0.65625 0.582292 0.023863 0.063565
0 0.605469 0.583333 0.022815 0.027608
0 0.879687 0.598958 0.021924 0.029232
0 0.985938 0.610417 0.019057 0.027229
0 0.219531 0.636458 0.018442 0.024589
0 0.132812 0.652083 0.021726 0.031709
0 0.817187 0.763542 0.021658 0.029319
0 0.397656 0.770833 0.022729 0.02728
0 0.147656 0.788542 0.021726 0.036597
0 0.242188 0.801042 0.02217 0.02922
0 0.947656 0.803125 0.020372 0.028564
0 0.307031 0.825 0.026057 0.030133
0 0.370312 0.871875 0.021202 0.026349
0 0.551562 0.895833 0.031409 0.053423
0 0.080469 0.888542 0.023782 0.028969
0 0.126562 0.89375 0.018769 0.023116
0 0.860156 0.926042 0.01998 0.028483
0 0.759375 0.930208 0.023813 0.032672
0 0.244531 0.967708 0.022193 0.03277
0 0.535156 0.98125 0.020627 0.027503