0 0.828906 0.033333 0.022169 0.033669
0 0.569531 0.083333 0.026352 0.035909
0 0.676562 0.088542 0.021038 0.029672
0 0.947656 0.123958 0.025069 0.027655
0 0.863281 0.166667 0.02018 0.026907
0 0.844531 0.189583 0.025215 0.032495
0 0.939063 0.198958 0.024459 0.028776
0 0.464062 0.245833 0.023421 0.033
0 0.94375 0.257292 0.021999 0.028864
0 0.807813 0.270833 0.027883 0.03315
0 0.328906 0.316667 0.019531 0.027421
0 0.485938 0.334375 0.02708 0.032573
0 0.539844 0.355208 0.029355 0.03426
0 0.723437 0.357292 0.022643 0.032905
0 0.753125 0.390625 0.026075 0.034418
0 0.782031 0.403125 0.023525 0.036519
0 0.399219 0.410417 0.024641 0.032044
0 0.769531 0.460417 0.028963 0.030634
0 0.753906 0.5 0.020046 0.026244
0 0.428125 0.514583 0.019558 0.02407
0 0.254688 0.525 0.019638 0.024534
0 0.045312 0.544792 0.027676 0.047331
0 0.965625 0.553125 0.025345 0.030561
0 0.6875 0.555208 0.021267 0.029091
0 0.302344 0.610417 0.026621 0.033198
0 0.364063 0.616667 0.024934 0.036904
0 0.960156 0.680208 0.023421 0.033
0 0.778906 0.682292 0.022874 0.032977
0 0.697656 0.76875 0.020811 0.029482
0 0.897656 0.771875 0.019558 0.02407
0 0.26875 0.814583 0.022226 0.031538
0 0.121094 0.842708 0.030084 0.035656
0 0.7375 0.928125 0.019762 0.028269
0 0.099219 0.945833 0.021546 0.027548