0 0.342969 0.029167 0.043209 0.040051
0 0.371094 0.05625 0.029133 0.033161
0 0.586719 0.096875 0.028302 0.03989
0 0.99109 0.130208 0.01782 0.036784
0 0.549219 0.128125 0.017438 0.024063
0 0.202344 0.140625 0.019638 0.024534
0 0.269531 0.226042 0.018442 0.024589
0 0.597656 0.276042 0.02018 0.026907
0 0.525 0.341667 0.032226 0.061876
0 0.967187 0.367708 0.027366 0.028355
0 0.546094 0.375 0.022861 0.027439
0 0.445312 0.4375 0.031251 0.037003
0 0.203906 0.460417 0.019746 0.030276
0 0.642188 0.470833 0.02123 0.025887
0 0.159375 0.494792 0.02539 0.038778
0 0.304688 0.494792 0.018442 0.024589
0 0.539844 0.55 0.032162 0.086499
0 0.235156 0.542708 0.026 0.030914
0 0.564844 0.603125 0.019733 0.025046
0 0.164844 0.640625 0.043214 0.039868
0 0.667969 0.646875 0.036136 0.035702
0 0.597656 0.663542 0.028235 0.041808
0 0.725781 0.670833 0.019558 0.02407
0 0.550781 0.696875 0.020209 0.029396
0 0.666406 0.784375 0.025401 0.04107
0 0.929688 0.838542 0.036722 0.026021
0 0.224219 0.8625 0.025379 0.035044
0 0.661719 0.888542 0.024625 0.036744
0 0.389844 0.921875 0.021656 0.028229