0 0.05625 0.027083 0.026136 0.037662
0 0.228906 0.047917 0.029355 0.03426
0 0.464844 0.045833 0.022876 0.031243
0 0.507812 0.10625 0.043024 0.061299
0 0.436719 0.161458 0.024701 0.046938
0 0.159375 0.207292 0.026575 0.037841
0 0.467187 0.210417 0.021198 0.026257
0 0.3 0.214583 0.025219 0.029986
0 0.340625 0.223958 0.031002 0.037091
0 0.417187 0.241667 0.024652 0.030465
0 0.155469 0.251042 0.029142 0.033362
0 0.74375 0.258333 0.021618 0.02791
0 0.560156 0.269792 0.02669 0.043039
0 0.467187 0.26875 0.024801 0.034654
0 0.199219 0.304167 0.020566 0.026042
0 0.645312 0.353125 0.026511 0.037849
0 0.24375 0.366667 0.023514 0.031908
0 0.136719 0.36875 0.025333 0.031738
0 0.559375 0.366667 0.018161 0.023679
0 0.555469 0.375 0.021116 0.030583
0 0.524219 0.397917 0.023244 0.031704
0 0.391406 0.41875 0.028155 0.030367
0 0.250781 0.423958 0.020371 0.024457
0 0.882031 0.439583 0.020627 0.027503
0 0.714063 0.44375 0.026275 0.032061
0 0.303125 0.448958 0.01902 0.024748
0 0.655469 0.465625 0.023319 0.029672
0 0.051562 0.482292 0.018048 0.02325
0 0.410156 0.492708 0.02365 0.028234
0 0.253125 0.510417 0.020789 0.026845
0 0.267969 0.520833 0.03353 0.038348
0 0.088281 0.51875 0.019733 0.025046
0 0.788281 0.521875 0.025949 0.029877
0 0.801562 0.544792 0.061789 0.043973
0 0.827344 0.555208 0.024736 0.034375
0 0.4375 0.577083 0.024946 0.031337
0 0.650781 0.584375 0.01998 0.028483
0 0.292969 0.5875 0.022694 0.030993
0 0.314844 0.602083 0.019683 0.026728
0 0.926562 0.615625 0.026617 0.049209
0 0.127344 0.632292 0.017438 0.024063
0 0.194531 0.651042 0.022418 0.029062
0 0.561719 0.676042 0.022675 0.027132
0 0.150781 0.698958 0.026712 0.033532
0 0.500781 0.695833 0.02044 0.030438
0 0.965625 0.713542 0.022026 0.038568
0 0.28125 0.715625 0.018939 0.024442
0 0.514062 0.784375 0.031196 0.061575
0 0.559375 0.771875 0.018939 0.024442
0 0.033594 0.785417 0.022861 0.027439
0 0.360156 0.804167 0.019909 0.025929
0 0.802344 0.815625 0.032405 0.035701
0 0.742188 0.834375 0.021172 0.028874
0 0.321875 0.858333 0.024394 0.028127
0 0.182031 0.878125 0.032366 0.037592
0 0.429688 0.9 0.023668 0.031558
0 0.926562 0.907292 0.017982 0.022269
0 0.457031 0.919792 0.024224 0.033196
0 0.624219 0.916667 0.019992 0.026974
0 0.492188 0.920833 0.018331 0.025253
0 0.671875 0.923958 0.019531 0.027083
0 0.398438 0.933333 0.028139 0.033352
0 0.989594 0.933333 0.020813 0.031243
0 0.142187 0.946875 0.026537 0.033111
0 0.504687 0.95625 0.024483 0.042769
0 0.580469 0.98125 0.026251 0.035002
0 0.621875 0.980208 0.018939 0.024442