0 0.817187 0.034375 0.019627 0.024405
0 0.738281 0.076042 0.022874 0.032977
0 0.076563 0.078125 0.023645 0.033053
0 0.125781 0.096875 0.036669 0.059027
0 0.751563 0.113542 0.026215 0.039328
0 0.821875 0.139583 0.019683 0.026728
0 0.335156 0.20625 0.028226 0.032566
0 0.257031 0.247917 0.027122 0.036884
0 0.892969 0.294792 0.022849 0.032869
0 0.669531 0.302083 0.032688 0.03817
0 0.251563 0.319792 0.045872 0.048669
0 0.696875 0.338542 0.047224 0.071159
0 0.426563 0.334375 0.02551 0.035817
0 0.332813 0.360417 0.024684 0.038741
0 0.19375 0.39375 0.03027 0.03577
0 0.874219 0.398958 0.023265 0.03777
0 0.221094 0.417708 0.034231 0.038506
0 0.565625 0.4375 0.024835 0.031146
0 0.864844 0.458333 0.044878 0.045127
0 0.835938 0.469792 0.0211 0.027734
0 0.200781 0.473958 0.022883 0.028677
0 0.0375 0.508333 0.021946 0.026299
0 0.559375 0.514583 0.028319 0.035747
0 0.475781 0.555208 0.027676 0.047331
0 0.94375 0.548958 0.021145 0.028907
0 0.1875 0.573958 0.021648 0.029332
0 0.664062 0.578125 0.026551 0.034902
0 0.930469 0.576042 0.022656 0.029167
0 0.3375 0.634375 0.029815 0.032942
0 0.79375 0.644792 0.025454 0.035143
0 0.361719 0.691667 0.026963 0.035543
0 0.59375 0.708333 0.068939 0.053309
0 0.625781 0.71875 0.026712 0.033532
0 0.988219 0.742708 0.023563 0.033311
0 0.642188 0.764583 0.027621 0.047334
0 0.048438 0.808333 0.020801 0.028133
0 0.323437 0.882292 0.026299 0.043085
0 0.116406 0.9 0.023796 0.029832
0 0.946094 0.927083 0.029894 0.031878
0 0.865625 0.95625 0.02365 0.028234
0 0.598437 0.990365 0.021094 0.019271
0 0.586719 0.992138 0.018769 0.015725