0 0.316406 0.055208 0.022878 0.036693
0 0.38125 0.060417 0.021563 0.029929
0 0.10625 0.164583 0.024452 0.02879
0 0.085938 0.209375 0.01902 0.024748
0 0.610156 0.210417 0.023103 0.02886
0 0.374219 0.269792 0.035979 0.032901
0 0.919531 0.277083 0.030637 0.032138
0 0.224219 0.29375 0.021911 0.030893
0 0.351562 0.29375 0.028283 0.030293
0 0.9875 0.360417 0.020528 0.029524
0 0.035937 0.366667 0.027465 0.03254
0 0.533594 0.371875 0.018876 0.02557
0 0.185938 0.438542 0.030727 0.109402
0 0.076563 0.403125 0.021791 0.032651
0 0.66875 0.463542 0.018939 0.024442
0 0.734375 0.466667 0.017721 0.025103
0 0.592187 0.482292 0.018161 0.023679
0 0.907813 0.517708 0.018442 0.024589
0 0.428125 0.540625 0.027871 0.035612
0 0.953906 0.539583 0.019773 0.0268
0 0.059375 0.596875 0.03024 0.047797
0 0.355469 0.626042 0.023129 0.033059
0 0.020313 0.678125 0.028208 0.031538
0 0.275781 0.710417 0.026 0.035478
0 0.988281 0.771875 0.022726 0.025872
0 0.857031 0.859375 0.031204 0.036711
0 0.064062 0.863542 0.019558 0.02407
0 0.367188 0.870833 0.023462 0.02919
0 0.771875 0.889583 0.031278 0.033445
0 0.449219 0.944792 0.025788 0.027151
0 0.136719 0.986409 0.026712 0.027183