0 0.644531 0.227083 0.035485 0.037131
0 0.201563 0.3 0.025928 0.037207
0 0.128125 0.327083 0.020341 0.025073
0 0.326562 0.346875 0.025928 0.037207
0 0.260156 0.453125 0.027609 0.04078
0 0.784375 0.6125 0.060322 0.0944
0 0.342187 0.6125 0.058851 0.048109
0 0.116406 0.658333 0.026064 0.033611
0 0.610156 0.690625 0.037646 0.045974
0 0.642969 0.711458 0.036248 0.038392
0 0.61875 0.76875 0.033247 0.037344
0 0.541406 0.770833 0.02095 0.027383
0 0.910937 0.825 0.028976 0.031606
0 0.310156 0.936458 0.019925 0.025905
0 0.264844 0.958333 0.018304 0.026169
0 0.080469 0.965625 0.028865 0.036863