0 0.392969 0.071875 0.024565 0.029737
0 0.467969 0.077083 0.020341 0.025073
0 0.434375 0.129167 0.02516 0.035307
0 0.685937 0.139583 0.024436 0.029089
0 0.638281 0.192708 0.027755 0.032382
0 0.992909 0.208333 0.014183 0.026389
0 0.038281 0.261458 0.019627 0.024405
0 0.491406 0.273958 0.019714 0.027305
0 0.3125 0.294792 0.021104 0.024098
0 0.332813 0.308333 0.022128 0.030307
0 0.3125 0.311458 0.018561 0.025359
0 0.496875 0.346875 0.017759 0.024215
0 0.390625 0.410417 0.021362 0.02664
0 0.621094 0.457292 0.029863 0.037066
0 0.1625 0.471875 0.023451 0.027139
0 0.272656 0.503125 0.032963 0.04272
0 0.199219 0.50625 0.027271 0.034761
0 0.214062 0.502083 0.021202 0.026349
0 0.377344 0.5125 0.019925 0.025905
0 0.573438 0.542708 0.017982 0.022269
0 0.785156 0.545833 0.01971 0.025332
0 0.06875 0.575 0.021911 0.030893
0 0.440625 0.609375 0.027891 0.033137
0 0.505469 0.614583 0.027463 0.041388
0 0.608594 0.703125 0.021343 0.030629
0 0.350781 0.714583 0.028218 0.029985
0 0.746875 0.740625 0.017301 0.024027
0 0.097656 0.751042 0.022849 0.032869
0 0.48125 0.823958 0.01902 0.024748
0 0.327344 0.833333 0.024133 0.036816
0 0.358594 0.829167 0.018773 0.023107
0 0.578125 0.830208 0.018048 0.02325
0 0.359375 0.854167 0.018008 0.02309
0 0.735938 0.96875 0.020811 0.029482
0 0.910156 0.984375 0.021259 0.029733