0 0.865625 0.03125 0.02253 0.034609
0 0.49375 0.044792 0.021408 0.02918
0 0.641406 0.042708 0.019638 0.024534
0 0.453906 0.052083 0.020745 0.031408
0 0.1125 0.145833 0.025124 0.02956
0 0.6375 0.18125 0.028145 0.036568
0 0.535156 0.244792 0.019627 0.024405
0 0.273438 0.253125 0.025002 0.031555
0 0.725 0.389583 0.018331 0.025253
0 0.057813 0.410417 0.022254 0.031093
0 0.542188 0.407292 0.018331 0.025253
0 0.778906 0.425 0.022815 0.027608
0 0.820312 0.460417 0.027448 0.028968
0 0.317188 0.469792 0.018161 0.023679
0 0.773438 0.625 0.023505 0.034935
0 0.9375 0.638542 0.022729 0.02728
0 0.739844 0.642708 0.02591 0.029014
0 0.59375 0.667708 0.023556 0.02766
0 0.089063 0.73125 0.018784 0.026311
0 0.399219 0.74375 0.025957 0.03004
0 0.298438 0.802083 0.02378 0.036905
0 0.958594 0.811458 0.01971 0.025332
0 0.467187 0.85 0.039993 0.036358
0 0.022656 0.863542 0.023103 0.02886
0 0.230469 0.895833 0.025273 0.030852
0 0.239063 0.90625 0.024708 0.030761
0 0.373437 0.910417 0.020147 0.028452
0 0.742969 0.948958 0.021788 0.035556
0 0.265625 0.954167 0.019531 0.027421
0 0.615625 0.982292 0.021563 0.029929