0 0.55625 0.045833 0.02948 0.041732
0 0.160938 0.042708 0.023652 0.033045
0 0.33125 0.070833 0.019531 0.025
0 0.15625 0.157292 0.021796 0.030069
0 0.56875 0.175 0.021203 0.030662
0 0.460938 0.25 0.022254 0.031093
0 0.800781 0.263542 0.018769 0.023116
0 0.5875 0.277083 0.021112 0.025088
0 0.789062 0.284375 0.021038 0.029672
0 0.867969 0.291667 0.021176 0.031534
0 0.742188 0.388542 0.022828 0.027821
0 0.753125 0.390625 0.025905 0.033963
0 0.371875 0.396875 0.018773 0.023107
0 0.507031 0.408333 0.020231 0.026656
0 0.8875 0.409375 0.021542 0.027554
0 0.404687 0.434375 0.018442 0.024589
0 0.753906 0.472917 0.019925 0.025905
0 0.913281 0.476042 0.025918 0.029193
0 0.214062 0.540625 0.043007 0.033782
0 0.683594 0.560417 0.037506 0.030414
0 0.915625 0.575 0.023996 0.030103
0 0.721094 0.659375 0.026217 0.043131
0 0.398438 0.673958 0.021339 0.026862
0 0.295312 0.69375 0.019768 0.025593
0 0.425781 0.722917 0.057859 0.074624
0 0.678906 0.733333 0.029757 0.030197
0 0.383594 0.745833 0.029114 0.036244
0 0.879687 0.809375 0.020528 0.029524
0 0.992921 0.807292 0.014157 0.024442
0 0.067969 0.833333 0.020676 0.026744