0 0.414062 0.021875 0.025528 0.036047
0 0.546875 0.055208 0.029488 0.037858
0 0.767188 0.067708 0.031467 0.039019
0 0.907031 0.079167 0.022376 0.031057
0 0.829688 0.166667 0.021116 0.030583
0 0.15625 0.21875 0.034936 0.049551
0 0.571094 0.315625 0.020932 0.028824
0 0.441406 0.458333 0.020627 0.027503
0 0.985938 0.459375 0.017438 0.024063
0 0.049219 0.504167 0.018008 0.02309
0 0.583594 0.569792 0.020454 0.02833
0 0.142969 0.625 0.111329 0.130385
0 0.123438 0.776042 0.02101 0.028935
0 0.307812 0.957292 0.033026 0.0437