0 0.260937 0.041667 0.024045 0.035033
0 0.019531 0.073958 0.022768 0.026762
0 0.714063 0.10625 0.02325 0.033147
0 0.884375 0.104167 0.022152 0.027355
0 0.432031 0.14375 0.021946 0.026299
0 0.765625 0.172917 0.020579 0.030481
0 0.24375 0.184375 0.021658 0.029319
0 0.947656 0.182292 0.017759 0.024215
0 0.015625 0.227083 0.022129 0.030969
0 0.05625 0.302083 0.021145 0.028907
0 0.654687 0.304167 0.019195 0.026357
0 0.432031 0.311458 0.019774 0.03233
0 0.111719 0.36875 0.019792 0.025321
0 0.28125 0.373958 0.027474 0.029548
0 0.4625 0.389583 0.021362 0.02664
0 0.675781 0.395833 0.021645 0.030804
0 0.376563 0.427083 0.020231 0.026656
0 0.511719 0.485417 0.022094 0.034631
0 0.030469 0.6125 0.022261 0.027887
0 0.190625 0.697917 0.021116 0.030583
0 0.236719 0.720833 0.027785 0.04419
0 0.911719 0.777083 0.018784 0.026311
0 0.041406 0.795833 0.022937 0.028155
0 0.085938 0.822917 0.021362 0.02664
0 0.573438 0.902083 0.030668 0.032947
0 0.717969 0.909375 0.019531 0.022917
0 0.271875 0.926042 0.021222 0.032511
0 0.277344 0.940625 0.021259 0.029733
0 0.429688 0.948958 0.018939 0.024442
0 0.704688 0.965625 0.021508 0.03051
0 0.205469 0.988101 0.022768 0.023798