0 0.65625 0.016667 0.021542 0.027554
0 0.478125 0.048958 0.01998 0.028483
0 0.077344 0.071875 0.024627 0.030507
0 0.385156 0.142708 0.026395 0.032477
0 0.3875 0.223958 0.021582 0.032612
0 0.669531 0.239583 0.026048 0.031808
0 0.167969 0.244792 0.019792 0.025321
0 0.175781 0.260417 0.023451 0.027139
0 0.165625 0.263542 0.01902 0.024748
0 0.227344 0.269792 0.023227 0.029506
0 0.271875 0.344792 0.027111 0.035073
0 0.961719 0.342708 0.019531 0.027421
0 0.732812 0.360417 0.026843 0.034125
0 0.455469 0.364583 0.019925 0.025905
0 0.1875 0.389583 0.018008 0.02309
0 0.682031 0.452083 0.026302 0.04093
0 0.7625 0.463542 0.023565 0.027875
0 0.632031 0.507292 0.019693 0.024852
0 0.1875 0.530208 0.026474 0.032764
0 0.952344 0.546875 0.020773 0.035476
0 0.539062 0.555208 0.021989 0.028877
0 0.56875 0.676042 0.024381 0.03447
0 0.524219 0.705208 0.02018 0.026907
0 0.289062 0.777083 0.027355 0.0264
0 0.438281 0.790625 0.038348 0.053125
0 0.041406 0.84375 0.020745 0.031408
0 0.558594 0.908333 0.019531 0.027421
0 0.56875 0.920833 0.021479 0.027243
0 0.551562 0.93125 0.021314 0.02663
0 0.727344 0.952083 0.022908 0.031203
0 0.928125 0.960417 0.022152 0.027355