0 0.080469 0.0625 0.020676 0.026744
0 0.563281 0.072917 0.033826 0.042136
0 0.686719 0.082292 0.019531 0.027421
0 0.964844 0.1 0.019918 0.030369
0 0.692969 0.111458 0.032156 0.031771
0 0.873437 0.134375 0.0222 0.037571
0 0.28125 0.144792 0.023081 0.032753
0 0.421875 0.151042 0.01902 0.024748
0 0.514844 0.163542 0.024736 0.037004
0 0.977344 0.182292 0.020539 0.038555
0 0.827344 0.205208 0.022286 0.036642
0 0.457031 0.202083 0.030487 0.027752
0 0.464062 0.225 0.020866 0.030437
0 0.901563 0.240625 0.022346 0.029794
0 0.2375 0.252083 0.021339 0.026862
0 0.939844 0.257292 0.020147 0.028452
0 0.735938 0.276042 0.018442 0.024589
0 0.74375 0.301042 0.021243 0.027194
0 0.753125 0.315625 0.024309 0.027699
0 0.310937 0.325 0.026124 0.031426
0 0.435937 0.326042 0.020647 0.026788
0 0.453906 0.357292 0.023977 0.041841
0 0.775 0.357292 0.021648 0.029332
0 0.200781 0.415625 0.027034 0.041185
0 0.871094 0.55 0.019683 0.026728
0 0.172656 0.58125 0.022861 0.027439
0 0.125 0.583333 0.019683 0.026728
0 0.789062 0.601042 0.031261 0.026858
0 0.301563 0.605208 0.020147 0.028452
0 0.5625 0.627083 0.024459 0.028776
0 0.78125 0.635417 0.018991 0.026389
0 0.167187 0.652083 0.021314 0.02663
0 0.851562 0.685417 0.018991 0.026389
0 0.088281 0.698958 0.023654 0.030791
0 0.384375 0.713542 0.021915 0.02956
0 0.154688 0.720833 0.020706 0.03042
0 0.789062 0.764583 0.02198 0.027324
0 0.9625 0.804167 0.019429 0.026567
0 0.151562 0.809375 0.01998 0.028483
0 0.035937 0.816667 0.021241 0.033391
0 0.660937 0.823958 0.021161 0.03552
0 0.091406 0.859375 0.023461 0.030231
0 0.355469 0.864583 0.024624 0.035128
0 0.302344 0.954167 0.019724 0.029262
0 0.445312 0.984375 0.022346 0.029794