0 0.374219 0.017963 0.0349 0.035927
0 0.707031 0.017708 0.025815 0.028335
0 0.807813 0.032292 0.021076 0.032495
0 0.015625 0.03125 0.017982 0.022269
0 0.45625 0.035417 0.021119 0.029767
0 0.932813 0.051042 0.03205 0.042733
0 0.758594 0.063542 0.017438 0.024063
0 0.663281 0.073958 0.024371 0.03362
0 0.563281 0.094792 0.01971 0.025332
0 0.429688 0.121875 0.02032 0.023137
0 0.152344 0.133333 0.021203 0.030662
0 0.646875 0.15 0.018784 0.026311
0 0.203125 0.165625 0.025243 0.032454
0 0.785156 0.167708 0.023103 0.02886
0 0.751563 0.205208 0.024652 0.030465
0 0.228125 0.222917 0.021112 0.025088
0 0.174219 0.229167 0.019773 0.0268
0 0.457031 0.2375 0.026045 0.036005
0 0.328125 0.246875 0.023607 0.028741
0 0.904687 0.254167 0.021645 0.030804
0 0.594531 0.261458 0.024736 0.037004
0 0.213281 0.270833 0.04301 0.043968
0 0.547656 0.279167 0.026979 0.035446
0 0.988281 0.279167 0.019446 0.026546
0 0.900781 0.292708 0.025157 0.035606
0 0.059375 0.294792 0.021565 0.035572
0 0.227344 0.303125 0.027693 0.041677
0 0.176563 0.3 0.018561 0.025359
0 0.259375 0.316667 0.028584 0.060565
0 0.939063 0.311458 0.024309 0.027699
0 0.040625 0.325 0.047842 0.049822
0 0.672656 0.3125 0.020627 0.027503
0 0.90625 0.31875 0.022683 0.027202
0 0.900781 0.323958 0.020422 0.025409
0 0.074219 0.330208 0.022111 0.027748
0 0.609375 0.470833 0.411662 0.432574
0 0.305469 0.4 0.027851 0.043442
0 0.246094 0.398958 0.030783 0.042623
0 0.35 0.396875 0.02752 0.030504
0 0.78125 0.419792 0.025677 0.048085
0 0.85625 0.413542 0.026741 0.035213
0 0.94375 0.423958 0.018161 0.023679
0 0.448437 0.440625 0.018442 0.024589
0 0.625781 0.465625 0.036224 0.045125
0 0.821875 0.475 0.025084 0.031877
0 0.013904 0.490625 0.027809 0.036869
0 0.15 0.488542 0.017658 0.024165
0 0.369531 0.498958 0.028708 0.037808
0 0.853125 0.525 0.021198 0.026257
0 0.927344 0.534375 0.028966 0.029126
0 0.964063 0.586458 0.01802 0.023067
0 0.809375 0.625 0.019633 0.024542
0 0.626563 0.63125 0.027905 0.034571
0 0.178906 0.64375 0.027784 0.032654
0 0.984375 0.644792 0.022303 0.032753
0 0.503125 0.65 0.025058 0.034018
0 0.584375 0.648958 0.02817 0.032393
0 0.689063 0.653125 0.023718 0.029015
0 0.297656 0.660417 0.025589 0.035797
0 0.414844 0.665625 0.020566 0.026042
0 0.775781 0.688542 0.026548 0.037321
0 0.107813 0.684375 0.018939 0.024442
0 0.758594 0.713542 0.030137 0.037693
0 0.014844 0.730208 0.023908 0.033445
0 0.675781 0.742708 0.0367 0.049912
0 0.35625 0.74375 0.036588 0.04592
0 0.446875 0.75625 0.031179 0.042748
0 0.476562 0.779167 0.029287 0.033514
0 0.630469 0.784375 0.026787 0.037786
0 0.754687 0.791667 0.032405 0.035701
0 0.513281 0.827083 0.032546 0.038932
0 0.144531 0.860417 0.025747 0.034775
0 0.095312 0.877083 0.024652 0.030465
0 0.201563 0.880208 0.018096 0.024127
0 0.13125 0.89375 0.022325 0.028159
0 0.542969 0.894792 0.029006 0.033575
0 0.211719 0.923958 0.035815 0.043705
0 0.765625 0.93125 0.027872 0.033345
0 0.007735 0.932292 0.015471 0.024589
0 0.451562 0.938542 0.022945 0.029561
0 0.711719 0.947917 0.022665 0.025104
0 0.126562 0.975 0.03467 0.041238