0 0.133594 0.008661 0.018784 0.017322
0 0.604688 0.009953 0.021098 0.019905
0 0.458594 0.016667 0.026211 0.031218
0 0.061719 0.022917 0.021653 0.030795
0 0.439063 0.027083 0.020579 0.030481
0 0.823438 0.028125 0.021701 0.028014
0 0.328125 0.030208 0.022129 0.030969
0 0.474219 0.033333 0.020209 0.029396
0 0.178906 0.0375 0.022129 0.030969
0 0.284375 0.036458 0.022017 0.028277
0 0.730469 0.048958 0.02612 0.051212
0 0.714063 0.054167 0.021116 0.030583
0 0.928125 0.053125 0.019693 0.028264
0 0.414844 0.086458 0.020664 0.032451
0 0.657813 0.088542 0.017982 0.022269
0 0.977344 0.095833 0.020134 0.027719
0 0.683594 0.101042 0.023977 0.034121
0 0.473438 0.117708 0.025171 0.029147
0 0.923438 0.11875 0.018331 0.025253
0 0.219531 0.13125 0.020046 0.026244
0 0.784375 0.135417 0.02215 0.034504
0 0.967969 0.135417 0.02389 0.029491
0 0.838281 0.139583 0.027871 0.035612
0 0.208594 0.138542 0.02269 0.029686
0 0.635938 0.140625 0.021816 0.032581
0 0.342969 0.153125 0.018921 0.024472
0 0.324219 0.159375 0.027349 0.034246
0 0.3875 0.166667 0.0184 0.026183
0 0.071875 0.170833 0.021116 0.030583
0 0.828125 0.176042 0.024496 0.029918
0 0.665625 0.180208 0.018442 0.024589
0 0.342187 0.185417 0.021116 0.030583
0 0.839063 0.198958 0.018939 0.024442
0 0.440625 0.220833 0.02127 0.026124
0 0.589063 0.229167 0.025307 0.033133
0 0.160156 0.235417 0.024182 0.034926
0 0.110156 0.236458 0.021412 0.031463
0 0.799219 0.238542 0.021176 0.031534
0 0.778906 0.25 0.020046 0.026244
0 0.367188 0.269792 0.021885 0.028544
0 0.723437 0.280208 0.022643 0.032905
0 0.966406 0.286458 0.04066 0.031812
0 0.01875 0.288542 0.030735 0.033375
0 0.198437 0.295833 0.026491 0.032644
0 0.378906 0.295833 0.020866 0.030437
0 0.552344 0.297917 0.02099 0.030596
0 0.817969 0.3 0.02287 0.032981
0 0.085938 0.340625 0.029376 0.059602
0 0.441406 0.326042 0.024899 0.034055
0 0.564844 0.358333 0.020231 0.026656
0 0.646875 0.364583 0.020811 0.029482
0 0.38125 0.366667 0.023298 0.029827
0 0.835156 0.375 0.022947 0.027986
0 0.174219 0.382292 0.022828 0.027821
0 0.353906 0.390625 0.030273 0.04462
0 0.814063 0.388542 0.0223 0.033506
0 0.389062 0.384375 0.018939 0.024442
0 0.577344 0.392708 0.024433 0.03275
0 0.34375 0.403125 0.024608 0.032281
0 0.847656 0.429167 0.022489 0.033625
0 0.554688 0.426042 0.018939 0.024442
0 0.961719 0.43125 0.029056 0.032911
0 0.625781 0.465625 0.023227 0.029506
0 0.655469 0.464583 0.019247 0.026491
0 0.526563 0.465625 0.018773 0.023107
0 0.796875 0.482292 0.021648 0.029332
0 0.545312 0.485417 0.021198 0.026257
0 0.288281 0.490625 0.026057 0.030133
0 0.635938 0.528125 0.023511 0.028281
0 0.915625 0.536458 0.019558 0.02407
0 0.885156 0.563542 0.020456 0.028611
0 0.047656 0.565625 0.020479 0.026286
0 0.25625 0.591667 0.02365 0.030688
0 0.213281 0.6 0.026618 0.031354
0 0.217188 0.615625 0.025853 0.032508
0 0.70625 0.639583 0.021479 0.027243
0 0.164844 0.655208 0.025949 0.029877
0 0.336719 0.667708 0.027465 0.03254
0 0.139063 0.669792 0.02336 0.033114
0 0.446094 0.676042 0.019178 0.025168
0 0.936719 0.690625 0.018846 0.02378
0 0.738281 0.722917 0.020072 0.030358
0 0.274219 0.729167 0.020231 0.026656
0 0.125781 0.742708 0.019531 0.027421
0 0.286719 0.75 0.024563 0.032578
0 0.608594 0.747917 0.025611 0.031936
0 0.849219 0.764583 0.016702 0.023976
0 0.144531 0.770833 0.025957 0.03004
0 0.128906 0.78125 0.025837 0.030331
0 0.848437 0.790625 0.018561 0.025359
0 0.980469 0.798958 0.023444 0.032884
0 0.278125 0.796875 0.018442 0.024589
0 0.847656 0.813542 0.026157 0.036188
0 0.330469 0.810417 0.020627 0.027503
0 0.835938 0.833333 0.02486 0.031
0 0.336719 0.851042 0.01902 0.024748
0 0.046094 0.860417 0.02099 0.030596
0 0.747656 0.888542 0.028038 0.036198
0 0.183594 0.905208 0.023821 0.030088
0 0.474219 0.904167 0.02486 0.031
0 0.878125 0.932292 0.028036 0.034076
0 0.961719 0.967708 0.017438 0.024063
0 0.044531 0.978125 0.027111 0.035073
0 0.527344 0.984944 0.022376 0.030112