0 0.726562 0.014583 0.018331 0.025253
0 0.434375 0.027083 0.018124 0.023544
0 0.2125 0.048958 0.022438 0.032662
0 0.342187 0.048958 0.021362 0.02664
0 0.421094 0.061458 0.020661 0.028728
0 0.078906 0.065625 0.022439 0.032843
0 0.383594 0.069792 0.019925 0.025905
0 0.489844 0.104167 0.024101 0.03339
0 0.752344 0.129167 0.020579 0.030481
0 0.408594 0.132292 0.023906 0.033448
0 0.989717 0.132292 0.020566 0.03125
0 0.496094 0.178125 0.022828 0.027821
0 0.705469 0.308333 0.022376 0.031057
0 0.036719 0.33125 0.021653 0.030795
0 0.174219 0.33125 0.026124 0.031426
0 0.499219 0.330208 0.019714 0.027305
0 0.271094 0.357292 0.029385 0.03693
0 0.247656 0.39375 0.022632 0.038651
0 0.974219 0.395833 0.023592 0.034809
0 0.446875 0.405208 0.018008 0.02309
0 0.985938 0.413542 0.021787 0.032655
0 0.454688 0.420833 0.024247 0.026365
0 0.483594 0.4375 0.022707 0.026328
0 0.110156 0.44375 0.02003 0.029373
0 0.849219 0.446875 0.021816 0.032581
0 0.319531 0.495833 0.02018 0.026907
0 0.527344 0.561458 0.021582 0.032612
0 0.624219 0.569792 0.033077 0.036
0 0.39375 0.584375 0.026157 0.036188
0 0.516406 0.7 0.021887 0.025097
0 0.017969 0.766667 0.02365 0.028234
0 0.854688 0.773958 0.018442 0.024589
0 0.689063 0.8 0.025171 0.029147
0 0.317969 0.813542 0.017438 0.024063
0 0.269531 0.839583 0.025884 0.029767
0 0.849219 0.85 0.018331 0.025253
0 0.303906 0.896875 0.01875 0.023958