0 0.297656 0.082292 0.064637 0.114839
0 0.075781 0.092708 0.032827 0.031414
0 0.025 0.195833 0.025062 0.035457
0 0.808594 0.35 0.022876 0.031243
0 0.658594 0.355208 0.028211 0.031732
0 0.709375 0.390625 0.020666 0.028723
0 0.871875 0.4375 0.03396 0.036115
0 0.024219 0.44375 0.023718 0.029015
0 0.846875 0.501042 0.021542 0.027554
0 0.40625 0.534375 0.02537 0.032683
0 0.142969 0.553125 0.023903 0.032879
0 0.157812 0.697917 0.026536 0.039495
0 0.110937 0.761458 0.029747 0.036536
0 0.448437 0.786458 0.018939 0.024442
0 0.253125 0.796875 0.019574 0.023676
0 0.185938 0.803125 0.026901 0.032323
0 0.677344 0.813542 0.032135 0.032405
0 0.599219 0.86875 0.026962 0.031629
0 0.079687 0.872917 0.023438 0.028125
0 0.745313 0.880208 0.023732 0.02872
0 0.986719 0.89375 0.022514 0.042764
0 0.952344 0.946875 0.023345 0.03313
0 0.357031 0.983992 0.026823 0.032016
0 0.657813 0.991378 0.019558 0.017243