0 0.934375 0.013914 0.020736 0.027828
0 0.538281 0.066667 0.029804 0.035696
0 0.267969 0.0875 0.026663 0.030571
0 0.653906 0.09375 0.019992 0.026974
0 0.325781 0.159375 0.032782 0.040699
0 0.088281 0.173958 0.028924 0.035536
0 0.910937 0.183333 0.024573 0.035298
0 0.45625 0.2 0.033621 0.040581
0 0.534375 0.197917 0.019782 0.028249
0 0.532813 0.209375 0.026886 0.032112
0 0.592969 0.228125 0.030467 0.038666
0 0.43125 0.252083 0.020537 0.027934
0 0.65625 0.286458 0.036491 0.056972
0 0.59375 0.301042 0.031862 0.043987
0 0.605469 0.302083 0.017658 0.024165
0 0.105469 0.339583 0.025512 0.03911
0 0.853125 0.351042 0.033749 0.049978
0 0.520312 0.369792 0.018442 0.024589
0 0.885156 0.3875 0.035736 0.04411
0 0.629687 0.397917 0.036753 0.042748
0 0.25 0.421875 0.026155 0.040825
0 0.453906 0.475 0.039135 0.033307
0 0.636719 0.504167 0.022768 0.026762
0 0.605469 0.521875 0.024885 0.038061
0 0.990478 0.516667 0.019045 0.027372
0 0.825781 0.516667 0.018773 0.023107
0 0.392969 0.523958 0.020339 0.023705
0 0.225 0.554167 0.038795 0.048617
0 0.826562 0.563542 0.024348 0.028789
0 0.978125 0.564583 0.019768 0.025593
0 0.335156 0.58125 0.018846 0.02378
0 0.823438 0.598958 0.020432 0.028638
0 0.979688 0.621875 0.018354 0.025228
0 0.044531 0.642708 0.026114 0.032925
0 0.65625 0.647917 0.024898 0.035495
0 0.853125 0.68125 0.029597 0.049535
0 0.310156 0.738542 0.038084 0.048873
0 0.242969 0.746875 0.020081 0.033397
0 0.689844 0.745833 0.019531 0.027421
0 0.2625 0.778125 0.036006 0.04471
0 0.794531 0.839583 0.052451 0.041274
0 0.485156 0.875 0.033912 0.041903
0 0.536719 0.914583 0.018846 0.02378
0 0.960156 0.917708 0.020432 0.028638
0 0.616406 0.926042 0.043045 0.038546
0 0.305469 0.921875 0.020582 0.02854
0 0.233594 0.963542 0.022937 0.028155
0 0.375 0.975 0.033464 0.039013
0 0.66875 0.988995 0.025806 0.02201