0 0.139844 0.058333 0.021112 0.025088
0 0.432812 0.132292 0.030697 0.03507
0 0.359375 0.158333 0.105748 0.078113
0 0.835156 0.15 0.032998 0.045909
0 0.632031 0.173958 0.028048 0.036041
0 0.333594 0.211458 0.019733 0.025046
0 0.285938 0.277083 0.023559 0.034449
0 0.88125 0.290625 0.018124 0.023544
0 0.75 0.304167 0.025781 0.032981
0 0.260156 0.347917 0.031874 0.051916
0 0.7 0.336458 0.022672 0.032831
0 0.344531 0.379167 0.019633 0.024542
0 0.217969 0.538542 0.050784 0.028325
0 0.507031 0.594792 0.021259 0.029733
0 0.725781 0.651042 0.031639 0.036065
0 0.625 0.771875 0.029838 0.033887
0 0.741406 0.796875 0.024652 0.030465
0 0.059375 0.80625 0.018008 0.02309
0 0.8625 0.8625 0.054712 0.034764
0 0.3625 0.9125 0.027107 0.059459
0 0.034375 0.914583 0.028396 0.047427