0 0.714844 0.042708 0.049746 0.062402
0 0.990566 0.028125 0.018868 0.027748
0 0.267969 0.127083 0.023438 0.03125
0 0.730469 0.209375 0.043995 0.04088
0 0.658594 0.219792 0.027446 0.035786
0 0.146094 0.332292 0.026734 0.029536
0 0.317969 0.403125 0.023718 0.029015
0 0.417187 0.463542 0.032294 0.038132
0 0.832031 0.495833 0.054069 0.042869
0 0.415625 0.528125 0.027736 0.035553
0 0.417187 0.551042 0.052328 0.054263
0 0.460938 0.569792 0.018691 0.025445
0 0.726562 0.651042 0.024312 0.036983
0 0.369531 0.658333 0.031892 0.039969
0 0.529687 0.692708 0.035259 0.040554
0 0.678906 0.708333 0.019531 0.027421
0 0.012618 0.725 0.025236 0.043404
0 0.194531 0.819792 0.026101 0.032719
0 0.155469 0.905208 0.036163 0.039436