0 0.750781 0.047917 0.023515 0.026818
0 0.911719 0.101042 0.020666 0.028723
0 0.215625 0.135417 0.025071 0.030312
0 0.335156 0.1875 0.018999 0.02628
0 0.778125 0.195833 0.024039 0.030661
0 0.402344 0.225 0.032422 0.035444
0 0.699219 0.253125 0.026189 0.036773
0 0.60625 0.284375 0.018442 0.024589
0 0.496875 0.310417 0.027061 0.042973
0 0.854688 0.314583 0.025685 0.038911
0 0.507812 0.384375 0.066259 0.075612
0 0.698438 0.396875 0.02292 0.033794
0 0.845313 0.533333 0.037344 0.046542
0 0.892188 0.620833 0.019574 0.023676
0 0.664062 0.629167 0.024238 0.039798
0 0.788281 0.790625 0.021104 0.024098
0 0.666406 0.820833 0.029181 0.032843
0 0.549219 0.864583 0.030799 0.038928
0 0.417969 0.872917 0.021198 0.026257
0 0.009625 0.891667 0.01925 0.030914
0 0.464062 0.9125 0.022796 0.034721
0 0.251563 0.917708 0.021222 0.032511
0 0.377344 0.975 0.027031 0.036966
0 0.823438 0.987304 0.020529 0.025393