0 0.139063 0.104167 0.02469 0.043829
0 0.63125 0.122917 0.032012 0.040098
0 0.604688 0.177083 0.021041 0.035526
0 0.828125 0.190625 0.018442 0.024589
0 0.525781 0.195833 0.021689 0.030701
0 0.963281 0.215625 0.022947 0.027986
0 0.6125 0.253125 0.030407 0.042906
0 0.805469 0.245833 0.019247 0.026491
0 0.31875 0.25 0.024496 0.029918
0 0.565625 0.259375 0.029714 0.031394
0 0.878906 0.265625 0.017438 0.024063
0 0.867969 0.290625 0.026141 0.037264
0 0.565625 0.29375 0.027558 0.032833
0 0.477344 0.298958 0.020432 0.028638
0 0.621875 0.3375 0.026071 0.039357
0 0.886719 0.375 0.020422 0.030453
0 0.430469 0.391667 0.024533 0.03271
0 0.520312 0.465625 0.027624 0.03239
0 0.2125 0.508333 0.025394 0.035366
0 0.869531 0.511458 0.025095 0.028633
0 0.447656 0.525 0.038374 0.034299
0 0.055469 0.616667 0.026892 0.035856
0 0.596094 0.63125 0.019681 0.02538
0 0.200781 0.653125 0.025474 0.037404
0 0.950781 0.6625 0.026159 0.03105
0 0.70625 0.6875 0.02742 0.034417
0 0.659375 0.75 0.024975 0.031796
0 0.525 0.755208 0.021259 0.029733
0 0.636719 0.789583 0.02143 0.027648
0 0.738281 0.883333 0.026792 0.066722
0 0.926562 0.910417 0.029276 0.03606
0 0.722656 0.909375 0.020661 0.028728
0 0.697656 0.942708 0.023978 0.031181
0 0.373437 0.945833 0.028222 0.03504