0 0.766406 0.026042 0.027447 0.031709
0 0.284375 0.042708 0.018442 0.024589
0 0.639062 0.085417 0.034569 0.035192
0 0.328125 0.111458 0.037045 0.037573
0 0.0375 0.1125 0.025334 0.035549
0 0.050781 0.130208 0.020666 0.028723
0 0.575 0.29375 0.03055 0.037138
0 0.154688 0.423958 0.018367 0.028175
0 0.625 0.580208 0.018442 0.024589
0 0.210156 0.60625 0.032566 0.061828
0 0.303125 0.692708 0.024341 0.028597
0 0.564063 0.766667 0.051798 0.050428
0 0.790625 0.789583 0.05455 0.053185
0 0.40625 0.836458 0.027678 0.033246