0 0.865625 0.205208 0.020932 0.028824
0 0.233594 0.213542 0.021978 0.027245
0 0.754687 0.255208 0.027615 0.034711
0 0.733594 0.251042 0.019574 0.023676
0 0.65 0.361458 0.025589 0.035797
0 0.6625 0.363542 0.018442 0.024589
0 0.66875 0.371875 0.024341 0.028597
0 0.046094 0.426042 0.017438 0.024063
0 0.922656 0.432292 0.019972 0.028419
0 0.696094 0.434375 0.023298 0.029827
0 0.230469 0.534375 0.019925 0.025905
0 0.721094 0.577083 0.022768 0.026762
0 0.1 0.603125 0.021648 0.029332
0 0.171875 0.686458 0.038902 0.047962
0 0.703906 0.709375 0.02314 0.036784
0 0.721875 0.759375 0.021701 0.028014
0 0.558594 0.808333 0.020627 0.027503
0 0.721094 0.807292 0.019792 0.025321
0 0.551562 0.857292 0.020147 0.028452
0 0.096875 0.889583 0.024382 0.047007
0 0.663281 0.883333 0.020072 0.030358
0 0.957812 0.882292 0.018939 0.024442
0 0.796875 0.896875 0.018442 0.024589
0 0.826562 0.907292 0.017759 0.024215