0 0.590625 0.033333 0.018756 0.022285
0 0.627344 0.038542 0.021582 0.032612
0 0.279687 0.038542 0.028976 0.031606
0 0.765625 0.048958 0.02434 0.033657
0 0.007066 0.082292 0.014132 0.028239
0 0.257031 0.097917 0.027912 0.039544
0 0.369531 0.109375 0.029967 0.033718
0 0.392188 0.126042 0.024039 0.03066
0 0.969531 0.160417 0.023097 0.028871
0 0.876563 0.186458 0.021915 0.02956
0 0.628125 0.215625 0.026671 0.041275
0 0.101562 0.241667 0.027405 0.054323
0 0.089063 0.239583 0.021339 0.026862
0 0.342187 0.245833 0.0314 0.035868
0 0.901563 0.254167 0.021264 0.026134
0 0.775781 0.286458 0.020945 0.028672
0 0.239063 0.295833 0.018048 0.02325
0 0.530469 0.322917 0.03819 0.058632
0 0.403906 0.317708 0.028299 0.037975
0 0.629687 0.323958 0.025021 0.038856
0 0.021226 0.371875 0.042453 0.086917
0 0.298438 0.348958 0.037527 0.034695
0 0.2125 0.354167 0.029759 0.032605
0 0.279687 0.355208 0.022268 0.032512
0 0.16875 0.365625 0.026742 0.033612
0 0.239063 0.377083 0.023185 0.034666
0 0.544531 0.391667 0.023654 0.029634
0 0.142969 0.4 0.028371 0.040511
0 0.53125 0.410417 0.027826 0.033764
0 0.689063 0.40625 0.019178 0.025168
0 0.028906 0.432292 0.027142 0.034874
0 0.823438 0.428125 0.019119 0.025492
0 0.123438 0.46875 0.024584 0.031012
0 0.761719 0.488542 0.029083 0.033854
0 0.132031 0.5 0.019683 0.026728
0 0.976562 0.571875 0.03992 0.034331
0 0.315625 0.585417 0.038842 0.043049
0 0.757812 0.58125 0.030917 0.035996
0 0.182812 0.603125 0.020736 0.028573
0 0.628125 0.60625 0.020072 0.030358
0 0.115625 0.622917 0.025726 0.035186
0 0.690625 0.641667 0.019074 0.032316
0 0.078125 0.639583 0.019992 0.026974
0 0.869531 0.644792 0.026159 0.03105
0 0.414844 0.655208 0.028828 0.042841
0 0.727344 0.684375 0.034546 0.05023
0 0.582031 0.716667 0.020046 0.026244
0 0.107031 0.736458 0.023968 0.044858
0 0.910937 0.755208 0.032126 0.031192
0 0.692187 0.7625 0.02253 0.034609
0 0.442969 0.766667 0.028143 0.028363
0 0.482812 0.772917 0.022129 0.030969
0 0.325 0.798958 0.032102 0.040983
0 0.113281 0.815625 0.017317 0.024011
0 0.208594 0.828125 0.028303 0.037971
0 0.841406 0.83125 0.020046 0.026244
0 0.077344 0.878125 0.107291 0.116332
0 0.670312 0.8375 0.022656 0.031302
0 0.54375 0.845833 0.028738 0.034936
0 0.838281 0.840625 0.017438 0.024063
0 0.520312 0.873958 0.027624 0.03239
0 0.489063 0.885417 0.026056 0.039077
0 0.04375 0.891667 0.021546 0.027548
0 0.300781 0.902083 0.029304 0.033308
0 0.988281 0.911458 0.017438 0.024063
0 0.351562 0.926042 0.027089 0.040004
0 0.423438 0.923958 0.046101 0.032678
0 0.386719 0.954167 0.023362 0.031655
0 0.132031 0.9625 0.020332 0.025089
0 0.475781 0.988208 0.023432 0.023584