0 0.290625 0.034375 0.021447 0.032454
0 0.566406 0.053125 0.048048 0.058096
0 0.750781 0.05 0.026963 0.035543
0 0.295312 0.055208 0.025424 0.031337
0 0.26875 0.060417 0.024981 0.039073
0 0.665625 0.127083 0.021689 0.030701
0 0.308594 0.242708 0.022489 0.033625
0 0.404687 0.267708 0.025424 0.031337
0 0.307812 0.355208 0.019178 0.025168
0 0.746875 0.388542 0.036115 0.040213
0 0.828125 0.471875 0.024598 0.033805
0 0.496875 0.584375 0.025928 0.037207
0 0.04375 0.588542 0.017438 0.024063
0 0.304688 0.601042 0.025511 0.032143
0 0.670312 0.6875 0.02431 0.030289
0 0.599219 0.692708 0.024336 0.03118
0 0.644531 0.735417 0.025032 0.027341
0 0.921875 0.7375 0.017757 0.026099
0 0.304688 0.75 0.031285 0.030617
0 0.659375 0.76875 0.038312 0.032924
0 0.061719 0.792708 0.024416 0.036121
0 0.373437 0.825 0.02537 0.030289
0 0.196875 0.932292 0.024393 0.038937
0 0.301563 0.978125 0.024335 0.037813