0 0.553125 0.011088 0.025884 0.022175
0 0.947656 0.023958 0.019925 0.025905
0 0.483594 0.046875 0.025594 0.03579
0 0.7375 0.063542 0.025056 0.029313
0 0.528125 0.132292 0.024608 0.032281
0 0.3375 0.222917 0.021645 0.030804
0 0.6875 0.241667 0.020045 0.029423
0 0.896875 0.265625 0.026663 0.030571
0 0.226562 0.280208 0.025069 0.027655
0 0.771094 0.286458 0.025853 0.032508
0 0.8625 0.332292 0.023385 0.032449
0 0.060156 0.359375 0.019558 0.02407
0 0.55 0.403125 0.027985 0.039341
0 0.957812 0.398958 0.018442 0.024589
0 0.564063 0.439583 0.021112 0.025088
0 0.509375 0.482292 0.055621 0.089938
0 0.236719 0.451042 0.023906 0.033448
0 0.846875 0.459375 0.027456 0.035844
0 0.800781 0.476042 0.028248 0.041561
0 0.229687 0.478125 0.025002 0.031555
0 0.486719 0.50625 0.019429 0.026567
0 0.089063 0.514583 0.018769 0.023116
0 0.504687 0.525 0.0184 0.026183
0 0.989844 0.536458 0.019762 0.028269
0 0.889062 0.570833 0.019119 0.025492
0 0.276562 0.596875 0.036978 0.053358
0 0.657031 0.616667 0.023287 0.034879
0 0.375 0.628125 0.018331 0.025253
0 0.246094 0.6375 0.022876 0.031243
0 0.142187 0.666667 0.019119 0.025492
0 0.983594 0.667708 0.019693 0.028264
0 0.744531 0.705208 0.022246 0.031817
0 0.599219 0.7125 0.023718 0.029015
0 0.197656 0.759375 0.023933 0.036696
0 0.578125 0.780208 0.052696 0.049841
0 0.353125 0.783333 0.0223 0.033506
0 0.464844 0.851042 0.024487 0.037049
0 0.278125 0.892708 0.02336 0.033114
0 0.360156 0.95 0.025003 0.032842
0 0.372656 0.958333 0.024598 0.033805
0 0.734375 0.957292 0.021727 0.028969
0 0.8125 0.957292 0.024565 0.029737