0 0.273438 0.013899 0.02099 0.027798
0 0.238281 0.017708 0.017438 0.024063
0 0.796875 0.033333 0.022118 0.031853
0 0.325781 0.036458 0.021447 0.032454
0 0.009459 0.073958 0.018918 0.033181
0 0.863281 0.089583 0.019053 0.030252
0 0.815625 0.108333 0.0184 0.026183
0 0.582031 0.120833 0.020092 0.030397
0 0.864844 0.165625 0.024057 0.106253
0 0.446875 0.15625 0.023491 0.027306
0 0.136719 0.167708 0.023491 0.027306
0 0.650781 0.173958 0.023026 0.028919
0 0.826562 0.208333 0.018161 0.023679
0 0.060937 0.214583 0.022908 0.031203
0 0.98908 0.216667 0.02184 0.031865
0 0.089063 0.264583 0.025139 0.028178
0 0.300781 0.279167 0.018442 0.024589
0 0.758594 0.288542 0.019792 0.025321
0 0.607031 0.316667 0.025578 0.055298
0 0.470313 0.375 0.025828 0.035728
0 0.023438 0.413542 0.022254 0.02805
0 0.939063 0.485417 0.018442 0.024589
0 0.578125 0.538542 0.031341 0.032997
0 0.095312 0.544792 0.020147 0.028452
0 0.960156 0.571875 0.020661 0.028728
0 0.403906 0.575 0.023556 0.02766
0 0.121875 0.628125 0.022558 0.029051
0 0.583594 0.642708 0.020147 0.028452
0 0.089844 0.64375 0.022047 0.026945
0 0.652344 0.660417 0.019992 0.026974
0 0.203906 0.691667 0.020092 0.030397
0 0.130469 0.733333 0.026623 0.028618
0 0.327344 0.735417 0.021116 0.030583
0 0.911719 0.758333 0.020627 0.027503
0 0.675781 0.764583 0.019531 0.027421
0 0.315625 0.78125 0.021116 0.030583
0 0.395313 0.780208 0.021701 0.028014
0 0.246875 0.7875 0.039105 0.032135
0 0.203125 0.821875 0.02307 0.032944
0 0.159375 0.821875 0.018939 0.024442
0 0.877344 0.851042 0.020147 0.028452
0 0.85 0.8875 0.020975 0.030555
0 0.170313 0.902083 0.027883 0.03315
0 0.222656 0.916667 0.027456 0.029955
0 0.607031 0.946875 0.022656 0.031302
0 0.7625 0.971875 0.02101 0.028935
0 0.821875 0.977083 0.021145 0.028907