0 0.752344 0.046875 0.028128 0.027158
0 0.114844 0.103125 0.039198 0.035325
0 0.488281 0.140625 0.027597 0.033767
0 0.308594 0.207292 0.025323 0.037101
0 0.297656 0.266667 0.020422 0.025409
0 0.596094 0.290625 0.023026 0.028919
0 0.629687 0.296875 0.02434 0.033657
0 0.522656 0.34375 0.023821 0.030088
0 0.296875 0.3875 0.024977 0.042874
0 0.227344 0.421875 0.02032 0.023137
0 0.161719 0.435417 0.024652 0.030465
0 0.767188 0.522917 0.028721 0.034174
0 0.447656 0.546875 0.033619 0.03551
0 0.503125 0.6 0.027612 0.032177
0 0.54375 0.628125 0.025928 0.037207
0 0.761719 0.657292 0.024263 0.040809
0 0.390625 0.69375 0.024641 0.032044
0 0.950781 0.698958 0.019633 0.024542
0 0.989564 0.789583 0.020873 0.032052
0 0.653906 0.795833 0.019925 0.025905
0 0.215625 0.875 0.025197 0.031603
0 0.217188 0.921875 0.02475 0.031228
0 0.366406 0.935417 0.022689 0.025403
0 0.553125 0.938542 0.020666 0.028723
0 0.835156 0.942708 0.020666 0.028723