0 0.389062 0.022917 0.0184 0.026183
0 0.778125 0.04375 0.024182 0.034926
0 0.910156 0.101042 0.023588 0.03325
0 0.886719 0.121875 0.02128 0.027471
0 0.608594 0.146875 0.019633 0.024542
0 0.470313 0.194792 0.033393 0.037654
0 0.539062 0.194792 0.032235 0.036248
0 0.652344 0.189583 0.018805 0.027121
0 0.622656 0.208333 0.023654 0.029634
0 0.800781 0.239583 0.036931 0.055977
0 0.285156 0.233333 0.026474 0.032764
0 0.484375 0.269792 0.018773 0.023107
0 0.701562 0.280208 0.024483 0.035321
0 0.799219 0.286458 0.024247 0.026365
0 0.116406 0.297917 0.045315 0.030424
0 0.840625 0.407292 0.030857 0.035187
0 0.070312 0.421875 0.027522 0.031911
0 0.264062 0.485417 0.028518 0.040115
0 0.815625 0.560417 0.019446 0.026546
0 0.147656 0.584375 0.026273 0.033081
0 0.189062 0.589583 0.024188 0.03293
0 0.646875 0.672917 0.021161 0.025349
0 0.658594 0.705208 0.042735 0.062692
0 0.861719 0.721875 0.042561 0.049022
0 0.925781 0.719792 0.029788 0.044157
0 0.560937 0.74375 0.025157 0.035606
0 0.314063 0.805208 0.021122 0.026093
0 0.942969 0.830208 0.023906 0.033448
0 0.896094 0.834375 0.023081 0.032753
0 0.110937 0.940625 0.030084 0.035656
0 0.7375 0.939583 0.024225 0.030977
0 0.040625 0.960417 0.021542 0.027554
0 0.739062 0.961458 0.020328 0.024087
0 0.095312 0.971875 0.049287 0.036985