0 0.574219 0.025 0.023476 0.030208
0 0.703906 0.045833 0.023287 0.034879
0 0.052344 0.08125 0.027162 0.047266
0 0.839844 0.079167 0.021116 0.030583
0 0.602344 0.096875 0.019792 0.025321
0 0.729688 0.132292 0.1154 0.116732
0 0.21875 0.117708 0.025934 0.031502
0 0.976562 0.117708 0.024459 0.028776
0 0.877344 0.120833 0.021653 0.030795
0 0.43125 0.129167 0.020313 0.026042
0 0.010407 0.134375 0.020813 0.03199
0 0.38125 0.163542 0.01902 0.024748
0 0.925781 0.20625 0.020231 0.026656
0 0.135937 0.238542 0.026975 0.032146
0 0.453906 0.2625 0.025837 0.030331
0 0.591406 0.275 0.023569 0.034832
0 0.152344 0.275 0.023592 0.030549
0 0.26875 0.314583 0.024341 0.028597
0 0.417969 0.345833 0.02674 0.030964
0 0.435156 0.345833 0.026715 0.032642
0 0.770312 0.436458 0.038904 0.072531
0 0.357031 0.508333 0.025273 0.030852
0 0.29375 0.53125 0.025188 0.032253
0 0.892188 0.54375 0.025243 0.032454
0 0.31875 0.616667 0.021479 0.027243
0 0.749219 0.642708 0.024679 0.030191
0 0.153125 0.7 0.024462 0.03156
0 0.1375 0.730208 0.023047 0.035555
0 0.778125 0.729167 0.021459 0.027275
0 0.966406 0.760417 0.035308 0.033854
0 0.253906 0.797917 0.023826 0.034994
0 0.053125 0.805208 0.022937 0.028155
0 0.160938 0.815625 0.042452 0.041844
0 0.34375 0.829167 0.027679 0.031706
0 0.426563 0.889583 0.024684 0.038741
0 0.560156 0.885417 0.025335 0.030579
0 0.3375 0.930208 0.024584 0.031012
0 0.190625 0.933333 0.024588 0.035168
0 0.751563 0.971875 0.018331 0.025253
0 0.584375 0.981196 0.028479 0.037607
0 0.871875 0.98125 0.022068 0.033675