0 0.594531 0.2125 0.03884 0.041511
0 0.496094 0.286458 0.022729 0.02728
0 0.714844 0.348958 0.028851 0.053283
0 0.403125 0.38125 0.018048 0.02325
0 0.659375 0.423958 0.025898 0.037568
0 0.888281 0.4375 0.024039 0.041771
0 0.313281 0.471875 0.023227 0.029506
0 0.403125 0.497917 0.028577 0.036218
0 0.232813 0.507292 0.021701 0.028014
0 0.322656 0.538542 0.022017 0.028277
0 0.532813 0.5375 0.019531 0.027421
0 0.269531 0.651042 0.037206 0.046347
0 0.486719 0.684375 0.030845 0.046801
0 0.103906 0.691667 0.02656 0.036426
0 0.11875 0.722917 0.024847 0.031127
0 0.128125 0.790625 0.022883 0.028677
0 0.05 0.792708 0.020566 0.026042
0 0.56875 0.81875 0.017721 0.025103
0 0.367188 0.828125 0.021648 0.029332
0 0.825 0.913542 0.020736 0.028573