0 0.875 0.082292 0.02648 0.033546
0 0.444531 0.190625 0.035971 0.034644
0 0.803125 0.301042 0.02537 0.032683
0 0.691406 0.310417 0.020231 0.026656
0 0.880469 0.358333 0.019429 0.026567
0 0.025 0.441667 0.018304 0.026169
0 0.235937 0.55625 0.027698 0.03918
0 0.307031 0.633333 0.038803 0.056324
0 0.796094 0.670833 0.02018 0.026907
0 0.0375 0.68125 0.026584 0.036397
0 0.01875 0.682292 0.01892 0.026267
0 0.030469 0.716667 0.025348 0.03196
0 0.157812 0.769792 0.022883 0.028677
0 0.80625 0.771875 0.027678 0.033246
0 0.763281 0.869792 0.022996 0.028271
0 0.130469 0.9125 0.026848 0.034118
0 0.703906 0.934375 0.030779 0.051695
0 0.98125 0.928125 0.024079 0.030374
0 0.848437 0.9375 0.021701 0.028014