0 0.457813 0.009617 0.022254 0.019234
0 0.966406 0.045833 0.018784 0.026311
0 0.404687 0.089583 0.021911 0.030893
0 0.321875 0.097917 0.02087 0.028194
0 0.78125 0.111458 0.025343 0.032814
0 0.300781 0.117708 0.023097 0.028871
0 0.414844 0.160417 0.024332 0.035222
0 0.178906 0.219792 0.021131 0.02449
0 0.827344 0.230208 0.021582 0.032612
0 0.542969 0.2375 0.022912 0.031456
0 0.833594 0.242708 0.020432 0.028638
0 0.264062 0.251042 0.027674 0.031716
0 0.009329 0.258333 0.018657 0.030701
0 0.097656 0.2875 0.023368 0.030196
0 0.511719 0.297917 0.025837 0.030331
0 0.830469 0.30625 0.038436 0.035471
0 0.364063 0.314583 0.02356 0.030315
0 0.325781 0.319792 0.021816 0.032581
0 0.303125 0.346875 0.01902 0.024748
0 0.784375 0.378125 0.021038 0.029672
0 0.958594 0.396875 0.019693 0.028264
0 0.707031 0.407292 0.026083 0.03037
0 0.089063 0.427083 0.023456 0.028163
0 0.809375 0.463542 0.023198 0.034888
0 0.363281 0.4875 0.022633 0.032689
0 0.98723 0.491667 0.02554 0.030374
0 0.476562 0.515625 0.018561 0.025359
0 0.974219 0.621875 0.020147 0.028452
0 0.123438 0.638542 0.018939 0.024442
0 0.417187 0.642708 0.02583 0.032635
0 0.85625 0.659375 0.021582 0.032612
0 0.76875 0.684375 0.025247 0.030226
0 0.267969 0.694792 0.020736 0.028573
0 0.782031 0.69375 0.019909 0.025929
0 0.186719 0.702083 0.019992 0.026974
0 0.715625 0.721875 0.021727 0.028969
0 0.014063 0.74375 0.021949 0.026392
0 0.128906 0.760417 0.022796 0.034721
0 0.710156 0.757292 0.023103 0.02886
0 0.139063 0.794792 0.022711 0.029656
0 0.603125 0.803125 0.018161 0.023679
0 0.546094 0.832292 0.020147 0.028452
0 0.142969 0.84375 0.021116 0.030583
0 0.9625 0.846875 0.025507 0.03125
0 0.473438 0.85 0.025161 0.030661
0 0.285938 0.866667 0.023475 0.026349
0 0.453906 0.870833 0.025957 0.03004
0 0.03125 0.895833 0.024535 0.029481
0 0.960156 0.913542 0.019574 0.023676
0 0.694531 0.928125 0.030176 0.034578
0 0.039062 0.933333 0.021198 0.026257
0 0.969531 0.941667 0.019925 0.025905
0 0.701562 0.952083 0.033041 0.037403
0 0.8625 0.954167 0.019429 0.026567
0 0.68125 0.959375 0.028922 0.028369
0 0.229687 0.964583 0.026251 0.035002
0 0.588281 0.9625 0.025837 0.030331
0 0.735938 0.979167 0.0211 0.027734