0 0.597656 0.010509 0.020517 0.021018
0 0.646094 0.027083 0.018331 0.025253
0 0.589063 0.038542 0.024045 0.035033
0 0.335938 0.039583 0.030528 0.030215
0 0.688281 0.05 0.018048 0.02325
0 0.772656 0.055208 0.022828 0.027821
0 0.352344 0.054167 0.018008 0.02309
0 0.129688 0.061458 0.018773 0.023107
0 0.43125 0.080208 0.021796 0.02989
0 0.1125 0.09375 0.025507 0.03125
0 0.064062 0.092708 0.022254 0.02805
0 0.717969 0.095833 0.019925 0.025905
0 0.467187 0.101042 0.024847 0.031127
0 0.502344 0.135417 0.020341 0.025073
0 0.200781 0.141667 0.023821 0.030088
0 0.378125 0.152083 0.01733 0.02503
0 0.208594 0.182292 0.042636 0.043287
0 0.383594 0.177083 0.026624 0.028684
0 0.019531 0.203125 0.021172 0.028874
0 0.578906 0.216667 0.020231 0.026656
0 0.450781 0.223958 0.025043 0.028321
0 0.006847 0.226042 0.013693 0.023676
0 0.514844 0.227083 0.019925 0.025905
0 0.590625 0.230208 0.02525 0.032349
0 0.500781 0.229167 0.023055 0.028598
0 0.240625 0.245833 0.027753 0.032981
0 0.267188 0.2625 0.024641 0.032044
0 0.250781 0.272917 0.020231 0.026656
0 0.189062 0.303125 0.024608 0.032281
0 0.438281 0.302083 0.019733 0.025046
0 0.394531 0.30625 0.020697 0.026524
0 0.217969 0.325 0.032962 0.040803
0 0.377344 0.319792 0.019925 0.025905
0 0.477344 0.363542 0.025171 0.029147
0 0.207813 0.395833 0.02674 0.030964
0 0.139844 0.4 0.019992 0.026974
0 0.111719 0.407292 0.025219 0.029986
0 0.614844 0.445833 0.022729 0.02728
0 0.39375 0.461458 0.024229 0.027144
0 0.841406 0.466667 0.017835 0.025128
0 0.317969 0.479167 0.026308 0.031809
0 0.835156 0.490625 0.022828 0.027821
0 0.860156 0.492708 0.023438 0.034009
0 0.1125 0.5 0.025436 0.040796
0 0.478906 0.5 0.019925 0.025905
0 0.178125 0.50625 0.022876 0.031243
0 0.146875 0.50625 0.02203 0.026707
0 0.163281 0.510417 0.020231 0.026656
0 0.610156 0.515625 0.019638 0.024534
0 0.955469 0.525 0.020103 0.031361
0 0.48125 0.530208 0.021804 0.02852
0 0.189062 0.540625 0.024535 0.029481
0 0.875781 0.545833 0.020811 0.029482
0 0.953125 0.545833 0.018442 0.024589
0 0.828125 0.555208 0.04849 0.035505
0 0.128125 0.5875 0.022665 0.025104
0 0.083594 0.59375 0.021112 0.025088
0 0.075 0.60625 0.021542 0.027554
0 0.65625 0.626042 0.02859 0.033229
0 0.391406 0.635417 0.023244 0.031704
0 0.642969 0.65 0.02802 0.041517
0 0.164844 0.703125 0.024467 0.034451
0 0.440625 0.707292 0.024341 0.028597
0 0.507812 0.70625 0.017721 0.025103
0 0.74375 0.719792 0.024274 0.028304
0 0.670312 0.742708 0.023791 0.046974
0 0.570312 0.734375 0.018442 0.024589
0 0.557031 0.751042 0.027558 0.032833
0 0.148438 0.759375 0.022937 0.028155
0 0.009633 0.775 0.019265 0.03454
0 0.042969 0.772917 0.019832 0.026443
0 0.614844 0.780208 0.019053 0.030252
0 0.689844 0.801042 0.017317 0.024011
0 0.888281 0.807292 0.02325 0.033147
0 0.671875 0.867708 0.018331 0.025253
0 0.867969 0.884375 0.019558 0.02407
0 0.821094 0.8875 0.023475 0.026349
0 0.972656 0.889583 0.020058 0.027568
0 0.503125 0.896875 0.026155 0.036189
0 0.01875 0.919792 0.018442 0.024589
0 0.895312 0.921875 0.019724 0.029262
0 0.151562 0.95 0.017721 0.025103
0 0.580469 0.967708 0.019415 0.028306
0 0.711719 0.967708 0.01971 0.025332
0 0.723437 0.969792 0.01902 0.024748