0 0.255469 0.042708 0.026081 0.030374
0 0.014844 0.044792 0.022868 0.029857
0 0.585938 0.089583 0.021667 0.027913
0 0.624219 0.121875 0.01902 0.024748
0 0.571875 0.147917 0.026763 0.037361
0 0.83125 0.1625 0.022937 0.038707
0 0.144531 0.175 0.021258 0.033506
0 0.635938 0.171875 0.019558 0.02407
0 0.648438 0.178125 0.023451 0.027139
0 0.883594 0.205208 0.020432 0.028638
0 0.811719 0.215625 0.019119 0.025492
0 0.122656 0.277083 0.022027 0.030978
0 0.011701 0.291667 0.023402 0.031865
0 0.697656 0.302083 0.022152 0.027355
0 0.317188 0.325 0.021362 0.02664
0 0.342969 0.351042 0.021701 0.028014
0 0.169531 0.413542 0.026083 0.03037
0 0.882031 0.596875 0.026638 0.028147
0 0.40625 0.616667 0.021145 0.028907
0 0.990671 0.620833 0.018657 0.030701
0 0.340625 0.626042 0.018442 0.024589
0 0.646875 0.785417 0.024436 0.029089
0 0.453906 0.829167 0.019773 0.0268
0 0.89375 0.888542 0.027393 0.028636
0 0.1875 0.941667 0.018784 0.026311
0 0.585938 0.98823 0.017658 0.023541