0 0.564063 0.030208 0.021222 0.032511
0 0.779687 0.039583 0.020341 0.025073
0 0.616406 0.120833 0.022346 0.029794
0 0.302344 0.132292 0.020932 0.028824
0 0.339844 0.208333 0.018052 0.026078
0 0.354687 0.246875 0.025043 0.028321
0 0.641406 0.315625 0.022883 0.028677
0 0.6125 0.329167 0.017835 0.025128
0 0.471094 0.417708 0.019693 0.028264
0 0.9375 0.45625 0.018073 0.028138
0 0.932813 0.472917 0.024393 0.035529
0 0.903906 0.484375 0.019762 0.0313
0 0.976562 0.491667 0.020313 0.026042
0 0.7 0.501042 0.021447 0.032454
0 0.302344 0.507292 0.02336 0.033114
0 0.435937 0.53125 0.021264 0.026134
0 0.592187 0.559375 0.018442 0.024589
0 0.322656 0.617708 0.022756 0.02825
0 0.774219 0.663542 0.025984 0.029621
0 0.222656 0.709375 0.021816 0.032581
0 0.584375 0.866667 0.021819 0.028356
0 0.39375 0.890625 0.02606 0.030638
0 0.824219 0.933333 0.021653 0.030795