0 0.65 0.064583 0.027111 0.035073
0 0.023438 0.0875 0.018939 0.024442
0 0.154688 0.148958 0.038835 0.077337
0 0.447656 0.125 0.023432 0.030501
0 0.389844 0.136458 0.018921 0.024472
0 0.869531 0.146875 0.018939 0.024442
0 0.424219 0.203125 0.025837 0.030331
0 0.723437 0.205208 0.018442 0.024589
0 0.725781 0.329167 0.019247 0.026491
0 0.135156 0.352083 0.029593 0.035651
0 0.228906 0.390625 0.026608 0.034667
0 0.367188 0.407292 0.02537 0.032683
0 0.14375 0.591667 0.038422 0.051901
0 0.226562 0.627083 0.018561 0.025359
0 0.907031 0.69375 0.019247 0.026491
0 0.974219 0.7125 0.017317 0.024011
0 0.742969 0.808333 0.023862 0.035072
0 0.795312 0.808333 0.026608 0.030345
0 0.671094 0.873958 0.025781 0.029167
0 0.563281 0.914583 0.026496 0.036437
0 0.021875 0.963542 0.01998 0.028483
0 0.607812 0.964583 0.024652 0.030465