0 0.88125 0.014446 0.026376 0.028892
0 0.302344 0.094792 0.019693 0.024852
0 0.454688 0.101042 0.017658 0.024165
0 0.130469 0.248958 0.020412 0.025429
0 0.563281 0.342708 0.03526 0.050759
0 0.713281 0.346875 0.025815 0.028335
0 0.190625 0.463542 0.032439 0.062589
0 0.635156 0.461458 0.020441 0.025129
0 0.052344 0.488542 0.020932 0.028824
0 0.671875 0.503125 0.025472 0.034539
0 0.13125 0.51875 0.043408 0.056162
0 0.330469 0.513542 0.020058 0.027568
0 0.713281 0.53125 0.032809 0.053496
0 0.414844 0.555208 0.019627 0.024405
0 0.596094 0.567708 0.018876 0.02557
0 0.147656 0.584375 0.022937 0.028155
0 0.213281 0.592708 0.01902 0.024748
0 0.541406 0.594792 0.021145 0.028907
0 0.089063 0.622917 0.021479 0.027243
0 0.786719 0.63125 0.030714 0.038169
0 0.68125 0.651042 0.017759 0.024215
0 0.833594 0.660417 0.017759 0.024215
0 0.332813 0.704167 0.027875 0.037763
0 0.178125 0.727083 0.020319 0.023139
0 0.8625 0.805208 0.027597 0.033767
0 0.909375 0.834375 0.018442 0.024589
0 0.142187 0.913542 0.019768 0.025593