0 0.746094 0.032292 0.02588 0.029593
0 0.395313 0.090625 0.037676 0.042215
0 0.86875 0.086458 0.017317 0.024011
0 0.885938 0.094792 0.021648 0.029332
0 0.614844 0.104167 0.032979 0.040777
0 0.791406 0.132292 0.037699 0.036273
0 0.314844 0.1375 0.029394 0.046101
0 0.023438 0.13125 0.018304 0.026169
0 0.64375 0.146875 0.024631 0.032058
0 0.185156 0.157292 0.019638 0.024534
0 0.953906 0.209375 0.024384 0.02969
0 0.610156 0.213542 0.023026 0.028919
0 0.35625 0.2625 0.024641 0.032044
0 0.55 0.279167 0.021645 0.030804
0 0.213281 0.34375 0.029516 0.0404
0 0.7625 0.346875 0.041557 0.039876
0 0.544531 0.423958 0.019792 0.025321
0 0.317969 0.434375 0.022937 0.028155
0 0.59375 0.457292 0.040691 0.04697
0 0.171094 0.453125 0.020371 0.024457
0 0.689844 0.488542 0.026263 0.031537
0 0.591406 0.501042 0.023654 0.029634
0 0.73125 0.527083 0.02834 0.035716
0 0.750781 0.548958 0.022254 0.02805
0 0.246875 0.561458 0.018769 0.023116
0 0.525781 0.6125 0.047028 0.060201
0 0.129688 0.607292 0.025183 0.032816
0 0.486719 0.6375 0.025884 0.029767
0 0.796094 0.653125 0.026286 0.037622
0 0.528125 0.678125 0.020147 0.028452
0 0.217969 0.689583 0.029834 0.038239
0 0.11875 0.694792 0.041493 0.0402
0 0.902344 0.705208 0.017317 0.024011
0 0.936719 0.732292 0.019792 0.025321
0 0.314844 0.770833 0.027271 0.034761
0 0.208594 0.784375 0.022849 0.032869
0 0.260156 0.805208 0.029913 0.038831
0 0.777344 0.914583 0.03603 0.035261
0 0.461719 0.9375 0.031054 0.04018
0 0.057813 0.966667 0.021198 0.026257
0 0.128125 0.984526 0.028373 0.030947