0 0.577344 0.016667 0.023557 0.030821
0 0.245312 0.05625 0.023503 0.034467
0 0.650781 0.096875 0.021211 0.031348
0 0.578125 0.141667 0.022152 0.027355
0 0.938281 0.148958 0.023103 0.02886
0 0.139063 0.151042 0.025095 0.028633
0 0.542188 0.16875 0.021542 0.027554
0 0.722656 0.229167 0.025826 0.029329
0 0.575 0.248958 0.028013 0.065717
0 0.879687 0.236458 0.023781 0.034173
0 0.9375 0.241667 0.02237 0.031064
0 0.29375 0.260417 0.023782 0.028969
0 0.13125 0.259375 0.020328 0.024087
0 0.876563 0.307292 0.025534 0.040129
0 0.963281 0.336458 0.020774 0.032412
0 0.171094 0.340625 0.020666 0.028723
0 0.48125 0.382292 0.02168 0.028193
0 0.774219 0.407292 0.020456 0.028611
0 0.858594 0.415625 0.023319 0.029672
0 0.094531 0.436458 0.017438 0.024063
0 0.770312 0.447917 0.021949 0.026392
0 0.413281 0.466667 0.018331 0.025253
0 0.410938 0.533333 0.021239 0.025868
0 0.050781 0.541667 0.025414 0.033885
0 0.623437 0.541667 0.028166 0.028719
0 0.315625 0.572917 0.0184 0.026183
0 0.867188 0.575 0.025095 0.028633
0 0.177344 0.588542 0.022828 0.027821
0 0.774219 0.642708 0.021107 0.029216
0 0.0375 0.671875 0.02143 0.027648
0 0.854688 0.672917 0.019531 0.027421
0 0.896875 0.676042 0.021267 0.029091
0 0.667969 0.685417 0.025815 0.028335
0 0.480469 0.714583 0.028495 0.03856
0 0.8375 0.720833 0.02394 0.030422
0 0.555469 0.7375 0.02018 0.026907
0 0.444531 0.821875 0.025726 0.035186
0 0.977344 0.819792 0.023103 0.02886
0 0.390625 0.825 0.023248 0.030703
0 0.627344 0.84375 0.022152 0.027355
0 0.564063 0.869792 0.018442 0.024589
0 0.122656 0.902083 0.024039 0.030661
0 0.446094 0.94375 0.023471 0.0311
0 0.750781 0.952083 0.019992 0.026974
0 0.936719 0.980208 0.020371 0.024457