0 0.350781 0.01343 0.021645 0.02686
0 0.134375 0.023958 0.045438 0.045523
0 0.751563 0.045833 0.023521 0.026804
0 0.234375 0.055208 0.025414 0.033885
0 0.089844 0.078125 0.028519 0.06469
0 0.1 0.072917 0.025275 0.02982
0 0.026562 0.092708 0.032108 0.04747
0 0.659375 0.0875 0.025215 0.032495
0 0.018372 0.1625 0.036745 0.033876
0 0.685156 0.183333 0.019992 0.026974
0 0.674219 0.201042 0.019638 0.024534
0 0.442969 0.278125 0.022138 0.032503
0 0.413281 0.292708 0.025011 0.035065
0 0.503125 0.297917 0.018029 0.025068
0 0.026562 0.313542 0.023227 0.029506
0 0.888281 0.327083 0.019992 0.026974
0 0.460156 0.3375 0.017982 0.022269
0 0.165625 0.396875 0.030662 0.061665
0 0.714063 0.403125 0.021903 0.030739
0 0.879687 0.408333 0.026308 0.031809
0 0.320312 0.428125 0.02486 0.031
0 0.741406 0.436458 0.026081 0.030374
0 0.700781 0.464583 0.021202 0.026349
0 0.226562 0.480208 0.023515 0.035491
0 0.453906 0.522917 0.0223 0.033506
0 0.610156 0.542708 0.030693 0.039203
0 0.501563 0.540625 0.024262 0.033667
0 0.200781 0.551042 0.067188 0.031453
0 0.844531 0.557292 0.018999 0.02628
0 0.40625 0.590625 0.021593 0.032602
0 0.615625 0.592708 0.020666 0.028723
0 0.1875 0.604167 0.024784 0.031536
0 0.675 0.6375 0.021542 0.027554
0 0.914062 0.659375 0.03867 0.058519
0 0.033594 0.667708 0.026159 0.03105
0 0.017188 0.670833 0.025727 0.032655
0 0.978125 0.68125 0.028262 0.04178
0 0.772656 0.695833 0.023396 0.036804
0 0.441406 0.691667 0.018756 0.022285
0 0.855469 0.746875 0.026783 0.036354
0 0.092188 0.777083 0.025056 0.029313
0 0.0875 0.796875 0.022346 0.029794
0 0.852344 0.838542 0.023386 0.031971
0 0.017774 0.853125 0.035548 0.0527
0 0.484375 0.86875 0.028155 0.030367
0 0.190625 0.888542 0.027442 0.041411
0 0.642188 0.892708 0.027965 0.034071
0 0.491406 0.903125 0.023432 0.030159
0 0.623437 0.979167 0.021946 0.026299