0 0.109375 0.014247 0.027965 0.028494
0 0.944531 0.191667 0.044539 0.108608
0 0.025781 0.179167 0.029191 0.043691
0 0.876563 0.169792 0.018442 0.024589
0 0.627344 0.175 0.0201 0.026364
0 0.439063 0.217708 0.026787 0.037786
0 0.667188 0.335417 0.035302 0.033952
0 0.044531 0.371875 0.027443 0.037177
0 0.476562 0.386458 0.046885 0.041745
0 0.336719 0.417708 0.033035 0.061994
0 0.81875 0.421875 0.022633 0.032689
0 0.090625 0.427083 0.030697 0.03507
0 0.173437 0.483333 0.024899 0.034055
0 0.334375 0.484375 0.020371 0.024457
0 0.254688 0.595833 0.024182 0.034926
0 0.134375 0.60625 0.034181 0.038446
0 0.120313 0.617708 0.023234 0.02937
0 0.164844 0.658333 0.029233 0.033659
0 0.064844 0.673958 0.02168 0.028193
0 0.434375 0.752083 0.031464 0.044609
0 0.469531 0.764583 0.019762 0.0313
0 0.609375 0.765625 0.018331 0.025253
0 0.314063 0.832292 0.021542 0.027554
0 0.328906 0.867708 0.028398 0.038986
0 0.485938 0.873958 0.029393 0.045734
0 0.65625 0.88125 0.027382 0.037122
0 0.496875 0.927083 0.018406 0.026178
0 0.96875 0.940625 0.023345 0.03313
0 0.34375 0.944792 0.018442 0.024589
0 0.677344 0.984192 0.028044 0.031615