0 0.489844 0.035417 0.021911 0.030893
0 0.599219 0.109375 0.018846 0.02378
0 0.260937 0.1375 0.022694 0.030993
0 0.582812 0.188542 0.036962 0.0376
0 0.385156 0.202083 0.02099 0.030596
0 0.064844 0.226042 0.026195 0.032242
0 0.358594 0.284375 0.01971 0.025332
0 0.620313 0.34375 0.021161 0.025349
0 0.135156 0.4375 0.021112 0.025088
0 0.596094 0.514583 0.019925 0.025905
0 0.954688 0.526042 0.021131 0.02449
0 0.149219 0.597917 0.027663 0.036163
0 0.903125 0.685417 0.018354 0.025228
0 0.574219 0.76875 0.050808 0.03409
0 0.057031 0.776042 0.026135 0.037662
0 0.380469 0.792708 0.022438 0.032662
0 0.6625 0.80625 0.018048 0.02325
0 0.830469 0.809375 0.020371 0.024457
0 0.935156 0.817708 0.018976 0.027221