0 0.61875 0.080208 0.031269 0.042334
0 0.379688 0.10625 0.044948 0.049422
0 0.292187 0.159375 0.018161 0.023679
0 0.907031 0.183333 0.020866 0.030437
0 0.520312 0.201042 0.029161 0.041107
0 0.324219 0.213542 0.050188 0.052784
0 0.588281 0.242708 0.028975 0.035857
0 0.335938 0.284375 0.024496 0.029918
0 0.754687 0.321875 0.018827 0.023629
0 0.622656 0.351042 0.019925 0.025905
0 0.454688 0.43125 0.041487 0.057413
0 0.139063 0.432292 0.029345 0.037191
0 0.282031 0.467708 0.020566 0.026042
0 0.686719 0.494792 0.019925 0.025905
0 0.98125 0.498958 0.024835 0.031146
0 0.339844 0.548958 0.02597 0.036688
0 0.271094 0.69375 0.040648 0.066692
0 0.649219 0.673958 0.01882 0.024173
0 0.190625 0.754167 0.02139 0.029072
0 0.889062 0.754167 0.019531 0.026042
0 0.5125 0.790625 0.029181 0.046005
0 0.357812 0.801042 0.019531 0.027421
0 0.709375 0.979167 0.020627 0.027503
0 0.016406 0.989269 0.01882 0.021462