0 0.569531 0.010831 0.020231 0.021661
0 0.716406 0.023958 0.020661 0.028728
0 0.332813 0.030208 0.01902 0.024748
0 0.221875 0.090625 0.025918 0.029193
0 0.778906 0.094792 0.020134 0.027719
0 0.397656 0.153125 0.026621 0.033198
0 0.633594 0.151042 0.024652 0.030465
0 0.827344 0.152083 0.022519 0.029368
0 0.390625 0.177083 0.02742 0.034417
0 0.835938 0.201042 0.019178 0.025168
0 0.797656 0.217708 0.022672 0.032831
0 0.398438 0.2625 0.025797 0.047071
0 0.528906 0.271875 0.023878 0.029636
0 0.520312 0.33125 0.022656 0.031302
0 0.935937 0.355208 0.018442 0.024589
0 0.625781 0.394792 0.019925 0.025905
0 0.074219 0.415625 0.026211 0.031218
0 0.672656 0.417708 0.020456 0.028611
0 0.864062 0.482292 0.018939 0.024442
0 0.448437 0.508333 0.018304 0.026169
0 0.935937 0.539583 0.021161 0.025349
0 0.363281 0.592708 0.023259 0.032779
0 0.436719 0.598958 0.022861 0.027439
0 0.342969 0.611458 0.01875 0.023958
0 0.475 0.640625 0.018124 0.023544
0 0.455469 0.672917 0.026962 0.031629
0 0.332031 0.670833 0.022947 0.027986
0 0.721094 0.671875 0.02032 0.023137
0 0.673438 0.733333 0.018406 0.026178
0 0.74375 0.746875 0.028761 0.037014
0 0.3125 0.836458 0.027691 0.037805
0 0.269531 0.848958 0.019574 0.023676
0 0.439844 0.889583 0.025837 0.030331
0 0.175 0.896875 0.022268 0.032512
0 0.425781 0.983333 0.019429 0.026567