0 0.389844 0.025 0.024652 0.030465
0 0.8625 0.054167 0.02817 0.032393
0 0.45625 0.089583 0.026033 0.036819
0 0.174219 0.109375 0.023234 0.02937
0 0.960938 0.117708 0.024598 0.033805
0 0.094531 0.180208 0.118854 0.083775
0 0.592969 0.166667 0.021508 0.03051
0 0.104688 0.233333 0.021198 0.026257
0 0.740625 0.33125 0.021239 0.025868
0 0.36875 0.340625 0.024436 0.029089
0 0.023438 0.346875 0.027036 0.038034
0 0.416406 0.401042 0.026901 0.032323
0 0.121875 0.457292 0.025246 0.037216
0 0.207813 0.482292 0.04989 0.062046
0 0.411719 0.48125 0.031972 0.042083
0 0.301563 0.502083 0.025574 0.035632
0 0.402344 0.552083 0.028308 0.031376
0 0.755469 0.60625 0.025726 0.035186
0 0.808594 0.8625 0.035204 0.032934
0 0.317188 0.876042 0.029385 0.03693
0 0.475781 0.886458 0.020736 0.028573
0 0.79375 0.894792 0.023804 0.033777
0 0.321875 0.892708 0.018096 0.024127
0 0.45625 0.963542 0.02284 0.02723