0 0.722656 0.027083 0.021459 0.027275
0 0.834375 0.053125 0.022017 0.028277
0 0.528906 0.108333 0.021094 0.026042
0 0.275781 0.14375 0.019768 0.025593
0 0.911719 0.575 0.020231 0.026656
0 0.271875 0.597917 0.021546 0.027548
0 0.395313 0.636458 0.019601 0.028352
0 0.4 0.675 0.029345 0.037191
0 0.499219 0.696875 0.020147 0.028452
0 0.46875 0.852083 0.0184 0.026183
0 0.258594 0.882292 0.019531 0.023958
0 0.8 0.891667 0.021459 0.027275
0 0.505469 0.929167 0.020616 0.067711
0 0.392188 0.928125 0.018029 0.025068