0 0.479687 0.026042 0.025907 0.03371
0 0.125 0.132292 0.023451 0.027139
0 0.264844 0.13125 0.017757 0.026099
0 0.048438 0.165625 0.029498 0.045826
0 0.722656 0.2375 0.0197 0.025227
0 0.184375 0.240625 0.018331 0.025253
0 0.345313 0.344792 0.032754 0.04183
0 0.1125 0.378125 0.017759 0.024215
0 0.699219 0.382292 0.019693 0.024852
0 0.179688 0.438542 0.02197 0.025832
0 0.722656 0.473958 0.042244 0.040953
0 0.842187 0.503125 0.017438 0.024063
0 0.310156 0.50625 0.019531 0.023958
0 0.605469 0.540625 0.037082 0.04574
0 0.8375 0.532292 0.018442 0.024589
0 0.840625 0.535417 0.018048 0.02325
0 0.546875 0.564583 0.055465 0.066101
0 0.090625 0.63125 0.030797 0.035486
0 0.686719 0.64375 0.028628 0.040951
0 0.80625 0.723958 0.037492 0.048068
0 0.807813 0.752083 0.027593 0.0349
0 0.800781 0.778125 0.018048 0.02325
0 0.785937 0.814583 0.021339 0.026862
0 0.33125 0.821875 0.018442 0.024589
0 0.975781 0.920833 0.023609 0.031982
0 0.628906 0.923958 0.024016 0.030071
0 0.615625 0.979167 0.028106 0.035108