0 0.744531 0.030208 0.022729 0.02728
0 0.692187 0.117708 0.022729 0.02728
0 0.791406 0.135417 0.02018 0.026907
0 0.690625 0.139583 0.025191 0.02884
0 0.900781 0.151042 0.020127 0.032376
0 0.686719 0.191667 0.020627 0.027503
0 0.005883 0.223958 0.011767 0.02378
0 0.832031 0.226042 0.028988 0.030175
0 0.45625 0.234375 0.024274 0.028304
0 0.3 0.307292 0.018939 0.024442
0 0.924219 0.319792 0.02426 0.027326
0 0.7125 0.335417 0.023185 0.034666
0 0.403125 0.370833 0.031326 0.031912
0 0.182031 0.372917 0.023244 0.031704
0 0.76875 0.421875 0.021701 0.028014
0 0.464844 0.423958 0.019792 0.025321
0 0.421094 0.428125 0.019574 0.023676
0 0.6375 0.491667 0.021946 0.026299
0 0.319531 0.501042 0.022558 0.029051
0 0.310156 0.535417 0.021314 0.02663
0 0.384375 0.560417 0.018784 0.026311
0 0.365625 0.611458 0.021924 0.029232
0 0.852344 0.688542 0.021648 0.029332
0 0.533594 0.695833 0.02273 0.025968
0 0.515625 0.848958 0.025348 0.03196
0 0.632031 0.873958 0.023451 0.027139
0 0.69375 0.911458 0.024076 0.032101
0 0.545312 0.911458 0.021924 0.029232
0 0.141406 0.928125 0.017438 0.024063
0 0.389062 0.951042 0.018939 0.024442