0 0.407031 0.101042 0.031572 0.041334
0 0.042969 0.154167 0.025052 0.026576
0 0.275781 0.163542 0.028635 0.036202
0 0.474219 0.232292 0.022828 0.027821
0 0.352344 0.248958 0.027054 0.032892
0 0.1875 0.290625 0.024565 0.029737
0 0.442188 0.30625 0.032304 0.04688
0 0.942187 0.373958 0.029061 0.031417
0 0.2 0.410417 0.021618 0.02791
0 0.636719 0.420833 0.022376 0.031057
0 0.135937 0.448958 0.020938 0.027401
0 0.639062 0.453125 0.01882 0.024173
0 0.65625 0.484375 0.029641 0.038909
0 0.339844 0.50625 0.047004 0.053753
0 0.442188 0.521875 0.02684 0.038261
0 0.323437 0.541667 0.020341 0.025073
0 0.541406 0.553125 0.023987 0.031479
0 0.769531 0.629167 0.018331 0.025253
0 0.534375 0.633333 0.020529 0.025786
0 0.621875 0.679167 0.025296 0.039137
0 0.360156 0.684375 0.047317 0.046357
0 0.178906 0.697917 0.026542 0.038987
0 0.394531 0.838542 0.018442 0.024589
0 0.821875 0.880208 0.043214 0.039868
0 0.453125 0.967708 0.022017 0.028277