0 0.478906 0.013896 0.021116 0.027791
0 0.311719 0.021875 0.018816 0.028149
0 0.872656 0.054167 0.025836 0.027678
0 0.275781 0.057292 0.020661 0.028728
0 0.083594 0.075 0.025838 0.032623
0 0.713281 0.094792 0.023319 0.029672
0 0.7375 0.095833 0.021362 0.02664
0 0.819531 0.102083 0.019084 0.024921
0 0.107031 0.127083 0.023557 0.030821
0 0.659375 0.144792 0.018442 0.024589
0 0.640625 0.189583 0.018331 0.025253
0 0.23125 0.195833 0.022194 0.034506
0 0.794531 0.190625 0.018846 0.02378
0 0.578125 0.195833 0.018008 0.02309
0 0.5125 0.266667 0.021203 0.030662
0 0.489844 0.292708 0.022995 0.032052
0 0.653125 0.295833 0.022947 0.027986
0 0.060937 0.35625 0.026572 0.029211
0 0.165625 0.369792 0.021804 0.02852
0 0.58125 0.419792 0.018939 0.024442
0 0.792969 0.43125 0.020583 0.030478
0 0.25625 0.444792 0.029713 0.027407
0 0.396875 0.49375 0.026214 0.034062
0 0.333594 0.509375 0.057313 0.060467
0 0.728906 0.505208 0.01998 0.028483
0 0.092188 0.528125 0.02426 0.027326
0 0.042969 0.5625 0.023103 0.02886
0 0.379688 0.604167 0.022254 0.02805
0 0.039062 0.628125 0.019627 0.024405
0 0.692969 0.666667 0.022861 0.027439
0 0.323437 0.682292 0.024736 0.030494
0 0.174219 0.705208 0.022519 0.029368
0 0.286719 0.716667 0.024255 0.035228
0 0.067969 0.723958 0.022346 0.029794
0 0.585156 0.759375 0.023611 0.040776
0 0.295312 0.771875 0.016702 0.023976
0 0.783594 0.814583 0.02018 0.026907
0 0.705469 0.825 0.032868 0.036695
0 0.721875 0.823958 0.022017 0.028277
0 0.172656 0.848958 0.02336 0.033114
0 0.542969 0.854167 0.022908 0.031203
0 0.810156 0.859375 0.02269 0.029686
0 0.964844 0.913542 0.021899 0.034554
0 0.044531 0.946875 0.022286 0.036642