0 0.402344 0.012323 0.037698 0.024647
0 0.432031 0.070833 0.025899 0.036038
0 0.916406 0.180208 0.029894 0.031877
0 0.745313 0.216667 0.024348 0.028789
0 0.219531 0.21875 0.02018 0.026907
0 0.303906 0.219792 0.022916 0.027967
0 0.438281 0.242708 0.028606 0.036385
0 0.705469 0.238542 0.024309 0.027699
0 0.925 0.247917 0.025095 0.028633
0 0.15625 0.251042 0.022669 0.026114
0 0.59375 0.252083 0.018008 0.02309
0 0.652344 0.278125 0.025806 0.027353
0 0.275 0.30625 0.02686 0.03622
0 0.748437 0.31875 0.022675 0.027132
0 0.477344 0.40625 0.048099 0.08135
0 0.9125 0.385417 0.021076 0.032495
0 0.674219 0.392708 0.022466 0.036608
0 0.022656 0.439583 0.026555 0.039475
0 0.788281 0.447917 0.022376 0.031057
0 0.609375 0.486458 0.018096 0.024127
0 0.494531 0.536458 0.02588 0.029593
0 0.067187 0.615625 0.021314 0.02663
0 0.139844 0.61875 0.020341 0.025073
0 0.4625 0.627083 0.018331 0.025253
0 0.363281 0.665625 0.025905 0.030541
0 0.503906 0.666667 0.021448 0.030739
0 0.192188 0.669792 0.018939 0.024442
0 0.529687 0.679167 0.018331 0.025253
0 0.828125 0.702083 0.018331 0.025253
0 0.444531 0.717708 0.025043 0.028321
0 0.261719 0.7625 0.022908 0.031203
0 0.410938 0.776042 0.01902 0.024748
0 0.383594 0.783333 0.02095 0.027383
0 0.628125 0.813542 0.027558 0.032833
0 0.010938 0.830208 0.021463 0.035497
0 0.332031 0.846875 0.022756 0.02825
0 0.007713 0.848958 0.015427 0.027243
0 0.525781 0.889583 0.030031 0.044242
0 0.576562 0.933333 0.022194 0.034506
0 0.053125 0.947917 0.021894 0.026105
0 0.460156 0.976042 0.023878 0.029636