0 0.68125 0.011773 0.021198 0.023545
0 0.65625 0.052083 0.024185 0.030712
0 0.424219 0.108333 0.025613 0.041047
0 0.096875 0.191667 0.025129 0.029733
0 0.9375 0.339583 0.023535 0.029328
0 0.364063 0.388542 0.022309 0.032747
0 0.854688 0.413542 0.019531 0.027421
0 0.352344 0.447917 0.025639 0.031693
0 0.93125 0.467708 0.022868 0.029857
0 0.270313 0.504167 0.019429 0.026567
0 0.142187 0.522917 0.02426 0.027326
0 0.796094 0.525 0.01875 0.023958
0 0.099219 0.5875 0.03968 0.046581
0 0.584375 0.603125 0.025043 0.028321
0 0.278906 0.720833 0.02525 0.032349
0 0.290625 0.733333 0.027409 0.029641
0 0.902344 0.746875 0.022874 0.032977
0 0.522656 0.797917 0.022906 0.03454
0 0.407813 0.8125 0.022346 0.029794
0 0.264062 0.832292 0.020676 0.026744