0 0.367969 0.06875 0.020328 0.024087
0 0.860938 0.120833 0.02253 0.034609
0 0.053125 0.169792 0.024679 0.030191
0 0.173437 0.179167 0.024079 0.030374
0 0.614062 0.189583 0.025677 0.048085
0 0.196875 0.204167 0.026641 0.02956
0 0.353125 0.233333 0.026015 0.034015
0 0.920312 0.297917 0.027852 0.039729
0 0.305469 0.316667 0.02674 0.030964
0 0.816406 0.338542 0.019638 0.024534
0 0.436719 0.342708 0.018816 0.028149
0 0.721094 0.36875 0.025047 0.032127
0 0.505469 0.411458 0.030709 0.033769
0 0.550781 0.441667 0.026757 0.035038
0 0.442188 0.459375 0.034217 0.039603
0 0.24375 0.459375 0.025156 0.030503
0 0.006876 0.463542 0.013753 0.024852
0 0.864062 0.479167 0.023345 0.03313
0 0.146875 0.5125 0.024858 0.03202
0 0.640625 0.55 0.024024 0.034748
0 0.5875 0.559375 0.018331 0.025253
0 0.416406 0.577083 0.023882 0.038703
0 0.517188 0.583333 0.017721 0.025103
0 0.800781 0.597917 0.021116 0.030583
0 0.986719 0.642708 0.02181 0.036573
0 0.777344 0.669792 0.026491 0.032644
0 0.489844 0.679167 0.024079 0.030374
0 0.314063 0.715625 0.02461 0.03379
0 0.34375 0.74375 0.02713 0.039731
0 0.049219 0.745833 0.020479 0.026286
0 0.558594 0.786458 0.029174 0.03406
0 0.305469 0.89375 0.02356 0.030315
0 0.317188 0.920833 0.018976 0.027221
0 0.665625 0.984199 0.033796 0.031601
0 0.699219 0.980208 0.025008 0.027148