0 0.814844 0.011028 0.022858 0.022055
0 0.421875 0.011233 0.019693 0.022465
0 0.578906 0.038542 0.01998 0.028483
0 0.785937 0.05 0.021239 0.025868
0 0.408594 0.105208 0.01813 0.025093
0 0.739844 0.108333 0.020579 0.030481
0 0.9625 0.152083 0.020441 0.025129
0 0.189062 0.180208 0.033609 0.032437
0 0.300781 0.295833 0.02487 0.038844
0 0.305469 0.310417 0.023183 0.031878
0 0.073438 0.330208 0.021701 0.028014
0 0.553906 0.430208 0.022464 0.028723
0 0.920312 0.494792 0.020072 0.030358
0 0.059375 0.541667 0.024076 0.032101
0 0.905469 0.541667 0.022707 0.026328
0 0.410156 0.559375 0.027092 0.050269
0 0.014063 0.560417 0.022129 0.030969
0 0.442969 0.601042 0.026367 0.045083
0 0.6625 0.611458 0.021648 0.029332
0 0.942187 0.6125 0.019683 0.026728
0 0.809375 0.614583 0.019429 0.026567
0 0.288281 0.620833 0.019925 0.025905
0 0.532813 0.636458 0.032158 0.031767
0 0.450781 0.648958 0.019531 0.027421
0 0.3375 0.666667 0.021198 0.026257
0 0.874219 0.676042 0.024487 0.037049
0 0.566406 0.680208 0.022643 0.032905
0 0.336719 0.694792 0.023597 0.02855
0 0.507031 0.751042 0.025467 0.03084
0 0.125781 0.755208 0.020736 0.028573
0 0.041406 0.758333 0.023557 0.030821
0 0.810937 0.758333 0.021198 0.026257
0 0.75 0.783333 0.021116 0.030583
0 0.580469 0.797917 0.020815 0.03445
0 0.471094 0.808333 0.023583 0.030562
0 0.513281 0.821875 0.019531 0.027421
0 0.503906 0.835417 0.021116 0.030583
0 0.261719 0.859375 0.024946 0.031337
0 0.642188 0.89375 0.022673 0.031282
0 0.389844 0.895833 0.020627 0.027503
0 0.294531 0.929167 0.0197 0.025227
0 0.399219 0.940625 0.024274 0.028304