0 0.9625 0.015625 0.020058 0.027568
0 0.538281 0.026042 0.025131 0.043985
0 0.261719 0.052083 0.025062 0.035457
0 0.141406 0.054167 0.025252 0.029558
0 0.398438 0.066667 0.024394 0.040925
0 0.650781 0.08125 0.019531 0.025
0 0.386719 0.14375 0.019683 0.026728
0 0.379688 0.151042 0.025071 0.030312
0 0.029687 0.1625 0.024436 0.029089
0 0.69375 0.1875 0.017757 0.026099
0 0.476562 0.201042 0.022418 0.029062
0 0.405469 0.222917 0.028273 0.03195
0 0.439063 0.228125 0.026654 0.042046
0 0.917188 0.263542 0.018442 0.024589
0 0.421875 0.385417 0.025154 0.045
0 0.260937 0.41875 0.027448 0.028968
0 0.56875 0.538542 0.017301 0.024027
0 0.902344 0.545833 0.021689 0.030701
0 0.942187 0.614583 0.022047 0.026945
0 0.674219 0.655208 0.017317 0.024011
0 0.339062 0.680208 0.024811 0.03503
0 0.741406 0.688542 0.019693 0.028264
0 0.621875 0.689583 0.018331 0.025253
0 0.846875 0.717708 0.021804 0.02852
0 0.370312 0.74375 0.017982 0.022269
0 0.175781 0.754167 0.023863 0.029661
0 0.55 0.802083 0.019558 0.02407
0 0.582031 0.825 0.02563 0.031709
0 0.654687 0.833333 0.018442 0.024589
0 0.917969 0.85 0.020579 0.030481
0 0.510938 0.884375 0.024309 0.027699
0 0.396094 0.917708 0.02003 0.029373
0 0.395313 0.94375 0.018079 0.029176
0 0.025781 0.960417 0.022438 0.032662