0 0.053906 0.012467 0.025522 0.024935
0 0.707031 0.051042 0.024095 0.033396
0 0.248438 0.053125 0.018939 0.024442
0 0.896094 0.145833 0.02018 0.026907
0 0.867969 0.195833 0.024138 0.032445
0 0.617969 0.2 0.019429 0.026567
0 0.820312 0.325 0.018784 0.026311
0 0.700781 0.344792 0.028984 0.030009
0 0.7625 0.34375 0.021239 0.025868
0 0.364063 0.351042 0.024459 0.028776
0 0.302344 0.353125 0.021701 0.028014
0 0.264062 0.398958 0.023847 0.0333
0 0.780469 0.43125 0.0184 0.026183
0 0.91875 0.444792 0.018442 0.024589
0 0.278906 0.498958 0.019627 0.024405
0 0.553906 0.5125 0.019792 0.025321
0 0.117969 0.544792 0.021653 0.030795
0 0.403125 0.564583 0.024038 0.035041
0 0.552344 0.616667 0.022067 0.026726
0 0.625 0.680208 0.022464 0.028723
0 0.677344 0.701042 0.02625 0.033969
0 0.365625 0.704167 0.028208 0.031587
0 0.126562 0.715625 0.024535 0.029481
0 0.783594 0.755208 0.020432 0.028638
0 0.213281 0.764583 0.023592 0.027503
0 0.200781 0.817708 0.027827 0.041327
0 0.105469 0.838542 0.023345 0.03313
0 0.93125 0.870833 0.022376 0.031057
0 0.452344 0.888542 0.026081 0.030374
0 0.560937 0.913542 0.022947 0.027986
0 0.963281 0.959375 0.01998 0.028483
0 0.969531 0.985417 0.020231 0.026656