0 0.377344 0.032292 0.019638 0.024534
0 0.628906 0.135417 0.020627 0.027503
0 0.067969 0.222917 0.020231 0.026656
0 0.757812 0.245833 0.024383 0.028296
0 0.088281 0.254167 0.020432 0.028638
0 0.971875 0.2625 0.020072 0.030358
0 0.875781 0.26875 0.020583 0.030478
0 0.055469 0.282292 0.022184 0.028014
0 0.442188 0.348958 0.01894 0.025253
0 0.742969 0.35 0.020627 0.027503
0 0.007596 0.359375 0.015193 0.028935
0 0.615625 0.364583 0.03069 0.035273
0 0.467969 0.365625 0.019925 0.025905
0 0.346094 0.38125 0.019429 0.026567
0 0.713281 0.408333 0.021924 0.029232
0 0.108594 0.416667 0.033018 0.035651
0 0.478906 0.457292 0.025984 0.029621
0 0.017188 0.514583 0.024308 0.036817
0 0.600781 0.511458 0.020517 0.029536
0 0.102344 0.519792 0.024565 0.029737
0 0.404687 0.521875 0.024383 0.028296
0 0.523438 0.529167 0.021546 0.027548
0 0.451562 0.55 0.020521 0.026513
0 0.567187 0.578125 0.021689 0.030701
0 0.210938 0.596875 0.021658 0.029319
0 0.308594 0.595833 0.022815 0.027608
0 0.404687 0.601042 0.021816 0.032581
0 0.603906 0.604167 0.021645 0.030804
0 0.378125 0.608333 0.021343 0.030629
0 0.682813 0.627083 0.020515 0.034408
0 0.44375 0.63125 0.024338 0.027553
0 0.039844 0.670833 0.022861 0.027439
0 0.882031 0.676042 0.023503 0.033898
0 0.411719 0.715625 0.017438 0.024063
0 0.470313 0.765625 0.020938 0.027401
0 0.6 0.797917 0.02278 0.034774
0 0.679688 0.804167 0.026562 0.026042
0 0.16875 0.916667 0.021362 0.02664
0 0.471875 0.95 0.021161 0.025349