0 0.805469 0.014861 0.019746 0.029721
0 0.560937 0.072917 0.022874 0.032977
0 0.536719 0.09375 0.020579 0.030481
0 0.961719 0.230208 0.021816 0.032581
0 0.275781 0.234375 0.029169 0.032867
0 0.228906 0.275 0.023475 0.026349
0 0.94375 0.290625 0.023863 0.029661
0 0.747656 0.304167 0.024835 0.031146
0 0.857812 0.328125 0.02237 0.031064
0 0.619531 0.34375 0.028931 0.027736
0 0.648438 0.444792 0.02426 0.027326
0 0.509375 0.451042 0.020666 0.028723
0 0.870313 0.452083 0.021243 0.027194
0 0.839063 0.473958 0.021447 0.032454
0 0.509375 0.504167 0.02099 0.030596
0 0.619531 0.522917 0.019733 0.025046
0 0.578125 0.594792 0.020774 0.032412
0 0.682813 0.597917 0.021819 0.028356
0 0.870313 0.616667 0.01733 0.02503
0 0.410156 0.683333 0.021203 0.030662
0 0.123438 0.692708 0.020945 0.028672
0 0.284375 0.694792 0.02168 0.028193
0 0.299219 0.701042 0.01882 0.024173
0 0.964063 0.753125 0.021582 0.032612
0 0.535937 0.771875 0.021819 0.028356
0 0.327344 0.797917 0.026085 0.040202
0 0.828906 0.813542 0.020666 0.028723
0 0.624219 0.853125 0.023951 0.036884
0 0.8875 0.873958 0.018304 0.026169
0 0.913281 0.877083 0.020537 0.027934
0 0.784375 0.89375 0.021546 0.027548
0 0.382031 0.920833 0.018331 0.025253
0 0.794531 0.923958 0.023592 0.027503
0 0.021094 0.935417 0.022656 0.031302
0 0.595313 0.957292 0.02606 0.030638
0 0.601562 0.977083 0.019429 0.026567