0 0.83125 0.072917 0.018304 0.026169
0 0.544531 0.1375 0.026117 0.041183
0 0.609375 0.263542 0.01948 0.030303
0 0.403125 0.294792 0.018442 0.024589
0 0.367188 0.359375 0.021339 0.026862
0 0.991378 0.359375 0.017244 0.024027
0 0.94375 0.372917 0.018008 0.02309
0 0.620313 0.444792 0.019531 0.026042
0 0.779687 0.527083 0.018756 0.022285
0 0.435937 0.536458 0.018939 0.024442
0 0.5875 0.576042 0.021343 0.030629
0 0.946875 0.598958 0.02139 0.029072
0 0.675 0.688542 0.021176 0.031534
0 0.442188 0.692708 0.017759 0.024215
0 0.635938 0.717708 0.022558 0.029051
0 0.752344 0.772917 0.019972 0.028419
0 0.714063 0.784375 0.020527 0.03648
0 0.095312 0.796875 0.02513 0.028344
0 0.153906 0.932292 0.023607 0.028741
0 0.786719 0.940625 0.022937 0.028155
0 0.6 0.95 0.024736 0.030494
0 0.172656 0.955208 0.022346 0.029794
0 0.158594 0.978125 0.02628 0.037629
0 0.110156 0.978125 0.02434 0.033657