0 0.278906 0.160417 0.029907 0.036794
0 0.098437 0.178125 0.029467 0.034498
0 0.910156 0.186458 0.019792 0.025321
0 0.616406 0.390625 0.026402 0.034282
0 0.516406 0.41875 0.027142 0.034874
0 0.354687 0.434375 0.021989 0.028877
0 0.832812 0.467708 0.019531 0.026042
0 0.207031 0.477083 0.026493 0.039277
0 0.182812 0.488542 0.027525 0.035305
0 0.480469 0.560417 0.045645 0.074935
0 0.501563 0.553125 0.026643 0.033382
0 0.657031 0.605208 0.024573 0.035298
0 0.215625 0.642708 0.025009 0.037163
0 0.322656 0.651042 0.020666 0.028723
0 0.355469 0.684375 0.018784 0.026311
0 0.622656 0.730208 0.032327 0.035304
0 0.464062 0.744792 0.01902 0.024748
0 0.60625 0.798958 0.027465 0.03254
0 0.601562 0.983333 0.035946 0.031426
0 0.510156 0.989259 0.017759 0.021482