0 0.178906 0.047917 0.030651 0.050076
0 0.614844 0.044792 0.022694 0.030993
0 0.1875 0.052083 0.023475 0.026349
0 0.41875 0.097917 0.021288 0.034513
0 0.65 0.113542 0.021479 0.027243
0 0.216406 0.145833 0.020566 0.026042
0 0.167187 0.155208 0.021172 0.028874
0 0.617188 0.197917 0.020517 0.029536
0 0.284375 0.244792 0.027753 0.032981
0 0.526563 0.267708 0.034135 0.060916
0 0.6375 0.257292 0.021508 0.03051
0 0.428906 0.267708 0.02284 0.02723
0 0.703906 0.304167 0.023322 0.05732
0 0.815625 0.302083 0.021479 0.027243
0 0.360938 0.305208 0.021885 0.028544
0 0.485156 0.359375 0.019972 0.028419
0 0.699219 0.36875 0.022861 0.027439
0 0.702344 0.432292 0.021267 0.029091
0 0.40625 0.460417 0.02762 0.034934
0 0.865625 0.45625 0.021239 0.025868
0 0.326562 0.467708 0.024688 0.037707
0 0.526563 0.4625 0.021946 0.026299
0 0.14375 0.498958 0.024322 0.027345
0 0.164062 0.516667 0.021653 0.030795
0 0.014063 0.627083 0.021946 0.026299
0 0.678906 0.646875 0.024668 0.03021
0 0.900781 0.696875 0.029861 0.032524
0 0.571094 0.696875 0.01971 0.025332
0 0.813281 0.709375 0.032822 0.026677
0 0.075 0.752083 0.021887 0.025097
0 0.795312 0.813542 0.020501 0.032435
0 0.646094 0.820833 0.026857 0.038764
0 0.79375 0.858333 0.021459 0.027275
0 0.884375 0.884375 0.017658 0.024165
0 0.588281 0.9 0.020095 0.034426
0 0.617969 0.927083 0.022908 0.031203
0 0.25625 0.940625 0.021161 0.025349
0 0.161719 0.957292 0.026381 0.045072
0 0.561719 0.978125 0.019792 0.025321