0 0.160156 0.058333 0.021653 0.030795
0 0.463281 0.123958 0.018331 0.025253
0 0.391406 0.15625 0.019909 0.025929
0 0.524219 0.190625 0.01813 0.025093
0 0.86875 0.276042 0.037014 0.038028
0 0.458594 0.280208 0.032475 0.041347
0 0.19375 0.315625 0.02934 0.037198
0 0.092188 0.363542 0.025695 0.03914
0 0.767969 0.58125 0.02628 0.037629
0 0.305469 0.6375 0.026421 0.03234
0 0.753125 0.655208 0.02654 0.035184
0 0.923438 0.710417 0.040062 0.048248
0 0.972656 0.792708 0.020836 0.046886
0 0.735938 0.80625 0.021459 0.027275
0 0.260937 0.8125 0.020676 0.026744
0 0.13125 0.86875 0.024533 0.03271
0 0.434375 0.915625 0.021575 0.028766
0 0.128906 0.953125 0.019768 0.025593