0 0.539844 0.022917 0.02274 0.033763
0 0.494531 0.052083 0.019893 0.027596
0 0.260156 0.122917 0.028128 0.027158
0 0.409375 0.136458 0.037841 0.054319
0 0.529687 0.255208 0.020736 0.028573
0 0.539844 0.267708 0.020432 0.028638
0 0.522656 0.278125 0.022017 0.028277
0 0.569531 0.282292 0.019909 0.025929
0 0.698438 0.297917 0.024835 0.031146
0 0.899219 0.30625 0.022861 0.027439
0 0.38125 0.411458 0.018773 0.023107
0 0.370312 0.417708 0.020566 0.026042
0 0.857812 0.584375 0.027383 0.035021
0 0.717187 0.730208 0.023597 0.02855
0 0.392188 0.772917 0.023821 0.030088
0 0.499219 0.770833 0.02018 0.026907
0 0.773438 0.792708 0.021915 0.02956
0 0.18125 0.827083 0.023475 0.026349
0 0.925781 0.915625 0.019638 0.024534
0 0.325 0.93125 0.022507 0.038646