0 0.301563 0.017708 0.024436 0.029089
0 0.632812 0.032292 0.024995 0.032943
0 0.925 0.035417 0.018331 0.025253
0 0.252344 0.066667 0.020479 0.031425
0 0.282031 0.083333 0.019627 0.024405
0 0.838281 0.09375 0.023103 0.02886
0 0.646875 0.153125 0.028036 0.034076
0 0.7875 0.184375 0.018939 0.024442
0 0.639062 0.208333 0.025 0.036354
0 0.628125 0.235417 0.018561 0.025359
0 0.509375 0.247917 0.026493 0.039277
0 0.917188 0.260417 0.022376 0.031057
0 0.528906 0.278125 0.022129 0.030969
0 0.407031 0.2875 0.022876 0.031243
0 0.584375 0.289583 0.018784 0.026311
0 0.692187 0.301042 0.019592 0.025156
0 0.7375 0.321875 0.021408 0.02918
0 0.528906 0.329167 0.018304 0.026169
0 0.353125 0.365625 0.017301 0.024027
0 0.736719 0.377083 0.024565 0.029737
0 0.739844 0.415625 0.022729 0.02728
0 0.610938 0.430208 0.026135 0.037662
0 0.153125 0.447917 0.021339 0.026862
0 0.929688 0.469792 0.025011 0.044919
0 0.871094 0.469792 0.022778 0.034777
0 0.329688 0.480208 0.024899 0.034055
0 0.664062 0.48125 0.021593 0.032602
0 0.735156 0.5 0.022778 0.034777
0 0.835156 0.508333 0.031328 0.032052
0 0.007713 0.533333 0.015427 0.027243
0 0.503906 0.536458 0.026621 0.033198
0 0.141406 0.539583 0.023654 0.030791
0 0.146094 0.570833 0.029083 0.033854
0 0.117969 0.579167 0.024237 0.025431
0 0.738281 0.588542 0.028073 0.035159
0 0.707031 0.595833 0.020566 0.026042
0 0.370312 0.636458 0.027872 0.033345
0 0.388281 0.641667 0.019733 0.025046
0 0.157031 0.663542 0.020566 0.026042
0 0.335156 0.671875 0.021447 0.032454
0 0.716406 0.697917 0.026594 0.04322
0 0.014844 0.719792 0.019627 0.024405
0 0.045312 0.728125 0.019733 0.025046
0 0.758594 0.758333 0.026159 0.03105
0 0.153125 0.771875 0.028277 0.039547
0 0.750781 0.775 0.022143 0.027371
0 0.326562 0.814583 0.020566 0.026042
0 0.888281 0.81875 0.019053 0.030252
0 0.209375 0.851042 0.024079 0.030374
0 0.404687 0.858333 0.024459 0.028776
0 0.366406 0.88125 0.026135 0.040294
0 0.021094 0.885417 0.023496 0.036751
0 0.273438 0.9 0.025014 0.029203
0 0.867969 0.914583 0.023293 0.029834
0 0.544531 0.930208 0.023026 0.028919
0 0.953906 0.957292 0.023026 0.028919
0 0.182812 0.959375 0.0223 0.028345