0 0.654687 0.022917 0.030073 0.034335
0 0.675781 0.025 0.019909 0.025929
0 0.628125 0.034375 0.028506 0.035084
0 0.210156 0.047917 0.03926 0.059287
0 0.546094 0.039583 0.019909 0.025929
0 0.904687 0.044792 0.031251 0.037003
0 0.927344 0.057292 0.019543 0.023126
0 0.014844 0.06875 0.023583 0.030562
0 0.095312 0.073958 0.022418 0.029062
0 0.366406 0.086458 0.023781 0.028969
0 0.571875 0.091667 0.018991 0.026389
0 0.746094 0.104167 0.059447 0.043647
0 0.176563 0.109375 0.035338 0.040219
0 0.095312 0.11875 0.0223 0.028345
0 0.917969 0.123958 0.017438 0.024063
0 0.746875 0.14375 0.025778 0.035968
0 0.121094 0.164583 0.023476 0.030208
0 0.2625 0.220833 0.027816 0.03591
0 0.495312 0.242708 0.02817 0.032393
0 0.548438 0.241667 0.04923 0.031081
0 0.170313 0.292708 0.028192 0.039329
0 0.201563 0.289583 0.017757 0.026099
0 0.6875 0.295833 0.018008 0.02309
0 0.253906 0.310417 0.028075 0.039787
0 0.644531 0.34375 0.029937 0.084421
0 0.824219 0.333333 0.029026 0.034683
0 0.296875 0.34375 0.031058 0.036589
0 0.446875 0.359375 0.022186 0.028591
0 0.530469 0.38125 0.028567 0.042069
0 0.928125 0.38125 0.02128 0.027471
0 0.633594 0.386458 0.018406 0.026178
0 0.853906 0.434375 0.024079 0.030374
0 0.671875 0.440625 0.020339 0.023705
0 0.060156 0.469792 0.029061 0.031417
0 0.9625 0.4875 0.024317 0.067722
0 0.282031 0.476042 0.023293 0.029834
0 0.065625 0.507292 0.018442 0.024589
0 0.601562 0.528125 0.036431 0.056369
0 0.048438 0.5375 0.027426 0.030596
0 0.158594 0.542708 0.019638 0.024534
0 0.603125 0.553125 0.016702 0.023976
0 0.153906 0.559375 0.024588 0.035168
0 0.123438 0.591667 0.018756 0.022285
0 0.578906 0.614583 0.023227 0.029506
0 0.96875 0.626042 0.031718 0.047628
0 0.720313 0.620833 0.027522 0.031911
0 0.13125 0.621875 0.018442 0.024589
0 0.488281 0.632292 0.027468 0.034971
0 0.594531 0.628125 0.019925 0.025905
0 0.629687 0.633333 0.021618 0.02791
0 0.511719 0.661458 0.029921 0.041009
0 0.821094 0.666667 0.020676 0.026744
0 0.358594 0.66875 0.019792 0.025321
0 0.578125 0.680208 0.040801 0.042621
0 0.442969 0.686458 0.022815 0.027608
0 0.127344 0.707292 0.026577 0.031276
0 0.498437 0.720833 0.054438 0.052954
0 0.567969 0.716667 0.026618 0.031354
0 0.610938 0.717708 0.021448 0.030739
0 0.507812 0.735417 0.03471 0.052313
0 0.678125 0.719792 0.018008 0.02309
0 0.707812 0.736458 0.022129 0.030969
0 0.796094 0.751042 0.038579 0.055737
0 0.105469 0.767708 0.018999 0.02628
0 0.136719 0.785417 0.023491 0.026002
0 0.491406 0.8125 0.023796 0.029832
0 0.752344 0.819792 0.033026 0.041639
0 0.579688 0.826042 0.025984 0.029621
0 0.117969 0.825 0.019992 0.026974
0 0.666406 0.898958 0.044536 0.033487
0 0.439063 0.928125 0.021447 0.032454
0 0.119531 0.930208 0.023385 0.032449
0 0.355469 0.932292 0.024293 0.036833
0 0.1 0.957292 0.028247 0.034847
0 0.645312 0.967708 0.028208 0.031587
0 0.658594 0.986458 0.019733 0.025046
0 0.350781 0.986814 0.023298 0.026372