0 0.295312 0.013137 0.021546 0.026274
0 0.471094 0.215625 0.024496 0.029918
0 0.033594 0.222917 0.021645 0.030804
0 0.557813 0.221875 0.018442 0.024589
0 0.483594 0.251042 0.021796 0.030069
0 0.23125 0.33125 0.017757 0.026099
0 0.723437 0.342708 0.025507 0.03125
0 0.805469 0.402083 0.023301 0.038678
0 0.842187 0.439583 0.021508 0.03051
0 0.821094 0.479167 0.020627 0.027503
0 0.059375 0.490625 0.020501 0.032435
0 0.091406 0.534375 0.018561 0.025359
0 0.283594 0.557292 0.026949 0.037497
0 0.426563 0.607292 0.022447 0.02875
0 0.804688 0.65 0.02201 0.032628
0 0.430469 0.661458 0.026166 0.030931
0 0.977344 0.675 0.019992 0.026974
0 0.314063 0.715625 0.021145 0.028907
0 0.796875 0.832292 0.021504 0.027927