0 0.749219 0.01875 0.025784 0.025116
0 0.394531 0.036458 0.019925 0.025905
0 0.121875 0.08125 0.023856 0.034731
0 0.520312 0.086458 0.029183 0.034247
0 0.791406 0.089583 0.031258 0.036923
0 0.159375 0.111458 0.02537 0.032683
0 0.16875 0.133333 0.028906 0.038542
0 0.198437 0.171875 0.02739 0.033936
0 0.710938 0.194792 0.017759 0.024215
0 0.303906 0.275 0.02516 0.035307
0 0.149219 0.283333 0.027513 0.042345
0 0.463281 0.345833 0.019773 0.0268
0 0.775781 0.346875 0.019627 0.024405
0 0.403906 0.386458 0.03251 0.040122
0 0.240625 0.404167 0.025309 0.034228
0 0.751563 0.429167 0.029627 0.037879
0 0.526563 0.446875 0.02479 0.031527
0 0.196875 0.459375 0.02461 0.03379
0 0.364844 0.461458 0.029815 0.032942
0 0.153906 0.486458 0.021896 0.030747
0 0.602344 0.489583 0.018784 0.026311
0 0.664062 0.541667 0.024898 0.035495
0 0.960156 0.602083 0.022766 0.03074
0 0.777344 0.64375 0.022815 0.027608
0 0.786719 0.653125 0.022138 0.032503
0 0.6125 0.664583 0.028104 0.03441
0 0.519531 0.688542 0.019579 0.029192
0 0.239844 0.713542 0.026376 0.032785
0 0.211719 0.719792 0.020566 0.026042
0 0.7375 0.734375 0.024631 0.032058
0 0.010687 0.74375 0.021375 0.039737
0 0.45625 0.76875 0.02964 0.041436
0 0.592187 0.776042 0.019627 0.024405
0 0.54375 0.803125 0.025472 0.034539
0 0.667969 0.809375 0.022937 0.028155
0 0.967187 0.823958 0.022883 0.028677
0 0.857812 0.833333 0.018008 0.02309
0 0.513281 0.841667 0.02018 0.026907
0 0.736719 0.864583 0.028245 0.033552
0 0.044531 0.882292 0.023771 0.032677
0 0.391406 0.93125 0.019429 0.026567
0 0.141406 0.953125 0.029501 0.034945
0 0.240625 0.953125 0.018442 0.024589
0 0.975 0.966667 0.021788 0.035556
0 0.483594 0.963542 0.019638 0.024534
0 0.991319 0.973958 0.017362 0.028728
0 0.828125 0.983333 0.024247 0.026365