0 0.820312 0.040625 0.02217 0.02922
0 0.678125 0.082292 0.024477 0.040914
0 0.583594 0.215625 0.019633 0.024542
0 0.589844 0.254167 0.019683 0.026728
0 0.236719 0.365625 0.026666 0.03073
0 0.71875 0.419792 0.035228 0.032073
0 0.660156 0.416667 0.019992 0.026974
0 0.6125 0.46875 0.024941 0.039019
0 0.573438 0.4875 0.027815 0.039999
0 0.777344 0.517708 0.029209 0.065706
0 0.541406 0.505208 0.02077 0.027051
0 0.307812 0.528125 0.020432 0.028638
0 0.909375 0.558333 0.01802 0.023067
0 0.86875 0.565625 0.021885 0.028544
0 0.873437 0.675 0.02487 0.038844
0 0.672656 0.692708 0.02713 0.039731
0 0.494531 0.880208 0.060637 0.151198
0 0.028125 0.853125 0.026663 0.030571
0 0.882812 0.948958 0.020719 0.032409
0 0.532813 0.964583 0.022143 0.027371
0 0.542188 0.978125 0.024474 0.039662