0 0.917188 0.048958 0.021546 0.027548
0 0.929688 0.060417 0.024045 0.035033
0 0.75625 0.092708 0.018052 0.026078
0 0.434375 0.097917 0.021542 0.027554
0 0.028125 0.13125 0.026624 0.028684
0 0.8 0.142708 0.026623 0.028618
0 0.241406 0.191667 0.020434 0.029303
0 0.640625 0.194792 0.021172 0.028874
0 0.540625 0.326042 0.021536 0.034565
0 0.450781 0.327083 0.024578 0.029591
0 0.788281 0.364583 0.024045 0.035033
0 0.650781 0.504167 0.019925 0.025905
0 0.892969 0.546875 0.026008 0.029876
0 0.139844 0.560417 0.02099 0.030596
0 0.471094 0.654167 0.023319 0.029672
0 0.525 0.661458 0.022447 0.02875
0 0.815625 0.682292 0.020945 0.028672
0 0.057813 0.688542 0.020745 0.031408
0 0.263281 0.691667 0.02018 0.026907
0 0.413281 0.735417 0.02095 0.027383
0 0.054688 0.755208 0.022883 0.028677
0 0.635156 0.764583 0.020579 0.030481
0 0.610156 0.81875 0.020456 0.028611
0 0.932813 0.886458 0.021393 0.027703
0 0.216406 0.895833 0.022193 0.03277
0 0.375781 0.907292 0.019693 0.028264
0 0.261719 0.940625 0.022418 0.029062
0 0.567969 0.965625 0.024452 0.02879