0 0.310937 0.073958 0.023958 0.029808
0 0.457031 0.121875 0.028349 0.032232
0 0.128125 0.133333 0.033729 0.033719
0 0.566406 0.14375 0.033878 0.038391
0 0.604688 0.158333 0.019531 0.027421
0 0.013281 0.236458 0.021479 0.027243
0 0.765625 0.271875 0.030697 0.03507
0 0.847656 0.289583 0.024698 0.032251
0 0.904687 0.292708 0.018367 0.028175
0 0.6125 0.30625 0.052708 0.047552
0 0.561719 0.33125 0.029931 0.04872
0 0.06875 0.338542 0.01902 0.024748
0 0.101562 0.344792 0.023451 0.027139
0 0.25625 0.389583 0.030084 0.035656
0 0.234375 0.388542 0.021921 0.025381
0 0.654687 0.419792 0.029358 0.038876
0 0.898438 0.438542 0.036112 0.065386
0 0.45 0.475 0.019429 0.026567
0 0.453125 0.540625 0.031474 0.046486
0 0.486719 0.544792 0.026136 0.034848
0 0.753906 0.575 0.032582 0.037135
0 0.432031 0.665625 0.019627 0.024405
0 0.685937 0.677083 0.024459 0.028776
0 0.973437 0.676042 0.021658 0.029319
0 0.167969 0.694792 0.022707 0.026328
0 0.729688 0.784375 0.0517 0.053605
0 0.501563 0.792708 0.028871 0.043211
0 0.864062 0.810417 0.032698 0.055654
0 0.23125 0.814583 0.021479 0.027243
0 0.496094 0.814583 0.018561 0.025359
0 0.250781 0.833333 0.032391 0.044643
0 0.802344 0.835417 0.022325 0.028159
0 0.046875 0.865625 0.027597 0.033767
0 0.948438 0.863542 0.021819 0.028356
0 0.483594 0.923958 0.0288 0.036755
0 0.423438 0.98125 0.020811 0.029482