0 0.488281 0.082292 0.02365 0.028234
0 0.589844 0.089583 0.019746 0.030276
0 0.086719 0.116667 0.019531 0.027421
0 0.235937 0.140625 0.036858 0.034784
0 0.319531 0.172917 0.024382 0.035615
0 0.075 0.189583 0.023661 0.028066
0 0.421094 0.189583 0.022828 0.027821
0 0.26875 0.19375 0.0211 0.027734
0 0.3375 0.271875 0.020736 0.028573
0 0.702344 0.301042 0.020932 0.028824
0 0.670312 0.33125 0.018161 0.023679
0 0.006954 0.382292 0.013908 0.024589
0 0.786719 0.436458 0.022303 0.032753
0 0.734375 0.46875 0.021112 0.025088
0 0.772656 0.509375 0.025081 0.035435
0 0.1 0.517708 0.022245 0.028848
0 0.505469 0.517708 0.023988 0.030346
0 0.064844 0.521875 0.019693 0.024852
0 0.525781 0.5375 0.022707 0.026328
0 0.400781 0.626042 0.033306 0.047325
0 0.096094 0.632292 0.022861 0.027439
0 0.874219 0.641667 0.020072 0.030358
0 0.078906 0.730208 0.019693 0.024852
0 0.095312 0.758333 0.02203 0.026707
0 0.185156 0.778125 0.022849 0.032869