0 0.89375 0.018459 0.036236 0.036918
0 0.885938 0.05625 0.031318 0.037965
0 0.723437 0.072917 0.026304 0.031816
0 0.959375 0.077083 0.021116 0.030583
0 0.991483 0.084375 0.017033 0.024589
0 0.958594 0.116667 0.020072 0.030358
0 0.4125 0.138542 0.025853 0.032508
0 0.103906 0.229167 0.032897 0.176046
0 0.15625 0.1625 0.021896 0.030747
0 0.56875 0.211458 0.025415 0.039784
0 0.55625 0.227083 0.018331 0.025253
0 0.514062 0.253125 0.026848 0.034118
0 0.621094 0.298958 0.030003 0.036118
0 0.203906 0.308333 0.024995 0.032943
0 0.934375 0.401042 0.026317 0.036132
0 0.863281 0.40625 0.040297 0.041918
0 0.4125 0.40625 0.018442 0.024589
0 0.336719 0.426042 0.025423 0.033664
0 0.848437 0.475 0.018304 0.026169
0 0.501563 0.507292 0.025043 0.028321
0 0.35 0.510417 0.021198 0.026257
0 0.924219 0.520833 0.027266 0.035711
0 0.075781 0.525 0.02674 0.030964
0 0.30625 0.526042 0.020147 0.028452
0 0.832031 0.591667 0.023319 0.033718
0 0.658594 0.639583 0.023129 0.033059
0 0.749219 0.640625 0.026136 0.037662
0 0.901563 0.648958 0.020666 0.028723
0 0.734375 0.677083 0.025589 0.035797
0 0.275 0.776042 0.024934 0.036904
0 0.790625 0.773958 0.025414 0.032846
0 0.29375 0.7875 0.027678 0.033246
0 0.846875 0.829167 0.021689 0.030701
0 0.457813 0.85625 0.027809 0.038288
0 0.095312 0.901042 0.021615 0.027759
0 0.569531 0.926042 0.027054 0.032892
0 0.717187 0.933333 0.027399 0.032427
0 0.478125 0.941667 0.032085 0.039615
0 0.563281 0.94375 0.023874 0.032174
0 0.114062 0.947917 0.023666 0.033336