0 0.871875 0.114583 0.033881 0.041272
0 0.357812 0.113542 0.028906 0.037105
0 0.476562 0.136458 0.043514 0.050547
0 0.853125 0.232292 0.023259 0.032779
0 0.577344 0.2875 0.019429 0.026567
0 0.044531 0.422917 0.02714 0.033665
0 0.771094 0.504167 0.033005 0.053808
0 0.56875 0.529167 0.021645 0.030804
0 0.363281 0.586458 0.126777 0.148941
0 0.382812 0.532292 0.01902 0.024748
0 0.247656 0.569792 0.032703 0.049553
0 0.521875 0.630208 0.043838 0.060621
0 0.083594 0.634375 0.028743 0.04079
0 0.566406 0.725 0.03084 0.039947
0 0.488281 0.761458 0.17189 0.070311
0 0.539844 0.794792 0.019714 0.027305