0 0.677344 0.054167 0.023081 0.032753
0 0.085156 0.065625 0.029082 0.03095
0 0.163281 0.088542 0.024899 0.034055
0 0.891406 0.145833 0.022876 0.031243
0 0.557813 0.184375 0.032897 0.03999
0 0.454688 0.223958 0.018442 0.024589
0 0.748437 0.23125 0.021133 0.033518
0 0.660156 0.25625 0.024232 0.030858
0 0.601562 0.277083 0.035736 0.04684
0 0.290625 0.302083 0.019195 0.026357
0 0.314844 0.328125 0.030156 0.037534
0 0.092188 0.39375 0.024698 0.032251
0 0.417187 0.471875 0.024341 0.028597
0 0.411719 0.484375 0.017759 0.024215
0 0.275781 0.501042 0.02198 0.027324
0 0.678125 0.510417 0.024329 0.033586
0 0.771875 0.521875 0.075946 0.051969
0 0.121875 0.519792 0.018773 0.023107
0 0.428906 0.64375 0.0294 0.040928
0 0.250781 0.725 0.021203 0.030662
0 0.958594 0.759375 0.020517 0.029536
0 0.034375 0.911458 0.024736 0.037004
0 0.266406 0.915625 0.023103 0.02886
0 0.158594 0.957993 0.040434 0.084014
0 0.401562 0.954167 0.029307 0.034742
0 0.18125 0.963542 0.02619 0.035643
0 0.077344 0.982292 0.023847 0.0333