0 0.272656 0.096875 0.019119 0.025492
0 0.047656 0.142708 0.028804 0.034865
0 0.585938 0.18125 0.019119 0.029231
0 0.773438 0.483333 0.025997 0.038442
0 0.667188 0.548958 0.029269 0.03763
0 0.4 0.677083 0.11887 0.108923
0 0.853906 0.7125 0.026775 0.030454
0 0.385156 0.808333 0.052357 0.032911
0 0.885156 0.836458 0.024393 0.038937
0 0.303906 0.857292 0.018442 0.024589
0 0.799219 0.866667 0.030834 0.04251
0 0.266406 0.894792 0.023847 0.0333
0 0.43125 0.951042 0.028251 0.0414
0 0.722656 0.969792 0.018882 0.027137