0 0.992963 0.008902 0.014074 0.017804
0 0.861719 0.017708 0.026551 0.034902
0 0.545312 0.022917 0.019531 0.027421
0 0.511719 0.082292 0.029056 0.032911
0 0.3875 0.1 0.024652 0.030465
0 0.294531 0.185417 0.018784 0.026311
0 0.11875 0.191667 0.050786 0.030121
0 0.816406 0.25 0.085118 0.14108
0 0.728125 0.21875 0.022254 0.031093
0 0.279687 0.228125 0.026774 0.039565
0 0.574219 0.229167 0.02003 0.029373
0 0.646875 0.275 0.030607 0.032351
0 0.241406 0.2875 0.024255 0.035228
0 0.698438 0.309375 0.023569 0.034832
0 0.875781 0.308333 0.022578 0.031994
0 0.030134 0.321875 0.060268 0.048013
0 0.327344 0.320833 0.025135 0.03905
0 0.257031 0.335417 0.023722 0.03595
0 0.582031 0.377083 0.020479 0.026286
0 0.399219 0.401042 0.03147 0.033231
0 0.757812 0.401042 0.022672 0.032831
0 0.59375 0.41875 0.021116 0.030583
0 0.466406 0.525 0.026 0.030914
0 0.189062 0.54375 0.022906 0.03454
0 0.622656 0.547917 0.02656 0.036426
0 0.671875 0.565625 0.02259 0.036614
0 0.544531 0.569792 0.023144 0.03231
0 0.825 0.604167 0.021116 0.030583
0 0.21875 0.623958 0.021648 0.029332
0 0.725 0.677083 0.024396 0.034961
0 0.701562 0.722917 0.028066 0.034824
0 0.017969 0.752083 0.019733 0.025046
0 0.076563 0.777083 0.02588 0.029593
0 0.427344 0.782292 0.023244 0.031704
0 0.444531 0.789583 0.023024 0.034546
0 0.955469 0.859375 0.023476 0.030208
0 0.207031 0.966667 0.023826 0.034994
0 0.044531 0.98502 0.025781 0.029961