0 0.435937 0.071875 0.045247 0.051546
0 0.805469 0.109375 0.022858 0.027444
0 0.471875 0.141667 0.034806 0.043897
0 0.051562 0.184375 0.027522 0.031911
0 0.93125 0.194792 0.024101 0.03339
0 0.507812 0.269792 0.026731 0.03384
0 0.934375 0.410417 0.021239 0.025868
0 0.74375 0.454167 0.027621 0.034701
0 0.326562 0.464583 0.0285 0.032729
0 0.91875 0.464583 0.018331 0.025253
0 0.515625 0.490625 0.019531 0.027421
0 0.664062 0.511458 0.034285 0.050997
0 0.067969 0.555208 0.023339 0.03403
0 0.778906 0.744792 0.033201 0.037881
0 0.195312 0.814583 0.032369 0.048347
0 0.078906 0.889583 0.02954 0.037525