0 0.628906 0.04375 0.019146 0.031286
0 0.535156 0.0625 0.039153 0.055303
0 0.574219 0.271875 0.03028 0.035752
0 0.4125 0.319792 0.029074 0.053337
0 0.335938 0.376042 0.032244 0.03471
0 0.542188 0.379167 0.034231 0.038506
0 0.953906 0.380208 0.024584 0.031012
0 0.801562 0.55625 0.027663 0.031935
0 0.698438 0.55625 0.021198 0.026257
0 0.300781 0.641667 0.025781 0.032982
0 0.49375 0.728125 0.023933 0.036696
0 0.614844 0.761458 0.063363 0.044525
0 0.0625 0.834375 0.029497 0.055503
0 0.2625 0.870833 0.024318 0.031312
0 0.890625 0.902083 0.025898 0.037568