0 0.467187 0.111458 0.017759 0.024215
0 0.707812 0.201042 0.024436 0.029089
0 0.075781 0.303125 0.021128 0.024499
0 0.686719 0.457292 0.026663 0.030571
0 0.966406 0.4625 0.019746 0.030276
0 0.758594 0.551042 0.022489 0.033625
0 0.953125 0.633333 0.027563 0.031327
0 0.061719 0.646875 0.035303 0.03555
0 0.286719 0.657292 0.026195 0.032242
0 0.783594 0.757292 0.049387 0.04186
0 0.148438 0.788542 0.027525 0.035305
0 0.2625 0.804167 0.021667 0.027913
0 0.39375 0.821875 0.021796 0.030069
0 0.548438 0.866667 0.024584 0.031012
0 0.417187 0.910417 0.023856 0.034731