0 0.950781 0.040625 0.029673 0.043931
0 0.06875 0.047917 0.025695 0.03914
0 0.039844 0.079167 0.022216 0.034646
0 0.673438 0.154167 0.05625 0.02923
0 0.022656 0.164583 0.023185 0.034666
0 0.142969 0.283333 0.039149 0.044755
0 0.269531 0.334375 0.032102 0.037923
0 0.338281 0.391667 0.024908 0.035484
0 0.698438 0.402083 0.018052 0.026078
0 0.172656 0.597917 0.026858 0.045179
0 0.407031 0.633333 0.050047 0.039574
0 0.2625 0.852083 0.018756 0.022285
0 0.085156 0.9125 0.029767 0.043805
0 0.597656 0.958333 0.025846 0.036313