0 0.923438 0.069792 0.021479 0.027243
0 0.169531 0.082292 0.01971 0.025332
0 0.714063 0.084375 0.018939 0.024442
0 0.609375 0.090625 0.019531 0.027421
0 0.224219 0.158333 0.027474 0.041796
0 0.211719 0.205208 0.095922 0.133189
0 0.1625 0.203125 0.021104 0.024098
0 0.414844 0.265625 0.023461 0.030231
0 0.270313 0.307292 0.03642 0.051033
0 0.605469 0.335417 0.020046 0.026244
0 0.860156 0.3375 0.020627 0.027503
0 0.2875 0.405208 0.075339 0.165238
0 0.5875 0.365625 0.021479 0.027243
0 0.880469 0.394792 0.020147 0.028452
0 0.589844 0.434375 0.038274 0.054612
0 0.128906 0.442708 0.033182 0.050662
0 0.6625 0.446875 0.020627 0.027503
0 0.692187 0.45625 0.020938 0.027401
0 0.726562 0.48125 0.028606 0.036385
0 0.677344 0.551042 0.059855 0.11723
0 0.796094 0.521875 0.02628 0.037629
0 0.476562 0.555208 0.01813 0.025093
0 0.121875 0.577083 0.023645 0.033053
0 0.072656 0.596875 0.021362 0.02664
0 0.86875 0.645833 0.042748 0.052131
0 0.729688 0.670833 0.018304 0.026169
0 0.939844 0.676042 0.025139 0.039046
0 0.03125 0.6875 0.025056 0.029313
0 0.432031 0.729167 0.020566 0.026042
0 0.3125 0.733333 0.021141 0.027182
0 0.989881 0.764583 0.020237 0.034879
0 0.928125 0.771875 0.025594 0.03579
0 0.282031 0.783333 0.023668 0.031558
0 0.51875 0.796875 0.036888 0.046714
0 0.5875 0.857292 0.026436 0.037088
0 0.2125 0.907292 0.020811 0.029482
0 0.796094 0.911458 0.021302 0.02814
0 0.696875 0.923958 0.021145 0.028907