0 0.021875 0.027083 0.024652 0.030465
0 0.064844 0.039583 0.029355 0.03426
0 0.155469 0.0875 0.019543 0.023126
0 0.55 0.123958 0.034641 0.048892
0 0.098437 0.142708 0.02203 0.026707
0 0.68125 0.155208 0.018442 0.024589
0 0.183594 0.1625 0.025322 0.03032
0 0.307812 0.16875 0.024483 0.035321
0 0.894531 0.196875 0.023744 0.029296
0 0.789844 0.216667 0.023958 0.029808
0 0.160938 0.244792 0.02434 0.033657
0 0.810937 0.260417 0.022376 0.031057
0 0.435156 0.271875 0.025474 0.037404
0 0.442969 0.30625 0.027883 0.036135
0 0.553906 0.38125 0.039782 0.074698
0 0.840625 0.375 0.026671 0.041275
0 0.78125 0.404167 0.020866 0.030437
0 0.346094 0.411458 0.027177 0.033983
0 0.829688 0.417708 0.024472 0.040918
0 0.873437 0.415625 0.022672 0.032831
0 0.41875 0.452083 0.018124 0.023544
0 0.463281 0.488542 0.030016 0.034562
0 0.132031 0.516667 0.023491 0.027306
0 0.616406 0.557292 0.022017 0.028277
0 0.883594 0.565625 0.023081 0.032753
0 0.816406 0.641667 0.029276 0.033056
0 0.494531 0.655208 0.020046 0.026244
0 0.621094 0.666667 0.020627 0.027503
0 0.51875 0.677083 0.021339 0.026862
0 0.228906 0.701042 0.023645 0.033053
0 0.729688 0.698958 0.025056 0.029313
0 0.828125 0.704167 0.02139 0.029072
0 0.90625 0.728125 0.02168 0.028193
0 0.3 0.778125 0.018096 0.024127
0 0.951562 0.784375 0.02597 0.035516
0 0.739062 0.784375 0.024309 0.027699
0 0.863281 0.792708 0.021267 0.029091
0 0.936719 0.834375 0.022408 0.034599
0 0.329688 0.840625 0.02674 0.030964
0 0.85625 0.846875 0.036814 0.033438
0 0.759375 0.863542 0.022438 0.032662
0 0.038281 0.898958 0.02325 0.033147
0 0.108594 0.904167 0.017301 0.024027
0 0.828125 0.925 0.037963 0.060669
0 0.341406 0.923958 0.02292 0.033794
0 0.296875 0.928125 0.030407 0.042906
0 0.095312 0.925 0.01875 0.022917
0 0.8125 0.971875 0.025236 0.029589