0 0.457031 0.033333 0.030147 0.037548
0 0.4375 0.05625 0.022858 0.027444
0 0.985938 0.096875 0.018124 0.023544
0 0.110937 0.145833 0.021198 0.026257
0 0.030469 0.177083 0.021667 0.027913
0 0.73125 0.401042 0.018939 0.024442
0 0.079687 0.441667 0.026104 0.038818
0 0.39375 0.521875 0.028378 0.036954
0 0.341406 0.528125 0.020371 0.024457
0 0.135937 0.564583 0.031421 0.0387
0 0.085156 0.572917 0.018827 0.023629
0 0.229687 0.586458 0.028449 0.032782
0 0.661719 0.590625 0.022849 0.032869
0 0.048438 0.625 0.021314 0.02663
0 0.975 0.651042 0.02278 0.034774
0 0.596875 0.664583 0.017361 0.029171
0 0.253125 0.755208 0.023438 0.034009
0 0.321875 0.807292 0.023796 0.029832
0 0.3 0.839583 0.020566 0.027421
0 0.05625 0.873958 0.030357 0.041521
0 0.160156 0.917708 0.026833 0.03299
0 0.203125 0.959375 0.027736 0.03412
0 0.517969 0.98125 0.020537 0.027934