0 0.334375 0.051042 0.018773 0.023107
0 0.658594 0.080208 0.044585 0.036661
0 0.172656 0.134375 0.033947 0.05775
0 0.375781 0.152083 0.022675 0.027132
0 0.971875 0.202083 0.0197 0.025227
0 0.49375 0.209375 0.029269 0.03763
0 0.332813 0.230208 0.017757 0.026099
0 0.4125 0.24375 0.018939 0.024442
0 0.467187 0.265625 0.031615 0.03489
0 0.698438 0.3625 0.324237 0.096065
0 0.679688 0.405208 0.018048 0.02325
0 0.61875 0.423958 0.02168 0.028193
0 0.759375 0.451042 0.029647 0.080271
0 0.396094 0.459375 0.038931 0.056963
0 0.039062 0.508333 0.02095 0.027383
0 0.015625 0.511458 0.021314 0.02663
0 0.272656 0.514583 0.020479 0.026286
0 0.389062 0.526042 0.01971 0.025332
0 0.408594 0.661458 0.018048 0.02325
0 0.841406 0.726042 0.02376 0.035586
0 0.710938 0.797917 0.021546 0.027548
0 0.385156 0.907292 0.024931 0.040846
0 0.057031 0.971875 0.020509 0.025821