0 0.898438 0.018533 0.023266 0.037066
0 0.583594 0.104167 0.022254 0.031093
0 0.310156 0.15 0.029061 0.031417
0 0.357812 0.221875 0.02516 0.035307
0 0.009329 0.260417 0.018657 0.030701
0 0.914844 0.265625 0.01902 0.024748
0 0.349219 0.327083 0.023319 0.029672
0 0.427344 0.340625 0.020801 0.028133
0 0.717969 0.351042 0.023248 0.030703
0 0.230469 0.427083 0.02507 0.027729
0 0.507812 0.453125 0.025124 0.02956
0 0.971094 0.504167 0.023668 0.031558
0 0.282813 0.536458 0.02325 0.033147
0 0.459375 0.579167 0.02168 0.028193
0 0.340625 0.579167 0.018354 0.025228
0 0.185938 0.615625 0.018827 0.023629
0 0.785156 0.652083 0.026105 0.0312
0 0.564063 0.690625 0.02101 0.028935
0 0.242188 0.728125 0.04421 0.057177
0 0.922656 0.744792 0.021339 0.026862
0 0.958594 0.807292 0.022447 0.02875
0 0.930469 0.877083 0.025071 0.030312
0 0.269531 0.972917 0.021946 0.026299