0 0.825781 0.014871 0.022947 0.029742
0 0.585156 0.033333 0.025884 0.029767
0 0.974219 0.073958 0.02186 0.033562
0 0.964844 0.080208 0.020422 0.025409
0 0.421875 0.098958 0.022963 0.03759
0 0.651563 0.138542 0.022489 0.033625
0 0.863281 0.145833 0.022707 0.026328
0 0.204687 0.171875 0.02198 0.027324
0 0.617188 0.217708 0.022408 0.034599
0 0.898438 0.225 0.018304 0.026169
0 0.282031 0.247917 0.027485 0.030855
0 0.9 0.252083 0.018304 0.026169
0 0.402344 0.264583 0.019531 0.027421
0 0.96875 0.336458 0.022878 0.036693
0 0.033594 0.416667 0.027239 0.033549
0 0.532813 0.507292 0.024681 0.035403
0 0.911719 0.522917 0.022995 0.032052
0 0.077344 0.540625 0.026221 0.032529
0 0.370312 0.546875 0.02863 0.036209
0 0.447656 0.547917 0.022849 0.032869
0 0.404687 0.560417 0.018787 0.026105
0 0.175 0.566667 0.018756 0.022285
0 0.89375 0.608333 0.032706 0.039438
0 0.623437 0.666667 0.025219 0.029986
0 0.7125 0.696875 0.022874 0.032977
0 0.552344 0.698958 0.022731 0.029504
0 0.569531 0.717708 0.024101 0.03339
0 0.334375 0.721875 0.028247 0.034847
0 0.971094 0.728125 0.021267 0.029091
0 0.283594 0.734375 0.030304 0.037003
0 0.028125 0.78125 0.021689 0.030701
0 0.179688 0.81875 0.02431 0.030289
0 0.926562 0.826042 0.021804 0.02852
0 0.310156 0.961458 0.032963 0.035173