0 0.622656 0.03125 0.019543 0.023126
0 0.489063 0.095833 0.027812 0.047364
0 0.814844 0.134375 0.027978 0.047062
0 0.021875 0.184375 0.039368 0.078778
0 0.809375 0.165625 0.025638 0.033235
0 0.672656 0.207292 0.021999 0.028864
0 0.184375 0.301042 0.024436 0.029089
0 0.465625 0.328125 0.018442 0.024589
0 0.015625 0.366667 0.025589 0.035797
0 0.195312 0.380208 0.019543 0.023126
0 0.067969 0.395833 0.024396 0.034961
0 0.578125 0.448958 0.01875 0.022917
0 0.860938 0.461458 0.018331 0.025253
0 0.067187 0.56875 0.063085 0.071721
0 0.480469 0.544792 0.027582 0.039893
0 0.294531 0.573958 0.028136 0.032317
0 0.835156 0.60625 0.028576 0.04925
0 0.536719 0.6375 0.023362 0.031655
0 0.426563 0.689583 0.065733 0.068103
0 0.024219 0.710417 0.025086 0.031874
0 0.088281 0.725 0.019429 0.026567
0 0.18125 0.833333 0.041282 0.046338
0 0.894531 0.844792 0.01882 0.024173
0 0.1625 0.870833 0.044234 0.061831
0 0.060937 0.892708 0.027063 0.041475
0 0.235937 0.935417 0.023862 0.035072