0 0.940625 0.047917 0.02248 0.03967
0 0.155469 0.103125 0.023778 0.030992
0 0.857812 0.109375 0.022995 0.03066
0 0.530469 0.128125 0.025009 0.037163
0 0.082812 0.230208 0.020058 0.027568
0 0.08125 0.279167 0.018773 0.023107
0 0.792969 0.292708 0.020147 0.028452
0 0.039062 0.3125 0.023008 0.0428
0 0.965625 0.309375 0.021408 0.02918
0 0.2125 0.361458 0.01902 0.024748
0 0.491406 0.367708 0.022993 0.029797
0 0.094531 0.420833 0.020627 0.027503
0 0.944531 0.440625 0.022111 0.032714
0 0.676562 0.447917 0.02431 0.030289
0 0.653125 0.5 0.022376 0.031057
0 0.378906 0.509375 0.023744 0.029296
0 0.283594 0.521875 0.019627 0.024405
0 0.810156 0.53125 0.018784 0.026311
0 0.010123 0.548958 0.020246 0.036814
0 0.873437 0.594792 0.021542 0.027554
0 0.908594 0.61875 0.01733 0.02503
0 0.953125 0.692708 0.018939 0.024442
0 0.697656 0.717708 0.022012 0.032718
0 0.142969 0.782292 0.024612 0.033577
0 0.421875 0.813542 0.030704 0.035247
0 0.575 0.835417 0.028205 0.039343
0 0.617188 0.853125 0.02101 0.028935
0 0.05625 0.88125 0.027113 0.036896
0 0.941406 0.896875 0.021648 0.029332
0 0.408594 0.903125 0.032126 0.03384
0 0.484375 0.921875 0.019178 0.025168
0 0.858594 0.977083 0.022937 0.028155
0 0.375 0.980208 0.018939 0.024442