0 0.458594 0.015111 0.029142 0.030222
0 0.160156 0.01901 0.031938 0.038021
0 0.548438 0.018248 0.029528 0.036496
0 0.064844 0.026042 0.029625 0.0353
0 0.4875 0.026042 0.025799 0.031271
0 0.985156 0.058333 0.020579 0.030481
0 0.336719 0.065625 0.025853 0.032508
0 0.710156 0.067708 0.026331 0.037475
0 0.136719 0.166667 0.023778 0.030992
0 0.255469 0.196875 0.023345 0.03313
0 0.399219 0.204167 0.026056 0.039077
0 0.914062 0.214583 0.021198 0.026257
0 0.088281 0.229167 0.026045 0.036005
0 0.727344 0.230208 0.022111 0.032714
0 0.324219 0.251042 0.024641 0.032044
0 0.666406 0.248958 0.019638 0.024534
0 0.147656 0.263542 0.035213 0.033901
0 0.029687 0.263542 0.025781 0.032981
0 0.289062 0.26875 0.038371 0.044016
0 0.439063 0.261458 0.022768 0.026762
0 0.576562 0.270833 0.021895 0.034558
0 0.144531 0.389583 0.026 0.030914
0 0.675781 0.398958 0.027671 0.037831
0 0.850781 0.39375 0.019925 0.025905
0 0.696875 0.414583 0.021689 0.030701
0 0.220312 0.416667 0.018991 0.026389
0 0.432031 0.445833 0.029083 0.033854
0 0.03125 0.451042 0.020371 0.024457
0 0.363281 0.4875 0.021887 0.025097
0 0.60625 0.502083 0.019429 0.026567
0 0.492188 0.527083 0.021648 0.029332
0 0.689844 0.534375 0.026221 0.032529
0 0.567969 0.576042 0.023668 0.036768
0 0.134375 0.586458 0.029025 0.041895
0 0.588281 0.60625 0.026654 0.042046
0 0.678906 0.613542 0.022759 0.035477
0 0.642188 0.654167 0.027152 0.03818
0 0.511719 0.65625 0.024736 0.037004
0 0.849219 0.695833 0.024853 0.037187
0 0.375781 0.722917 0.026175 0.03679
0 0.332031 0.73125 0.03067 0.032942
0 0.380469 0.740625 0.028131 0.038808
0 0.619531 0.752083 0.027887 0.035516
0 0.028906 0.754167 0.030649 0.036006
0 0.445312 0.754167 0.018304 0.026169
0 0.938281 0.758333 0.022376 0.031057
0 0.778125 0.769792 0.024332 0.035222
0 0.880469 0.784375 0.026 0.030914
0 0.175 0.819792 0.024095 0.033396
0 0.317188 0.844792 0.023476 0.030208
0 0.45625 0.859375 0.027828 0.042585
0 0.935937 0.925 0.024835 0.031146
0 0.657031 0.977083 0.027152 0.03818