0 0.796875 0.01255 0.024938 0.025101
0 0.199219 0.03125 0.031868 0.039547
0 0.071094 0.041667 0.032606 0.055967
0 0.407031 0.033333 0.016714 0.025008
0 0.523438 0.059375 0.018846 0.02378
0 0.449219 0.079167 0.0353 0.041053
0 0.65 0.094792 0.024598 0.033805
0 0.453906 0.127083 0.029522 0.057478
0 0.925781 0.1375 0.02018 0.026907
0 0.072656 0.147917 0.020231 0.026656
0 0.838281 0.159375 0.020774 0.032412
0 0.195312 0.191667 0.024652 0.030465
0 0.871875 0.205208 0.027611 0.037842
0 0.826562 0.23125 0.059814 0.085625
0 0.483594 0.2125 0.0184 0.026183
0 0.544531 0.222917 0.03457 0.042905
0 0.917969 0.216667 0.024225 0.030977
0 0.372656 0.216667 0.019531 0.021875
0 0.489844 0.23125 0.022768 0.026762
0 0.529687 0.254167 0.028269 0.037404
0 0.735156 0.257292 0.027003 0.034726
0 0.626563 0.269792 0.022027 0.030978
0 0.515625 0.292708 0.022717 0.032414
0 0.575 0.328125 0.034176 0.047495
0 0.389062 0.341667 0.031258 0.036923
0 0.428906 0.334375 0.018846 0.02378
0 0.722656 0.346875 0.026593 0.026808
0 0.607031 0.373958 0.022047 0.026945
0 0.151562 0.388542 0.026367 0.045083
0 0.403125 0.403125 0.026901 0.032323
0 0.489063 0.403125 0.018939 0.024442
0 0.045312 0.4125 0.019195 0.026357
0 0.539844 0.442708 0.044732 0.064915
0 0.808594 0.426042 0.029737 0.029081
0 0.010836 0.44375 0.021671 0.036189
0 0.603125 0.441667 0.020811 0.029482
0 0.753125 0.448958 0.021648 0.029332
0 0.519531 0.458333 0.023654 0.029634
0 0.775 0.461458 0.022937 0.028155
0 0.721875 0.472917 0.02217 0.030923
0 0.430469 0.479167 0.022995 0.032052
0 0.104688 0.517708 0.020661 0.028728
0 0.8125 0.553125 0.021038 0.029672
0 0.333594 0.597917 0.026938 0.040274
0 0.012568 0.616667 0.025136 0.030852
0 0.509375 0.633333 0.029803 0.036166
0 0.470313 0.667708 0.037609 0.034017
0 0.864062 0.683333 0.027876 0.038048
0 0.952344 0.6875 0.021166 0.039632
0 0.496875 0.688542 0.02336 0.033114
0 0.417969 0.698958 0.026107 0.033377
0 0.460938 0.715625 0.019543 0.023126
0 0.989021 0.732292 0.021959 0.042806
0 0.978906 0.746875 0.027538 0.039276
0 0.650781 0.753125 0.033355 0.046686
0 0.015625 0.783333 0.01733 0.02503
0 0.2125 0.815625 0.023563 0.038748
0 0.503125 0.839583 0.024038 0.035041
0 0.469531 0.863542 0.026705 0.030084
0 0.796875 0.886458 0.021816 0.032581
0 0.819531 0.889583 0.021116 0.030583
0 0.2875 0.894792 0.025414 0.033885
0 0.025781 0.920833 0.030519 0.036512
0 0.0125 0.938542 0.018921 0.024472
0 0.5125 0.963542 0.021542 0.027554
0 0.314844 0.978125 0.029627 0.037879
0 0.914062 0.984375 0.022017 0.028277