0 0.591406 0.011909 0.022129 0.023818
0 0.507812 0.03125 0.02139 0.029072
0 0.61875 0.066667 0.022479 0.030881
0 0.215625 0.080208 0.022625 0.029341
0 0.264844 0.08125 0.023115 0.031409
0 0.939844 0.091667 0.018304 0.026169
0 0.19375 0.120833 0.024641 0.032044
0 0.258594 0.127083 0.020627 0.027503
0 0.085938 0.172917 0.028005 0.034371
0 0.730469 0.175 0.022643 0.032905
0 0.641406 0.19375 0.020416 0.025301
0 0.629687 0.201042 0.026195 0.032242
0 0.071875 0.202083 0.027408 0.029582
0 0.278125 0.2125 0.021112 0.025088
0 0.65 0.229167 0.020479 0.026286
0 0.89375 0.240625 0.02325 0.033147
0 0.38125 0.248958 0.028303 0.032876
0 0.513281 0.255208 0.01882 0.024173
0 0.174219 0.278125 0.024988 0.032589
0 0.2125 0.2875 0.020341 0.025073
0 0.492969 0.290625 0.018939 0.024442
0 0.372656 0.305208 0.027829 0.038542
0 0.8625 0.308333 0.024396 0.034961
0 0.679688 0.308333 0.024194 0.031024
0 0.225 0.340625 0.027191 0.033238
0 0.459375 0.359375 0.022418 0.029062
0 0.253125 0.361458 0.024535 0.029481
0 0.499219 0.363542 0.026689 0.03168
0 0.207031 0.372917 0.020566 0.026042
0 0.853906 0.378125 0.023421 0.033
0 0.660937 0.39375 0.027491 0.033647
0 0.375 0.396875 0.022111 0.027748
0 0.842187 0.402083 0.018991 0.026389
0 0.875781 0.405208 0.018096 0.024127
0 0.671094 0.421875 0.022758 0.028319
0 0.444531 0.426042 0.028308 0.031376
0 0.888281 0.429167 0.022768 0.026762
0 0.064844 0.439583 0.020789 0.026845
0 0.658594 0.459375 0.019893 0.027596
0 0.830469 0.458333 0.023475 0.026349
0 0.354687 0.478125 0.027826 0.033764
0 0.674219 0.484375 0.023847 0.0333
0 0.051562 0.495833 0.020661 0.028728
0 0.820312 0.522917 0.025243 0.032454
0 0.436719 0.525 0.024837 0.032478
0 0.702344 0.566667 0.019429 0.026567
0 0.102344 0.591667 0.02018 0.026907
0 0.247656 0.626042 0.024371 0.03362
0 0.15625 0.642708 0.025058 0.034018
0 0.984375 0.659375 0.02325 0.033147
0 0.457031 0.672917 0.025589 0.035797
0 0.390625 0.679167 0.027491 0.033647
0 0.442188 0.6875 0.025916 0.036018
0 0.877344 0.695833 0.019832 0.026443
0 0.164062 0.723958 0.02376 0.035586
0 0.953125 0.720833 0.019035 0.026241
0 0.428125 0.733333 0.027491 0.033647
0 0.392188 0.748958 0.026038 0.037543
0 0.41875 0.747917 0.02475 0.031228
0 0.06875 0.755208 0.018096 0.024127
0 0.192188 0.763542 0.023654 0.029634
0 0.759375 0.761458 0.01902 0.024748
0 0.572656 0.766667 0.021689 0.030701
0 0.814063 0.775 0.026496 0.036437
0 0.829688 0.791667 0.023496 0.036751
0 0.896094 0.788542 0.019792 0.025321
0 0.7125 0.817708 0.045685 0.05155
0 0.834375 0.807292 0.026195 0.032242
0 0.928906 0.820833 0.025918 0.029193
0 0.989062 0.819792 0.018096 0.024127
0 0.644531 0.838542 0.05408 0.046836
0 0.35625 0.8375 0.028048 0.036041
0 0.503906 0.834375 0.026862 0.034014
0 0.164062 0.845833 0.024698 0.032251
0 0.075 0.845833 0.018784 0.026311
0 0.439844 0.846875 0.021267 0.029091
0 0.496875 0.847917 0.02475 0.031228
0 0.020313 0.870833 0.018324 0.026151
0 0.975781 0.877083 0.026146 0.031074
0 0.134375 0.879167 0.018991 0.026389
0 0.5375 0.88125 0.023592 0.027503
0 0.4875 0.884375 0.019543 0.023126
0 0.426563 0.905208 0.029025 0.041895
0 0.5125 0.945833 0.037462 0.045123
0 0.117969 0.947917 0.022656 0.031302
0 0.558594 0.971875 0.030628 0.043469
0 0.179688 0.970833 0.019429 0.026567
0 0.19375 0.983558 0.025552 0.032883