0 0.896094 0.16875 0.018756 0.022285
0 0.254688 0.229167 0.018281 0.025183
0 0.580469 0.239583 0.022717 0.033827
0 0.703906 0.294792 0.019714 0.027305
0 0.216406 0.31875 0.028053 0.033965
0 0.514844 0.471875 0.018827 0.023629
0 0.497656 0.488542 0.035955 0.054099
0 0.3875 0.527083 0.021161 0.025349
0 0.977344 0.583333 0.043866 0.088069
0 0.141406 0.582292 0.019693 0.028264
0 0.310156 0.607292 0.039039 0.057806
0 0.845313 0.629167 0.018048 0.02325
0 0.432812 0.694792 0.02198 0.027324
0 0.926562 0.726042 0.063661 0.080831
0 0.375 0.747917 0.025574 0.035632
0 0.547656 0.763542 0.019683 0.026728
0 0.700781 0.89375 0.022665 0.025104