0 0.736719 0.035417 0.019429 0.026567
0 0.320312 0.26875 0.018846 0.02378
0 0.208594 0.352083 0.039651 0.056192
0 0.176563 0.411458 0.034412 0.051091
0 0.882031 0.410417 0.028235 0.041808
0 0.955469 0.409375 0.02181 0.036573
0 0.628125 0.438542 0.018921 0.024472
0 0.745313 0.497917 0.0394 0.063856
0 0.549219 0.49375 0.034081 0.039348
0 0.207031 0.522917 0.027172 0.035363
0 0.311719 0.589583 0.061777 0.111783
0 0.910937 0.558333 0.02684 0.036594
0 0.698438 0.573958 0.078145 0.04417
0 0.588281 0.780208 0.032739 0.047065
0 0.098437 0.820833 0.019992 0.026974
0 0.772656 0.83125 0.019773 0.0268
0 0.2625 0.923958 0.018773 0.023107