0 0.403125 0.03125 0.022111 0.030883
0 0.298438 0.048958 0.025008 0.027148
0 0.75625 0.080208 0.02461 0.03379
0 0.091406 0.127083 0.024903 0.031806
0 0.132812 0.145833 0.028952 0.045174
0 0.689063 0.166667 0.021176 0.031534
0 0.952344 0.223958 0.032198 0.032711
0 0.373437 0.289583 0.032123 0.053444
0 0.692969 0.29375 0.020906 0.031421
0 0.349219 0.305208 0.030285 0.038538
0 0.360938 0.325 0.021198 0.026257
0 0.711719 0.344792 0.017438 0.024063
0 0.782813 0.380208 0.017759 0.024215
0 0.800781 0.414583 0.023556 0.02766
0 0.353125 0.434375 0.021556 0.031475
0 0.776563 0.433333 0.02431 0.030289
0 0.969531 0.452083 0.019683 0.026728
0 0.68125 0.479167 0.021645 0.030804
0 0.3 0.541667 0.021653 0.030795
0 0.717969 0.572917 0.019992 0.026974
0 0.788281 0.614583 0.023668 0.031558
0 0.250781 0.675 0.022138 0.032503
0 0.049219 0.680208 0.026299 0.033348
0 0.079687 0.694792 0.031014 0.038511
0 0.603125 0.704167 0.019542 0.02313
0 0.436719 0.711458 0.022193 0.03277
0 0.353906 0.755208 0.026421 0.03234
0 0.060156 0.7625 0.024341 0.028597
0 0.389844 0.773958 0.029783 0.03634
0 0.090625 0.775 0.026483 0.033195
0 0.421094 0.802083 0.027729 0.032708
0 0.7 0.863542 0.018939 0.024442
0 0.7125 0.867708 0.018442 0.024589
0 0.210938 0.880208 0.021165 0.025459
0 0.635156 0.923958 0.028416 0.043246
0 0.560156 0.93125 0.02325 0.033147
0 0.380469 0.976042 0.026724 0.034099