0 0.709375 0.020833 0.022675 0.027132
0 0.535937 0.032292 0.019543 0.023126
0 0.014063 0.040625 0.023319 0.029672
0 0.415625 0.077083 0.023462 0.02542
0 0.565625 0.111458 0.019429 0.026567
0 0.607812 0.111458 0.019909 0.025929
0 0.060156 0.139583 0.018939 0.024442
0 0.721094 0.142708 0.024384 0.02969
0 0.423438 0.185417 0.020416 0.025301
0 0.95 0.205208 0.023248 0.030703
0 0.313281 0.228125 0.019178 0.025168
0 0.6625 0.23125 0.018773 0.023107
0 0.228906 0.238542 0.021259 0.029733
0 0.8375 0.282292 0.019638 0.024534
0 0.971875 0.373958 0.021546 0.027548
0 0.467187 0.392708 0.025032 0.033377
0 0.613281 0.438542 0.018442 0.024589
0 0.079687 0.483333 0.023183 0.031878
0 0.824219 0.544792 0.018124 0.023544
0 0.160938 0.570833 0.020341 0.025073
0 0.021094 0.585417 0.018304 0.026169
0 0.2625 0.615625 0.01813 0.025093
0 0.782813 0.644792 0.019792 0.025321
0 0.896875 0.663542 0.023026 0.028919
0 0.497656 0.716667 0.018827 0.023629
0 0.767969 0.728125 0.021339 0.026862
0 0.88125 0.75625 0.022945 0.029561
0 0.035156 0.778125 0.018442 0.024589
0 0.675 0.841667 0.022042 0.028455
0 0.198437 0.85625 0.021761 0.031624
0 0.226562 0.871875 0.019733 0.025046