0 0.499219 0.011736 0.02168 0.023472
0 0.6375 0.039583 0.033386 0.039238
0 0.571094 0.04375 0.036016 0.044468
0 0.592187 0.044792 0.025161 0.033548
0 0.259375 0.054167 0.033075 0.041565
0 0.8375 0.052083 0.019925 0.025905
0 0.107813 0.057292 0.020697 0.026524
0 0.332031 0.065625 0.032165 0.040673
0 0.1375 0.067708 0.029601 0.040096
0 0.564844 0.079167 0.021648 0.029332
0 0.33125 0.116667 0.025998 0.03813
0 0.042188 0.122917 0.021243 0.027194
0 0.032813 0.1375 0.033266 0.040927
0 0.04375 0.188542 0.024465 0.040706
0 0.502344 0.24375 0.032036 0.041398
0 0.382031 0.302083 0.019627 0.024405
0 0.046875 0.386458 0.031999 0.040862
0 0.069531 0.382292 0.024516 0.030178
0 0.974219 0.39375 0.02486 0.031
0 0.075 0.415625 0.019627 0.024405
0 0.960938 0.433333 0.019733 0.025046
0 0.476562 0.502083 0.01733 0.02503
0 0.871875 0.520833 0.024043 0.032841
0 0.202344 0.522917 0.019574 0.023676
0 0.959375 0.5375 0.023103 0.02886
0 0.58125 0.5625 0.027387 0.036261
0 0.795312 0.564583 0.026 0.030914
0 0.93125 0.566667 0.026026 0.036828
0 0.369531 0.621875 0.021819 0.028356
0 0.453125 0.629167 0.024512 0.033827
0 0.846094 0.647917 0.020811 0.029482
0 0.747656 0.669792 0.027401 0.03896
0 0.976562 0.692708 0.023319 0.029672
0 0.325781 0.761458 0.029082 0.037672
0 0.694531 0.790625 0.019574 0.023676
0 0.566406 0.798958 0.020736 0.028573
0 0.978906 0.821875 0.028158 0.034718
0 0.963281 0.875 0.028356 0.038278
0 0.459375 0.888542 0.027905 0.034571
0 0.394531 0.91875 0.021727 0.028969
0 0.63125 0.959375 0.037547 0.04348