0 0.951562 0.010955 0.018029 0.021909
0 0.922656 0.022917 0.02714 0.033665
0 0.014063 0.032292 0.017759 0.024215
0 0.076563 0.059375 0.018939 0.024442
0 0.832812 0.067708 0.019531 0.027421
0 0.358594 0.080208 0.017759 0.024215
0 0.132812 0.091667 0.019693 0.028264
0 0.478125 0.092708 0.022937 0.028155
0 0.8375 0.090625 0.018442 0.024589
0 0.674219 0.114583 0.02143 0.027648
0 0.66875 0.1375 0.018756 0.022285
0 0.836719 0.159375 0.018939 0.024442
0 0.026562 0.18125 0.018773 0.023107
0 0.242188 0.186458 0.017301 0.024027
0 0.410156 0.204167 0.018769 0.023116
0 0.453906 0.211458 0.02426 0.027326
0 0.378906 0.221875 0.021339 0.026862
0 0.751563 0.228125 0.019773 0.0268
0 0.35625 0.248958 0.017301 0.024027
0 0.65625 0.258333 0.018052 0.026078
0 0.222656 0.261458 0.020566 0.026042
0 0.59375 0.266667 0.018052 0.026078
0 0.484375 0.271875 0.02095 0.027383
0 0.945312 0.273958 0.019531 0.026042
0 0.936719 0.33125 0.02834 0.035716
0 0.746094 0.35625 0.01902 0.024748
0 0.983594 0.358333 0.017759 0.024215
0 0.557813 0.371875 0.026901 0.032323
0 0.077344 0.371875 0.018048 0.02325
0 0.40625 0.375 0.018773 0.023107
0 0.585156 0.382292 0.024943 0.034642
0 0.297656 0.3875 0.020371 0.024457
0 0.494531 0.39375 0.02203 0.026707
0 0.499219 0.408333 0.018773 0.023107
0 0.124219 0.442708 0.024516 0.030178
0 0.480469 0.461458 0.027409 0.029641
0 0.765625 0.460417 0.019012 0.028214
0 0.042969 0.470833 0.020697 0.026524
0 0.817187 0.471875 0.019714 0.027305
0 0.489063 0.480208 0.026966 0.033171
0 0.580469 0.483333 0.021161 0.025349
0 0.522656 0.489583 0.018991 0.026389
0 0.607812 0.489583 0.020416 0.025301
0 0.011719 0.496875 0.020371 0.024457
0 0.492969 0.508333 0.029394 0.035093
0 0.470313 0.511458 0.024223 0.025111
0 0.695312 0.535417 0.019638 0.024534
0 0.797656 0.536458 0.02203 0.026707
0 0.632812 0.539583 0.018008 0.02309
0 0.725 0.542708 0.018756 0.022285
0 0.382812 0.546875 0.019552 0.024083
0 0.819531 0.571875 0.025957 0.03004
0 0.080469 0.569792 0.018939 0.024442
0 0.597656 0.583333 0.021314 0.02663
0 0.409375 0.60625 0.01733 0.02503
0 0.339062 0.61875 0.025956 0.040738
0 0.329688 0.638542 0.019762 0.028269
0 0.420312 0.654167 0.018052 0.026078
0 0.924219 0.689583 0.021161 0.025349
0 0.157812 0.705208 0.017759 0.024215
0 0.477344 0.785417 0.028438 0.037918
0 0.121875 0.786458 0.019531 0.026042
0 0.483594 0.827083 0.018827 0.023629
0 0.502344 0.896875 0.018773 0.023107
0 0.690625 0.915625 0.019627 0.024405
0 0.55 0.941667 0.018773 0.023107
0 0.367188 0.986027 0.022874 0.027947