0 0.590625 0.054167 0.01802 0.023067
0 0.292969 0.066667 0.020938 0.027401
0 0.628125 0.070833 0.019638 0.024534
0 0.85 0.20625 0.019792 0.025321
0 0.364844 0.284375 0.028066 0.034824
0 0.236719 0.292708 0.021161 0.025349
0 0.796094 0.3 0.028598 0.036398
0 0.201563 0.321875 0.022861 0.027439
0 0.321094 0.43125 0.017759 0.024215
0 0.546875 0.578125 0.022758 0.030751
0 0.765625 0.602083 0.018756 0.022285
0 0.319531 0.688542 0.025456 0.031641
0 0.567969 0.725 0.021796 0.030069
0 0.067187 0.725 0.019909 0.025929
0 0.296094 0.813542 0.022111 0.027748