0 0.564063 0.026084 0.040696 0.052168
0 0.616406 0.033333 0.027905 0.034571
0 0.702344 0.036458 0.021999 0.028864
0 0.327344 0.0375 0.018442 0.024589
0 0.490625 0.047917 0.020537 0.027934
0 0.521094 0.078125 0.020231 0.026656
0 0.602344 0.077083 0.0197 0.025227
0 0.65625 0.089583 0.026124 0.031426
0 0.54375 0.1 0.020811 0.029482
0 0.44375 0.104167 0.021198 0.026257
0 0.289844 0.116667 0.021701 0.028014
0 0.485156 0.11875 0.025289 0.031092
0 0.523438 0.132292 0.024847 0.031127
0 0.115625 0.134375 0.022152 0.027355
0 0.090625 0.147917 0.018773 0.023107
0 0.854688 0.152083 0.026195 0.032242
0 0.402344 0.155208 0.025273 0.030852
0 0.442969 0.158333 0.025056 0.029313
0 0.102344 0.164583 0.021819 0.028356
0 0.761719 0.184375 0.024564 0.030774
0 0.314844 0.191667 0.020583 0.030478
0 0.621875 0.233333 0.019558 0.02407
0 0.823438 0.239583 0.022868 0.029857
0 0.353906 0.24375 0.019543 0.023126
0 0.496875 0.248958 0.019543 0.023126
0 0.366406 0.26875 0.021479 0.027243
0 0.838281 0.267708 0.020328 0.024087
0 0.473438 0.2875 0.026279 0.035676
0 0.286719 0.290625 0.025243 0.032454
0 0.028906 0.303125 0.027516 0.034627
0 0.492969 0.307292 0.019119 0.025492
0 0.720313 0.30625 0.018773 0.023107
0 0.636719 0.332292 0.022104 0.027189
0 0.089063 0.339583 0.018756 0.022285
0 0.588281 0.351042 0.025219 0.029986
0 0.615625 0.373958 0.0184 0.026183
0 0.311719 0.401042 0.024564 0.030774
0 0.392969 0.435417 0.022731 0.02736
0 0.113281 0.446875 0.025273 0.030852
0 0.742969 0.480208 0.018161 0.023679
0 0.282031 0.489583 0.025088 0.031317
0 0.025781 0.50625 0.021819 0.028356
0 0.211719 0.532292 0.026585 0.035972
0 0.846094 0.567708 0.020706 0.03042
0 0.733594 0.6 0.0197 0.025227
0 0.217188 0.60625 0.018773 0.023107
0 0.184375 0.6125 0.020676 0.026744
0 0.207031 0.638542 0.021479 0.027243
0 0.151562 0.641667 0.020416 0.025301
0 0.667188 0.64375 0.020046 0.026244
0 0.534375 0.663542 0.025011 0.028174
0 0.321094 0.675 0.021479 0.027243
0 0.210156 0.708333 0.021819 0.028356
0 0.852344 0.732292 0.019638 0.024534
0 0.840625 0.739583 0.020566 0.027421
0 0.404687 0.745833 0.027056 0.034291
0 0.15625 0.782292 0.018784 0.026311
0 0.517969 0.807292 0.021362 0.02664
0 0.172656 0.826042 0.026114 0.032925
0 0.410938 0.832292 0.021049 0.031547
0 0.916406 0.833333 0.021479 0.027243
0 0.335938 0.8375 0.023227 0.029506
0 0.826562 0.8625 0.029328 0.036983
0 0.646094 0.858333 0.018331 0.025253
0 0.289844 0.89375 0.024847 0.031127
0 0.086719 0.909375 0.021479 0.027243
0 0.408594 0.983333 0.023103 0.02886