0 0.38125 0.010192 0.0184 0.020383
0 0.46875 0.010728 0.020046 0.021455
0 0.277344 0.013061 0.021479 0.026121
0 0.025 0.020833 0.032272 0.034254
0 0.850781 0.019792 0.018008 0.02309
0 0.175 0.040625 0.019574 0.023676
0 0.338281 0.05 0.018442 0.024589
0 0.338281 0.05625 0.018331 0.025253
0 0.266406 0.057292 0.017835 0.025128
0 0.589844 0.063542 0.018048 0.02325
0 0.260156 0.072917 0.020583 0.030478
0 0.680469 0.075 0.022094 0.027539
0 0.246875 0.085417 0.029024 0.034569
0 0.320312 0.083333 0.025806 0.025956
0 0.329688 0.103125 0.01959 0.031263
0 0.621875 0.102083 0.021247 0.027272
0 0.286719 0.127083 0.041431 0.045896
0 0.93125 0.122917 0.020479 0.026286
0 0.664844 0.13125 0.018442 0.024589
0 0.73125 0.147917 0.017438 0.024063
0 0.632031 0.15 0.020341 0.025073
0 0.585156 0.157292 0.021894 0.026105
0 0.525781 0.158333 0.018008 0.02309
0 0.314063 0.164583 0.025428 0.03584
0 0.553906 0.170833 0.036857 0.042966
0 0.571094 0.169792 0.021161 0.025349
0 0.408594 0.176042 0.018846 0.02378
0 0.486719 0.204167 0.018756 0.022285
0 0.572656 0.211458 0.019531 0.022917
0 0.625781 0.220833 0.028336 0.033814
0 0.192969 0.217708 0.01802 0.023067
0 0.972656 0.220833 0.018939 0.024442
0 0.845313 0.223958 0.020371 0.024457
0 0.817187 0.257292 0.02563 0.034173
0 0.826562 0.260417 0.018756 0.022285
0 0.4 0.264583 0.02365 0.028234
0 0.635938 0.270833 0.018939 0.024442
0 0.325 0.280208 0.029457 0.036717
0 0.732812 0.288542 0.028776 0.04129
0 0.0125 0.283333 0.020422 0.025409
0 0.239063 0.294792 0.036189 0.040381
0 0.688281 0.2875 0.018939 0.024442
0 0.703125 0.291667 0.01971 0.025332
0 0.571875 0.297917 0.021887 0.025097
0 0.285156 0.298958 0.019627 0.024405
0 0.711719 0.303125 0.02479 0.031527
0 0.358594 0.340625 0.019627 0.024405
0 0.630469 0.342708 0.018939 0.024442
0 0.697656 0.351042 0.020416 0.025301
0 0.619531 0.358333 0.018442 0.024589
0 0.576562 0.361458 0.01902 0.024748
0 0.814844 0.369792 0.030818 0.038039
0 0.425 0.363542 0.019574 0.023676
0 0.466406 0.371875 0.019531 0.022917
0 0.44375 0.379167 0.018756 0.022285
0 0.532031 0.388542 0.018773 0.023107
0 0.522656 0.394792 0.019633 0.024542
0 0.855469 0.395833 0.018008 0.02309
0 0.835938 0.426042 0.017438 0.024063
0 0.828125 0.43125 0.022937 0.028155
0 0.474219 0.433333 0.019543 0.023126
0 0.751563 0.45625 0.01971 0.025332
0 0.689063 0.460417 0.021122 0.026093
0 0.408594 0.463542 0.019627 0.024405
0 0.670312 0.471875 0.021894 0.026105
0 0.10625 0.480208 0.030727 0.038916
0 0.802344 0.473958 0.018442 0.024589
0 0.414062 0.490625 0.033062 0.043556
0 0.922656 0.505208 0.02273 0.025968
0 0.316406 0.51875 0.038087 0.05281
0 0.658594 0.507292 0.018756 0.022285
0 0.665625 0.509375 0.017317 0.024011
0 0.011719 0.515625 0.021339 0.026862
0 0.5875 0.514583 0.01875 0.022917
0 0.1375 0.520833 0.017438 0.024063
0 0.145313 0.521875 0.022039 0.026501
0 0.021094 0.534375 0.017759 0.024215
0 0.176563 0.559375 0.04476 0.051456
0 0.68125 0.5625 0.02101 0.028935
0 0.475 0.5625 0.020676 0.026744
0 0.646875 0.570833 0.03295 0.04434
0 0.252344 0.564583 0.022937 0.028155
0 0.58125 0.566667 0.019531 0.026042
0 0.309375 0.573958 0.025157 0.035606
0 0.553906 0.571875 0.018756 0.022285
0 0.217969 0.576042 0.025156 0.030503
0 0.102344 0.578125 0.018769 0.023116
0 0.10625 0.58125 0.022937 0.028155
0 0.521875 0.613542 0.067651 0.066777
0 0.430469 0.602083 0.027077 0.039383
0 0.3875 0.616667 0.035877 0.05336
0 0.065625 0.6125 0.02559 0.036981
0 0.030469 0.626042 0.025042 0.032134
0 0.039062 0.640625 0.021314 0.02663
0 0.103125 0.64375 0.018442 0.024589
0 0.161719 0.658333 0.037261 0.048687
0 0.317188 0.655208 0.017982 0.022269
0 0.123438 0.658333 0.018773 0.023107
0 0.848437 0.661458 0.023476 0.030208
0 0.649219 0.6625 0.021094 0.023958
0 0.079687 0.666667 0.018062 0.026069
0 0.348438 0.684375 0.033195 0.047273
0 0.086719 0.677083 0.02426 0.027326
0 0.034375 0.68125 0.018354 0.025228
0 0.617969 0.683333 0.018846 0.02378
0 0.090625 0.684375 0.019925 0.025905
0 0.151562 0.688542 0.018161 0.023679
0 0.703125 0.710417 0.030571 0.041771
0 0.274219 0.715625 0.02101 0.028935
0 0.413281 0.716667 0.018939 0.024442
0 0.136719 0.71875 0.018939 0.024442
0 0.56875 0.73125 0.034895 0.0473
0 0.366406 0.726042 0.020566 0.026042
0 0.653125 0.729167 0.025938 0.031646
0 0.075 0.730208 0.023878 0.029636
0 0.288281 0.7375 0.018876 0.02557
0 0.192969 0.7375 0.018773 0.023107
0 0.503906 0.7375 0.017759 0.024215
0 0.351562 0.744792 0.02591 0.030699
0 0.634375 0.742708 0.018939 0.024442
0 0.269531 0.744792 0.019693 0.024852
0 0.894531 0.758333 0.021161 0.025349
0 0.899219 0.765625 0.018331 0.025253
0 0.070312 0.776042 0.023597 0.02855
0 0.096094 0.776042 0.018999 0.02628
0 0.489063 0.795833 0.030566 0.038884
0 0.353125 0.807292 0.031317 0.041367
0 0.317969 0.803125 0.018048 0.02325
0 0.089063 0.817708 0.039065 0.04831
0 0.026562 0.809375 0.025273 0.030852
0 0.309375 0.80625 0.018124 0.023544
0 0.513281 0.8125 0.02475 0.031228
0 0.928125 0.821875 0.018939 0.024442
0 0.846094 0.827083 0.021999 0.028864
0 0.603906 0.83125 0.020566 0.026042
0 0.164062 0.839583 0.017982 0.022269
0 0.589844 0.840625 0.017982 0.022269
0 0.078125 0.84375 0.019909 0.025929
0 0.146875 0.844792 0.017982 0.022269
0 0.402344 0.864583 0.018442 0.024589
0 0.478125 0.865625 0.021161 0.025349
0 0.15625 0.877083 0.020627 0.027503
0 0.19375 0.88125 0.019574 0.023676
0 0.775 0.889583 0.028623 0.036909
0 0.289844 0.896875 0.018773 0.023107
0 0.428125 0.901042 0.019558 0.02407
0 0.685937 0.909375 0.030047 0.037046
0 0.419531 0.90625 0.022346 0.029794
0 0.625781 0.905208 0.018048 0.02325
0 0.753906 0.90625 0.018773 0.023107
0 0.769531 0.9375 0.017757 0.026099
0 0.34375 0.969792 0.017982 0.022269