0 0.121875 0.011557 0.021915 0.023113
0 0.941406 0.023958 0.024926 0.034184
0 0.014938 0.041667 0.029875 0.052043
0 0.597656 0.030208 0.018939 0.024442
0 0.285938 0.048958 0.036018 0.048718
0 0.151562 0.061458 0.04379 0.070027
0 0.595313 0.044792 0.027648 0.034893
0 0.045312 0.059375 0.029814 0.042562
0 0.692187 0.08125 0.023533 0.029266
0 0.803906 0.101042 0.025513 0.033411
0 0.69375 0.101042 0.019531 0.027421
0 0.319531 0.10625 0.020147 0.028452
0 0.820312 0.116667 0.036602 0.045018
0 0.358594 0.141667 0.023026 0.028919
0 0.528125 0.141667 0.018161 0.023679
0 0.396875 0.152083 0.021302 0.02814
0 0.310937 0.183333 0.033175 0.04498
0 0.610156 0.194792 0.032905 0.041452
0 0.248438 0.207292 0.028947 0.039934
0 0.127344 0.215625 0.033508 0.042906
0 0.327344 0.221875 0.042711 0.051996
0 0.032813 0.210417 0.01875 0.022917
0 0.154688 0.233333 0.018876 0.02557
0 0.24375 0.245833 0.019792 0.025321
0 0.158594 0.251042 0.026075 0.034418
0 0.310937 0.255208 0.027784 0.040062
0 0.7625 0.255208 0.027099 0.03509
0 0.633594 0.257292 0.021339 0.026862
0 0.550781 0.273958 0.036575 0.047835
0 0.414844 0.273958 0.019627 0.024405
0 0.127344 0.279167 0.019543 0.023126
0 0.077344 0.308333 0.031809 0.045678
0 0.614844 0.309375 0.018773 0.023107
0 0.158594 0.316667 0.018846 0.02378
0 0.217969 0.329167 0.021161 0.025349
0 0.624219 0.33125 0.017438 0.024063
0 0.042188 0.347917 0.01902 0.024748
0 0.58125 0.35 0.019429 0.026567
0 0.68125 0.373958 0.028683 0.041102
0 0.510156 0.36875 0.018008 0.02309
0 0.709375 0.385417 0.032185 0.051126
0 0.525 0.383333 0.019531 0.026042
0 0.2375 0.395833 0.018756 0.022285
0 0.960938 0.411458 0.025033 0.034809
0 0.717187 0.411458 0.023786 0.032659
0 0.84375 0.408333 0.021479 0.027243
0 0.036719 0.441667 0.028387 0.035348
0 0.739062 0.452083 0.021339 0.026862
0 0.922656 0.458333 0.019627 0.024405
0 0.50625 0.461458 0.019558 0.02407
0 0.886719 0.464583 0.021999 0.028864
0 0.282813 0.46875 0.018367 0.028175
0 0.639844 0.470833 0.020676 0.026744
0 0.192188 0.495833 0.025726 0.035186
0 0.339844 0.492708 0.020341 0.025073
0 0.690625 0.497917 0.023718 0.029015
0 0.573438 0.510417 0.036385 0.050623
0 0.339844 0.5 0.022039 0.026501
0 0.349219 0.505208 0.021459 0.027275
0 0.096875 0.523958 0.0362 0.044136
0 0.403125 0.516667 0.01882 0.024173
0 0.825 0.530208 0.025197 0.031603
0 0.407031 0.539583 0.030628 0.041828
0 0.878125 0.538542 0.025969 0.032604
0 0.283594 0.553125 0.044403 0.052823
0 0.795312 0.547917 0.022759 0.032415
0 0.141406 0.563542 0.03787 0.058003
0 0.10625 0.564583 0.027328 0.035328
0 0.66875 0.578125 0.039893 0.055036
0 0.889062 0.571875 0.026448 0.038605
0 0.613281 0.567708 0.019119 0.025492
0 0.278125 0.576042 0.01892 0.026267
0 0.938281 0.580208 0.024976 0.033622
0 0.182031 0.580208 0.019925 0.025905
0 0.417187 0.582292 0.017438 0.024063
0 0.270313 0.588542 0.022017 0.028277
0 0.749219 0.609375 0.028941 0.047503
0 0.772656 0.621875 0.028635 0.036202
0 0.892188 0.635417 0.023345 0.03313
0 0.39375 0.633333 0.0197 0.025227
0 0.624219 0.65 0.034908 0.045168
0 0.109375 0.642708 0.019531 0.027421
0 0.5125 0.646875 0.025243 0.032454
0 0.567187 0.652083 0.027126 0.040986
0 0.109375 0.653125 0.022068 0.033675
0 0.448437 0.653125 0.020371 0.024457
0 0.428906 0.657292 0.017982 0.022269
0 0.409375 0.678125 0.033701 0.048288
0 0.3625 0.672917 0.018773 0.023107
0 0.175 0.673958 0.025004 0.025114
0 0.732812 0.688542 0.019119 0.025492
0 0.071094 0.705208 0.030501 0.039855
0 0.400781 0.697917 0.017345 0.026058
0 0.023438 0.698958 0.017438 0.024063
0 0.896094 0.7 0.018991 0.026389
0 0.046094 0.704167 0.025335 0.030579
0 0.028125 0.711458 0.02703 0.036558
0 0.264062 0.715625 0.03425 0.043527
0 0.202344 0.710417 0.022883 0.028677
0 0.389844 0.713542 0.02413 0.031832
0 0.046875 0.725 0.0197 0.025227
0 0.388281 0.726042 0.019531 0.026042
0 0.072656 0.729167 0.021658 0.029319
0 0.441406 0.7375 0.019638 0.024534
0 0.344531 0.747917 0.01971 0.025332
0 0.463281 0.75 0.020046 0.026244
0 0.990333 0.75625 0.019333 0.027243
0 0.035937 0.763542 0.026114 0.032925
0 0.521094 0.783333 0.025117 0.035652
0 0.102344 0.780208 0.018442 0.024589
0 0.244531 0.780208 0.018827 0.023629
0 0.511719 0.78125 0.017759 0.024215
0 0.851562 0.8 0.021978 0.027245
0 0.758594 0.813542 0.019574 0.023676
0 0.126562 0.8125 0.018008 0.02309
0 0.165625 0.816667 0.01813 0.025093
0 0.635938 0.817708 0.018561 0.025359
0 0.824219 0.823958 0.024416 0.036121
0 0.546094 0.822917 0.022242 0.030281
0 0.464844 0.820833 0.019558 0.02407
0 0.921094 0.829167 0.026026 0.036828
0 0.353906 0.833333 0.027468 0.034971
0 0.097656 0.838542 0.025938 0.031646
0 0.629687 0.8375 0.018048 0.02325
0 0.08125 0.838542 0.017301 0.024027
0 0.073438 0.847917 0.019534 0.022292
0 0.703125 0.853125 0.025781 0.032981
0 0.475 0.85 0.018442 0.024589
0 0.064062 0.853125 0.020416 0.025301
0 0.635938 0.860417 0.029557 0.035379
0 0.466406 0.859375 0.019558 0.02407
0 0.648438 0.865625 0.022937 0.028155
0 0.959375 0.869792 0.019574 0.023676
0 0.714063 0.876042 0.022828 0.027821
0 0.732812 0.890625 0.030362 0.038669
0 0.090625 0.905208 0.025149 0.038182
0 0.292969 0.919792 0.044377 0.053336
0 0.507031 0.909375 0.021339 0.026862
0 0.415625 0.91875 0.027054 0.032892
0 0.321875 0.920833 0.02749 0.031005
0 0.346875 0.921875 0.022883 0.028677
0 0.311719 0.920833 0.021131 0.02449
0 0.336719 0.927083 0.021198 0.026257
0 0.296875 0.936458 0.018801 0.024039
0 0.542188 0.961794 0.050755 0.076412
0 0.227344 0.945833 0.027965 0.034071
0 0.010937 0.948958 0.019909 0.025929
0 0.829688 0.965625 0.018939 0.024442
0 0.01875 0.972917 0.028531 0.033849
0 0.847656 0.970833 0.021727 0.028969
0 0.786719 0.980958 0.030362 0.038084
0 0.058594 0.988501 0.021978 0.022997