0 0.729688 0.011198 0.023476 0.022396
0 0.017969 0.041667 0.029928 0.043388
0 0.263281 0.055208 0.029916 0.034108
0 0.482812 0.078125 0.029258 0.040195
0 0.853125 0.075 0.028044 0.034063
0 0.296875 0.104167 0.018161 0.023679
0 0.0875 0.120833 0.026107 0.033377
0 0.375781 0.129167 0.022828 0.027821
0 0.053906 0.134375 0.022447 0.02875
0 0.775781 0.139583 0.035423 0.036692
0 0.059375 0.157292 0.031205 0.040495
0 0.520312 0.153125 0.019574 0.023676
0 0.085938 0.1625 0.026441 0.033085
0 0.783594 0.165625 0.02486 0.031
0 0.555469 0.19375 0.021161 0.025349
0 0.892969 0.20625 0.029953 0.038592
0 0.008813 0.213542 0.017626 0.024405
0 0.578125 0.264583 0.034145 0.048472
0 0.29375 0.263542 0.024076 0.032101
0 0.960938 0.270833 0.025998 0.03813
0 0.915625 0.271875 0.026305 0.036148
0 0.805469 0.276042 0.022758 0.030751
0 0.773438 0.286458 0.02095 0.027383
0 0.189844 0.288542 0.019627 0.024405
0 0.473438 0.288542 0.019909 0.025929
0 0.345313 0.315625 0.021243 0.027194
0 0.498437 0.323958 0.029606 0.035407
0 0.397656 0.31875 0.021339 0.026862
0 0.055469 0.325 0.029697 0.033357
0 0.229687 0.319792 0.018827 0.023629
0 0.347656 0.328125 0.022047 0.026945
0 0.586719 0.344792 0.020676 0.026744
0 0.658594 0.351042 0.027831 0.036524
0 0.429688 0.357292 0.023796 0.029832
0 0.874219 0.388542 0.018939 0.024442
0 0.399219 0.396875 0.021819 0.028356
0 0.171094 0.410417 0.035897 0.044943
0 0.032813 0.411458 0.035245 0.036947
0 0.335938 0.407292 0.022937 0.028155
0 0.045312 0.428125 0.023456 0.028163
0 0.138281 0.478125 0.026064 0.033611
0 0.567187 0.48125 0.033016 0.037221
0 0.322656 0.478125 0.018161 0.023679
0 0.071875 0.4875 0.020479 0.026286
0 0.385156 0.489583 0.024897 0.032298
0 0.499219 0.494792 0.02003 0.029373
0 0.914062 0.498958 0.030745 0.033177
0 0.658594 0.529167 0.025348 0.03196
0 0.545312 0.53125 0.022551 0.029062
0 0.615625 0.551042 0.018773 0.023107
0 0.164844 0.557292 0.022242 0.030281
0 0.078906 0.580208 0.02828 0.039543
0 0.715625 0.579167 0.03023 0.036196
0 0.622656 0.573958 0.018773 0.023107
0 0.042969 0.591667 0.035938 0.046198
0 0.541406 0.619792 0.024496 0.029918
0 0.585938 0.632292 0.032208 0.035321
0 0.840625 0.632292 0.026724 0.034099
0 0.145313 0.672917 0.020416 0.025301
0 0.471875 0.684375 0.022729 0.02728
0 0.969531 0.689583 0.018939 0.024442
0 0.451562 0.692708 0.023878 0.029636
0 0.040625 0.711458 0.027056 0.034291
0 0.197656 0.722917 0.021542 0.027554
0 0.126562 0.73125 0.021314 0.02663
0 0.122656 0.75 0.027409 0.033398
0 0.710156 0.754167 0.021819 0.028356
0 0.296094 0.797917 0.033401 0.04085
0 0.015625 0.828125 0.023796 0.029832
0 0.817969 0.827083 0.017759 0.024215
0 0.327344 0.840625 0.021819 0.028356
0 0.758594 0.88125 0.018331 0.025253
0 0.267969 0.90625 0.02537 0.032683
0 0.191406 0.907292 0.021239 0.025868
0 0.475781 0.928125 0.025415 0.033069
0 0.785937 0.965625 0.019992 0.026974
0 0.727344 0.98877 0.020328 0.02246