0 0.703125 0.012302 0.029195 0.024604
0 0.621094 0.025 0.021161 0.025349
0 0.235156 0.064583 0.025853 0.032508
0 0.921094 0.063542 0.021701 0.028014
0 0.226562 0.078125 0.02317 0.029214
0 0.333594 0.115625 0.025022 0.026377
0 0.463281 0.11875 0.025541 0.033198
0 0.413281 0.123958 0.021314 0.02663
0 0.264844 0.132292 0.018939 0.024442
0 0.548438 0.134375 0.019429 0.026567
0 0.354687 0.14375 0.022365 0.0337
0 0.272656 0.14375 0.024425 0.030612
0 0.911719 0.147917 0.023666 0.033336
0 0.425 0.155208 0.020479 0.026286
0 0.275781 0.157292 0.021239 0.025868
0 0.053906 0.184375 0.026341 0.03252
0 0.761719 0.192708 0.01971 0.025332
0 0.830469 0.215625 0.019178 0.025168
0 0.789062 0.263542 0.023778 0.030992
0 0.569531 0.271875 0.018773 0.023107
0 0.382031 0.2875 0.025452 0.03652
0 0.549219 0.285417 0.021648 0.029332
0 0.307812 0.290625 0.022937 0.028155
0 0.085156 0.303125 0.024341 0.028597
0 0.513281 0.363542 0.023505 0.034935
0 0.035937 0.390625 0.019627 0.024405
0 0.272656 0.414583 0.021542 0.027554
0 0.30625 0.432292 0.020416 0.025301
0 0.078125 0.451042 0.023438 0.03125
0 0.954688 0.451042 0.020566 0.026042
0 0.422656 0.490625 0.024847 0.031127
0 0.217969 0.496875 0.021542 0.027554
0 0.324219 0.503125 0.025161 0.030661
0 0.135156 0.517708 0.020341 0.025073
0 0.155469 0.551042 0.021819 0.028356
0 0.619531 0.614583 0.021314 0.02663
0 0.246094 0.619792 0.02099 0.033499
0 0.5625 0.647917 0.0201 0.026364
0 0.692969 0.679167 0.021819 0.028356
0 0.080469 0.692708 0.022226 0.031538
0 0.275781 0.702083 0.022758 0.030751
0 0.044531 0.704167 0.01971 0.025332
0 0.691406 0.70625 0.021479 0.027243
0 0.633594 0.75625 0.026848 0.034118
0 0.097656 0.754167 0.021339 0.026862
0 0.571875 0.770833 0.023227 0.029506
0 0.501563 0.796875 0.022937 0.028155
0 0.957812 0.83125 0.020537 0.027934
0 0.796094 0.8375 0.021264 0.026134
0 0.082812 0.866667 0.020566 0.026042
0 0.024219 0.878125 0.026159 0.03105
0 0.225781 0.922917 0.024835 0.031146
0 0.53125 0.936458 0.022729 0.02728
0 0.204687 0.960417 0.024467 0.034451
0 0.960938 0.959375 0.019415 0.028306
0 0.960938 0.966667 0.018921 0.024472
0 0.246875 0.978125 0.020441 0.025129