0 0.483594 0.014583 0.022815 0.027608
0 0.467187 0.036458 0.019627 0.024405
0 0.044531 0.038542 0.021339 0.026862
0 0.583594 0.047917 0.021314 0.02663
0 0.221094 0.091667 0.021989 0.028877
0 0.827344 0.142708 0.021796 0.02989
0 0.283594 0.1625 0.020044 0.026726
0 0.649219 0.19375 0.023491 0.027306
0 0.669531 0.216667 0.021542 0.027554
0 0.704688 0.219792 0.027891 0.033137
0 0.340625 0.21875 0.018773 0.023107
0 0.607812 0.233333 0.019909 0.025929
0 0.147656 0.261458 0.021819 0.028356
0 0.564063 0.2625 0.018773 0.023107
0 0.083594 0.263542 0.018048 0.02325
0 0.191406 0.303125 0.020566 0.026042
0 0.498437 0.366667 0.024652 0.030465
0 0.596094 0.390625 0.02648 0.033546
0 0.550781 0.388542 0.021198 0.026257
0 0.586719 0.4 0.021618 0.02791
0 0.4875 0.413542 0.022883 0.028677
0 0.614844 0.43125 0.018939 0.024442
0 0.705469 0.447917 0.018939 0.024442
0 0.628125 0.4875 0.020046 0.026244
0 0.5625 0.495833 0.020551 0.027917
0 0.753906 0.497917 0.020697 0.026524
0 0.9625 0.5 0.019733 0.025046
0 0.710938 0.510417 0.023127 0.02972
0 0.342969 0.514583 0.021701 0.028014
0 0.924219 0.528125 0.020566 0.026042
0 0.246875 0.53125 0.023718 0.029015
0 0.458594 0.532292 0.021819 0.028356
0 0.275 0.539583 0.018999 0.02628
0 0.042188 0.577083 0.022937 0.028155
0 0.516406 0.579167 0.020046 0.026244
0 0.397656 0.594792 0.021796 0.030069
0 0.617188 0.609375 0.023319 0.029672
0 0.528906 0.617708 0.021819 0.028356
0 0.607812 0.632292 0.020697 0.026524
0 0.785156 0.667708 0.021479 0.027243
0 0.263281 0.677083 0.024291 0.029293
0 0.808594 0.689583 0.018561 0.025359
0 0.389062 0.697917 0.019543 0.023126
0 0.89375 0.714583 0.023438 0.03125
0 0.610156 0.71875 0.021542 0.027554
0 0.215625 0.732292 0.021727 0.028969
0 0.432812 0.758333 0.021239 0.025868
0 0.8875 0.79375 0.019909 0.025929
0 0.615625 0.804167 0.019925 0.025905
0 0.904687 0.832292 0.023964 0.032621
0 0.267188 0.851042 0.020801 0.028133
0 0.504687 0.866667 0.022729 0.02728
0 0.011163 0.877083 0.022326 0.037248
0 0.939063 0.903125 0.020566 0.026042
0 0.240625 0.972917 0.045524 0.051475
0 0.696875 0.987709 0.020454 0.024582