0 0.439063 0.013239 0.025957 0.026478
0 0.796875 0.012583 0.01971 0.025166
0 0.383594 0.029167 0.02168 0.028193
0 0.078906 0.035417 0.027872 0.033345
0 0.95625 0.048958 0.019925 0.025905
0 0.840625 0.070833 0.01971 0.025332
0 0.210156 0.075 0.022094 0.027539
0 0.370312 0.090625 0.032853 0.03969
0 0.015625 0.083333 0.018827 0.023629
0 0.632031 0.091667 0.028371 0.034763
0 0.822656 0.092708 0.025541 0.033198
0 0.324219 0.105208 0.025002 0.031555
0 0.782031 0.122917 0.031576 0.039759
0 0.980469 0.125 0.019178 0.025168
0 0.625781 0.139583 0.026061 0.032032
0 0.423438 0.147917 0.026221 0.032529
0 0.123438 0.151042 0.023718 0.029015
0 0.635938 0.157292 0.027905 0.034571
0 0.460938 0.158333 0.020676 0.026744
0 0.729688 0.159375 0.022883 0.028677
0 0.239844 0.166667 0.018561 0.025359
0 0.017188 0.188542 0.031317 0.041367
0 0.035937 0.191667 0.021978 0.027245
0 0.442969 0.204167 0.021978 0.027245
0 0.114844 0.204167 0.017658 0.024165
0 0.0875 0.244792 0.019531 0.026042
0 0.189062 0.253125 0.019531 0.027421
0 0.110156 0.277083 0.018939 0.024442
0 0.39375 0.279167 0.018773 0.023107
0 0.227344 0.297917 0.024188 0.03293
0 0.196094 0.294792 0.019768 0.025593
0 0.311719 0.295833 0.01902 0.024748
0 0.134375 0.307292 0.022883 0.028677
0 0.158594 0.325 0.018008 0.02309
0 0.252344 0.329167 0.021978 0.027245
0 0.807813 0.34375 0.02475 0.031228
0 0.8375 0.3625 0.02306 0.029195
0 0.796875 0.386458 0.025472 0.034539
0 0.860938 0.385417 0.026124 0.031426
0 0.379688 0.391667 0.032998 0.039856
0 0.204687 0.3875 0.017438 0.024063
0 0.657031 0.404167 0.022945 0.029561
0 0.221094 0.414583 0.026893 0.038633
0 0.1625 0.427083 0.023607 0.028741
0 0.59375 0.435417 0.0201 0.026364
0 0.585938 0.441667 0.019683 0.026728
0 0.611719 0.44375 0.020432 0.028638
0 0.940625 0.454167 0.02306 0.029195
0 0.188281 0.454167 0.023447 0.026119
0 0.574219 0.473958 0.023654 0.029634
0 0.182812 0.495833 0.018939 0.024442
0 0.548438 0.501042 0.026833 0.03299
0 0.857031 0.6125 0.02854 0.036758
0 0.403125 0.640625 0.022729 0.02728
0 0.977344 0.646875 0.01882 0.024173
0 0.609375 0.6625 0.022758 0.030751
0 0.382031 0.688542 0.031977 0.040595
0 0.017188 0.7 0.028222 0.039025
0 0.878906 0.704167 0.027381 0.030357
0 0.089844 0.704167 0.021978 0.027245
0 0.533594 0.707292 0.027349 0.034246
0 0.8 0.703125 0.019574 0.023676
0 0.839844 0.716667 0.021362 0.02664
0 0.597656 0.73125 0.021999 0.028864
0 0.677344 0.755208 0.028106 0.035108
0 0.833594 0.801042 0.018991 0.026389
0 0.647656 0.814583 0.020551 0.027917
0 0.207813 0.835417 0.021894 0.026105
0 0.111719 0.84375 0.021804 0.02852
0 0.544531 0.858333 0.024736 0.037004
0 0.204687 0.869792 0.019909 0.025929
0 0.775781 0.88125 0.018827 0.023629
0 0.614844 0.905208 0.021819 0.028356
0 0.142969 0.928125 0.021804 0.02852
0 0.377344 0.944792 0.021999 0.028864
0 0.066406 0.953125 0.021362 0.02664
0 0.2875 0.961458 0.029749 0.038018
0 0.597656 0.967708 0.033203 0.041345
0 0.648438 0.979167 0.01971 0.025332
0 0.967187 0.982292 0.019992 0.026974
0 0.314063 0.984375 0.021546 0.027548
0 0.950781 0.984375 0.020058 0.027568