0 0.311719 0.032292 0.021161 0.025349
0 0.235937 0.034375 0.019992 0.026974
0 0.371094 0.0375 0.024584 0.031012
0 0.467187 0.075 0.023556 0.02766
0 0.986719 0.08125 0.025264 0.032746
0 0.560156 0.082292 0.021618 0.02791
0 0.647656 0.090625 0.021618 0.02791
0 0.580469 0.094792 0.021362 0.02664
0 0.814844 0.103125 0.024679 0.030191
0 0.545312 0.122917 0.018756 0.022285
0 0.702344 0.129167 0.021119 0.029767
0 0.71875 0.133333 0.018773 0.023107
0 0.859375 0.151042 0.023597 0.02855
0 0.08125 0.15625 0.021362 0.02664
0 0.376563 0.182292 0.020627 0.027503
0 0.442188 0.1875 0.020479 0.026286
0 0.421875 0.19375 0.019638 0.024534
0 0.582812 0.197917 0.020517 0.029536
0 0.378125 0.196875 0.020789 0.026845
0 0.339844 0.229167 0.018442 0.024589
0 0.124219 0.266667 0.019792 0.025321
0 0.204687 0.311458 0.022356 0.031944
0 0.160938 0.315625 0.023268 0.032258
0 0.877344 0.31875 0.019574 0.023676
0 0.03125 0.335417 0.026621 0.033198
0 0.913281 0.338542 0.024494 0.031715
0 0.43125 0.340625 0.02292 0.033794
0 0.541406 0.388542 0.01882 0.024173
0 0.528906 0.410417 0.023607 0.028741
0 0.179688 0.414583 0.023462 0.02542
0 0.09375 0.427083 0.023325 0.031295
0 0.557031 0.427083 0.019627 0.024405
0 0.786719 0.429167 0.018921 0.024472
0 0.053906 0.43125 0.021819 0.028356
0 0.107813 0.436458 0.022959 0.032567
0 0.170313 0.444792 0.024897 0.032298
0 0.849219 0.44375 0.018827 0.023629
0 0.046094 0.447917 0.020566 0.026042
0 0.630469 0.454167 0.024436 0.029089
0 0.590625 0.467708 0.025042 0.032134
0 0.569531 0.472917 0.022776 0.032111
0 0.882812 0.469792 0.019574 0.023676
0 0.230469 0.519792 0.021788 0.030078
0 0.896875 0.529167 0.023476 0.030208
0 0.930469 0.538542 0.023144 0.03231
0 0.603125 0.542708 0.029703 0.039764
0 0.633594 0.542708 0.021819 0.028356
0 0.085938 0.558333 0.026221 0.032529
0 0.348438 0.558333 0.025507 0.03125
0 0.958594 0.559375 0.021314 0.02663
0 0.085156 0.573958 0.021264 0.026134
0 0.824219 0.573958 0.021038 0.029672
0 0.875 0.586458 0.024679 0.030191
0 0.320312 0.59375 0.019909 0.025929
0 0.067187 0.597917 0.022937 0.028155
0 0.7125 0.611458 0.018442 0.024589
0 0.86875 0.630208 0.02095 0.027383
0 0.611719 0.639583 0.023362 0.031655
0 0.18125 0.671875 0.020416 0.025301
0 0.44375 0.677083 0.023878 0.029636
0 0.617188 0.6875 0.02486 0.031
0 0.435156 0.688542 0.021788 0.030078
0 0.580469 0.686458 0.017317 0.024011
0 0.578906 0.694792 0.019638 0.024534
0 0.682031 0.697917 0.020566 0.026042
0 0.035937 0.702083 0.021239 0.025868
0 0.635156 0.707292 0.026689 0.03168
0 0.627344 0.739583 0.021788 0.030078
0 0.674219 0.7375 0.0197 0.025227
0 0.196875 0.746875 0.018939 0.024442
0 0.688281 0.748958 0.018773 0.023107
0 0.098437 0.754167 0.021247 0.027272
0 0.900781 0.7625 0.018331 0.025253
0 0.075 0.767708 0.01902 0.024748
0 0.632812 0.776042 0.026166 0.030931
0 0.535156 0.776042 0.021362 0.02664
0 0.39375 0.778125 0.019543 0.023126
0 0.667969 0.785417 0.018442 0.024589
0 0.851562 0.790625 0.022729 0.02728
0 0.172656 0.794792 0.024508 0.031695
0 0.640625 0.79375 0.018921 0.024472
0 0.635156 0.794792 0.018442 0.024589
0 0.827344 0.804167 0.018827 0.023629
0 0.972656 0.808333 0.018008 0.02309
0 0.323437 0.815625 0.023476 0.030208
0 0.661719 0.833333 0.030895 0.034651
0 0.678906 0.835417 0.022946 0.033893
0 0.1625 0.861458 0.019925 0.025905
0 0.201563 0.902083 0.025354 0.032797
0 0.140625 0.902083 0.018773 0.023107
0 0.804688 0.910417 0.019909 0.025929
0 0.692969 0.920833 0.024679 0.030191
0 0.859375 0.938542 0.018827 0.023629
0 0.507031 0.94375 0.024076 0.032101
0 0.617188 0.970833 0.021788 0.030078
0 0.117969 0.986164 0.023063 0.027672