0 0.089063 0.020833 0.020046 0.026244
0 0.334375 0.045833 0.017835 0.025128
0 0.717187 0.054167 0.026308 0.031809
0 0.214062 0.057292 0.019792 0.025321
0 0.670312 0.067708 0.020479 0.026286
0 0.369531 0.073958 0.018756 0.022285
0 0.4625 0.084375 0.021161 0.025349
0 0.45625 0.101042 0.018052 0.026078
0 0.009132 0.123958 0.018263 0.035797
0 0.816406 0.144792 0.028281 0.030299
0 0.489844 0.19375 0.017759 0.024215
0 0.852344 0.203125 0.021542 0.027554
0 0.939063 0.21875 0.023026 0.028919
0 0.527344 0.255208 0.017317 0.024011
0 0.803125 0.2625 0.018029 0.025068
0 0.896094 0.280208 0.018773 0.023107
0 0.590625 0.403125 0.017982 0.022269
0 0.171875 0.434375 0.019558 0.02407
0 0.074219 0.477083 0.025853 0.032508
0 0.64375 0.497917 0.02077 0.027051
0 0.404687 0.50625 0.019446 0.026546
0 0.009856 0.51875 0.019713 0.026744
0 0.760156 0.533333 0.018939 0.024442
0 0.300781 0.547917 0.02886 0.039728
0 0.163281 0.547917 0.024512 0.033827
0 0.629687 0.610417 0.032175 0.042439
0 0.691406 0.602083 0.018008 0.02309
0 0.173437 0.620833 0.019574 0.023676
0 0.503125 0.64375 0.018773 0.023107
0 0.642969 0.694792 0.021999 0.028864
0 0.628125 0.703125 0.019893 0.027596
0 0.673438 0.70625 0.023988 0.030346
0 0.6375 0.738542 0.035623 0.053473
0 0.321094 0.803125 0.021804 0.02852
0 0.403906 0.814583 0.017345 0.026058
0 0.423438 0.86875 0.017345 0.026058
0 0.666406 0.894792 0.018773 0.023107