0 0.967187 0.06875 0.020566 0.026042
0 0.774219 0.088542 0.028453 0.034189
0 0.458594 0.104167 0.021999 0.028864
0 0.588281 0.165625 0.021701 0.028014
0 0.328906 0.214583 0.025032 0.034809
0 0.497656 0.236458 0.021542 0.029952
0 0.497656 0.252083 0.018304 0.026169
0 0.759375 0.272917 0.023293 0.029834
0 0.53125 0.307292 0.021971 0.029612
0 0.59375 0.333333 0.028106 0.035108
0 0.648438 0.339583 0.035461 0.044017
0 0.447656 0.346875 0.031641 0.04372
0 0.929688 0.351042 0.023476 0.030208
0 0.353125 0.36875 0.01802 0.023067
0 0.722656 0.432292 0.02512 0.028147
0 0.334375 0.457292 0.02597 0.036688
0 0.285156 0.471875 0.030497 0.038955
0 0.213281 0.467708 0.018029 0.025068
0 0.952344 0.496875 0.021542 0.027554
0 0.601562 0.503125 0.021701 0.028014
0 0.411719 0.516667 0.025408 0.038238
0 0.089063 0.522917 0.022383 0.029621
0 0.292969 0.520833 0.020341 0.025073
0 0.1625 0.563542 0.027172 0.035363
0 0.425 0.570833 0.021667 0.027913
0 0.95 0.627083 0.023583 0.030562
0 0.7375 0.6625 0.027426 0.037527
0 0.817187 0.692708 0.019543 0.023126
0 0.871875 0.7 0.027829 0.038542
0 0.764062 0.742708 0.026101 0.032719
0 0.246875 0.745833 0.023161 0.029971
0 0.786719 0.748958 0.021701 0.028014
0 0.825 0.863542 0.023583 0.030562
0 0.11875 0.86875 0.022828 0.027821
0 0.823438 0.896875 0.021563 0.029929
0 0.825781 0.940625 0.018939 0.024442