0 0.292969 0.103125 0.024652 0.030465
0 0.726562 0.113542 0.020046 0.026244
0 0.767188 0.128125 0.02095 0.027383
0 0.777344 0.136458 0.02143 0.027648
0 0.81875 0.161458 0.022995 0.032052
0 0.274219 0.160417 0.022731 0.029504
0 0.920312 0.1625 0.023771 0.032677
0 0.710156 0.221875 0.021804 0.02852
0 0.263281 0.234375 0.024584 0.031012
0 0.651563 0.23125 0.020566 0.026042
0 0.710938 0.254167 0.021243 0.027194
0 0.761719 0.271875 0.022186 0.028591
0 0.107031 0.278125 0.021198 0.026257
0 0.56875 0.283333 0.018773 0.023107
0 0.101562 0.302083 0.02203 0.026707
0 0.16875 0.305208 0.021198 0.026257
0 0.420312 0.315625 0.020479 0.026286
0 0.4875 0.335417 0.029145 0.035766
0 0.735938 0.332292 0.020046 0.026244
0 0.989062 0.345833 0.021563 0.029929
0 0.255469 0.363542 0.019627 0.024405
0 0.613281 0.376042 0.020566 0.026042
0 0.659375 0.386458 0.025197 0.031603
0 0.394531 0.465625 0.026061 0.032032
0 0.7125 0.49375 0.022937 0.028155
0 0.008843 0.507292 0.017687 0.029089
0 0.20625 0.529167 0.019531 0.027421
0 0.027344 0.532292 0.019119 0.025492
0 0.01875 0.535417 0.025846 0.027325
0 0.185938 0.604167 0.023476 0.030208
0 0.216406 0.609375 0.018161 0.023679
0 0.130469 0.627083 0.027444 0.031564
0 0.571875 0.651042 0.02253 0.034609
0 0.117969 0.648958 0.022152 0.027355
0 0.190625 0.68125 0.018756 0.022285
0 0.63125 0.703125 0.023385 0.032449
0 0.152344 0.748958 0.024946 0.031337
0 0.963281 0.748958 0.018161 0.023679
0 0.011432 0.755208 0.022864 0.035446
0 0.035156 0.765625 0.021796 0.02989
0 0.034375 0.780208 0.025129 0.029733
0 0.289844 0.786458 0.020566 0.026042
0 0.291406 0.832292 0.027353 0.030245
0 0.228906 0.879167 0.028286 0.038736
0 0.207031 0.879167 0.021239 0.025868
0 0.248438 0.894792 0.021701 0.028014
0 0.2375 0.920833 0.023097 0.028871
0 0.167187 0.942708 0.026618 0.031354