0 0.028125 0.083333 0.021131 0.02449
0 0.849219 0.105208 0.01971 0.025332
0 0.385937 0.152083 0.020529 0.025786
0 0.159375 0.221875 0.020566 0.026042
0 0.432812 0.240625 0.019531 0.026042
0 0.947656 0.359375 0.020416 0.025301
0 0.592187 0.388542 0.020537 0.027934
0 0.472656 0.452083 0.021479 0.027243
0 0.2625 0.517708 0.021727 0.028969
0 0.660937 0.526042 0.019992 0.026974
0 0.111719 0.577083 0.019531 0.027421
0 0.760156 0.732292 0.018442 0.024589
0 0.053906 0.948958 0.018773 0.023107
0 0.428906 0.965625 0.026275 0.033933