0 0.608594 0.039583 0.024564 0.030774
0 0.142969 0.111458 0.022768 0.026762
0 0.665625 0.169792 0.026963 0.035543
0 0.534375 0.239583 0.025056 0.029313
0 0.357031 0.376042 0.021339 0.026862
0 0.796094 0.420833 0.025042 0.032134
0 0.7625 0.534375 0.026537 0.033111
0 0.285156 0.554167 0.021989 0.028877
0 0.482031 0.610417 0.023227 0.029506
0 0.594531 0.645833 0.02749 0.031005
0 0.364063 0.723958 0.023227 0.029506
0 0.224219 0.796875 0.018939 0.024442
0 0.610938 0.8 0.018773 0.023107
0 0.101562 0.823958 0.020058 0.027568
0 0.799219 0.845833 0.025095 0.028633
0 0.885938 0.982667 0.02393 0.034667