0 0.957031 0.046875 0.022393 0.030491
0 0.552344 0.102083 0.023103 0.02886
0 0.586719 0.1 0.021339 0.026862
0 0.496875 0.108333 0.018756 0.022285
0 0.084375 0.175 0.019298 0.026433
0 0.413281 0.210417 0.027036 0.038034
0 0.455469 0.211458 0.02143 0.027648
0 0.735938 0.213542 0.01902 0.024748
0 0.986719 0.238542 0.021161 0.025349
0 0.922656 0.259375 0.027883 0.036135
0 0.447656 0.280208 0.018773 0.023107
0 0.2875 0.319792 0.022937 0.028155
0 0.510938 0.334375 0.023232 0.0323
0 0.296094 0.332292 0.024326 0.027335
0 0.411719 0.335417 0.021999 0.028864
0 0.917188 0.334375 0.022945 0.029561
0 0.55625 0.375 0.023692 0.028515
0 0.471875 0.379167 0.018999 0.02628
0 0.18125 0.433333 0.02924 0.037864
0 0.350781 0.472917 0.022776 0.032111
0 0.289062 0.501042 0.022971 0.028458
0 0.154688 0.505208 0.026281 0.032051
0 0.025 0.564583 0.020441 0.025129
0 0.6875 0.665625 0.023063 0.030344
0 0.367188 0.66875 0.02317 0.029214
0 0.510156 0.960417 0.026 0.035478