0 0.5375 0.070833 0.023055 0.028598
0 0.142187 0.070833 0.018773 0.023107
0 0.389844 0.082292 0.021161 0.025349
0 0.363281 0.094792 0.022047 0.026945
0 0.64375 0.094792 0.019909 0.025929
0 0.582812 0.163542 0.020529 0.025786
0 0.365625 0.169792 0.019792 0.025321
0 0.086719 0.230208 0.018827 0.023629
0 0.917969 0.238542 0.018939 0.024442
0 0.051562 0.254167 0.021978 0.027245
0 0.060937 0.263542 0.024794 0.030839
0 0.642969 0.321875 0.018939 0.024442
0 0.979688 0.364583 0.02674 0.030964
0 0.930469 0.4 0.020328 0.024087
0 0.151562 0.409375 0.02317 0.029214
0 0.48125 0.409375 0.019733 0.025046
0 0.338281 0.422917 0.021239 0.025868
0 0.324219 0.471875 0.019178 0.025168
0 0.774219 0.480208 0.023557 0.030821
0 0.586719 0.530208 0.018939 0.024442
0 0.503906 0.56875 0.020479 0.026286
0 0.394531 0.63125 0.020566 0.026042
0 0.249219 0.6375 0.021546 0.027548
0 0.776563 0.6375 0.018999 0.02628
0 0.064844 0.717708 0.019574 0.023676
0 0.516406 0.788542 0.021563 0.029929
0 0.755469 0.804167 0.022094 0.027539
0 0.065625 0.80625 0.025171 0.029147
0 0.292969 0.821875 0.021264 0.026134
0 0.217188 0.823958 0.020328 0.024087
0 0.705469 0.836458 0.019531 0.026042
0 0.025781 0.859375 0.021479 0.027243
0 0.439063 0.864583 0.02413 0.031832
0 0.30625 0.884375 0.019792 0.025321
0 0.465625 0.898958 0.021198 0.026257
0 0.54375 0.961025 0.05509 0.07795
0 0.253125 0.963542 0.019792 0.025321
0 0.751563 0.973958 0.019036 0.029228
0 0.510938 0.988738 0.017759 0.022524