0 0.171875 0.010356 0.023545 0.020711
0 0.59375 0.069792 0.021247 0.027272
0 0.702344 0.102083 0.02609 0.032963
0 0.903125 0.15 0.020811 0.029482
0 0.892188 0.154167 0.02369 0.029063
0 0.926562 0.376042 0.026 0.035478
0 0.483594 0.3875 0.021796 0.02989
0 0.627344 0.441667 0.023633 0.035781
0 0.013281 0.444792 0.021989 0.028877
0 0.354687 0.455208 0.02095 0.027383
0 0.746875 0.489583 0.023579 0.032165
0 0.246875 0.507292 0.021546 0.027548
0 0.491406 0.526042 0.018939 0.024442
0 0.554688 0.557292 0.022558 0.029051
0 0.545312 0.567708 0.018442 0.024589
0 0.753906 0.639583 0.02244 0.035598
0 0.897656 0.65 0.018442 0.024589
0 0.371094 0.672917 0.017759 0.024215
0 0.2375 0.782292 0.019925 0.025905
0 0.875 0.902083 0.020537 0.027934
0 0.427344 0.914583 0.020046 0.026244
0 0.314063 0.919792 0.018008 0.02309