0 0.125 0.061458 0.022669 0.026114
0 0.238281 0.080208 0.028004 0.036246
0 0.077344 0.163542 0.025932 0.036698
0 0.590625 0.24375 0.026048 0.031808
0 0.498437 0.353125 0.025881 0.033405
0 0.119531 0.496875 0.030497 0.038955
0 0.204687 0.526042 0.023758 0.031125
0 0.569531 0.529167 0.021259 0.029733
0 0.036719 0.691667 0.021546 0.027548
0 0.246875 0.692708 0.022945 0.029561
0 0.142187 0.7 0.022226 0.031538
0 0.257031 0.842708 0.027816 0.035248
0 0.027344 0.88125 0.024818 0.032596
0 0.275781 0.894792 0.025243 0.032454