0 0.405469 0.012904 0.023414 0.025807
0 0.641406 0.05 0.021202 0.026349
0 0.946094 0.05625 0.018939 0.024442
0 0.970313 0.145833 0.021408 0.02918
0 0.784375 0.147917 0.020566 0.026042
0 0.678906 0.152083 0.018939 0.024442
0 0.167969 0.165625 0.019574 0.023676
0 0.883594 0.221875 0.018827 0.023629
0 0.878125 0.245833 0.022876 0.031243
0 0.505469 0.252083 0.027648 0.034893
0 0.157031 0.260417 0.023654 0.029634
0 0.0625 0.269792 0.019558 0.02407
0 0.332813 0.284375 0.018442 0.024589
0 0.010937 0.292708 0.01902 0.024748
0 0.824219 0.308333 0.019992 0.026974
0 0.692187 0.380208 0.026281 0.032051
0 0.327344 0.40625 0.024483 0.035321
0 0.517188 0.401042 0.017759 0.024215
0 0.761719 0.422917 0.018846 0.02378
0 0.3375 0.447917 0.031221 0.043235
0 0.360938 0.461458 0.023645 0.033053
0 0.735156 0.463542 0.025938 0.031646
0 0.457813 0.514583 0.028535 0.038933
0 0.353125 0.545833 0.025942 0.035697
0 0.128906 0.555208 0.027663 0.031935
0 0.559375 0.557292 0.018561 0.025359
0 0.844531 0.629167 0.0197 0.025227
0 0.548438 0.658333 0.02431 0.030289
0 0.761719 0.667708 0.02101 0.028935
0 0.602344 0.683333 0.018331 0.025253
0 0.28125 0.69375 0.032401 0.042481
0 0.779687 0.692708 0.025808 0.037471
0 0.363281 0.719792 0.019627 0.024405
0 0.089063 0.733333 0.037058 0.045907
0 0.171875 0.741667 0.019543 0.023126
0 0.180469 0.786458 0.020231 0.026656
0 0.28125 0.8 0.028525 0.045447
0 0.397656 0.860417 0.01875 0.022917
0 0.214844 0.875 0.019792 0.025321
0 0.29375 0.878125 0.021689 0.030701
0 0.328906 0.983135 0.026843 0.033729
0 0.510156 0.982292 0.018773 0.023107
0 0.158594 0.988105 0.026 0.02379