0 0.326562 0.09375 0.023293 0.029834
0 0.552344 0.104167 0.020551 0.027917
0 0.015625 0.273958 0.022937 0.028155
0 0.307812 0.307292 0.02563 0.038294
0 0.522656 0.353125 0.019574 0.023676
0 0.546094 0.4 0.018939 0.024442
0 0.492969 0.416667 0.026 0.030914
0 0.26875 0.458333 0.026017 0.035456
0 0.141406 0.566667 0.027426 0.030596
0 0.678125 0.734375 0.029961 0.037346
0 0.902344 0.765625 0.021796 0.030069
0 0.630469 0.801042 0.021542 0.027554
0 0.298438 0.854167 0.023097 0.028871
0 0.65625 0.955208 0.022758 0.030751
0 0.896875 0.953125 0.019574 0.023676