0 0.467187 0.01875 0.026308 0.031809
0 0.023438 0.035417 0.023741 0.031149
0 0.486719 0.04375 0.018939 0.024442
0 0.48125 0.052083 0.022828 0.027821
0 0.052344 0.055208 0.021618 0.02791
0 0.413281 0.079167 0.025307 0.033133
0 0.164844 0.101042 0.018561 0.025359
0 0.828906 0.134375 0.018773 0.023107
0 0.482812 0.151042 0.020627 0.027503
0 0.192188 0.185417 0.023103 0.02886
0 0.667969 0.278125 0.025033 0.04004
0 0.788281 0.302083 0.020046 0.026244
0 0.266406 0.311458 0.026156 0.035428
0 0.220312 0.314583 0.027736 0.03412
0 0.630469 0.334375 0.020938 0.027401
0 0.816406 0.335417 0.02168 0.028193
0 0.574219 0.364583 0.021989 0.028877
0 0.99122 0.376042 0.01756 0.031242
0 0.39375 0.390625 0.019429 0.026567
0 0.700781 0.407292 0.025002 0.031555
0 0.46875 0.4125 0.019792 0.025321
0 0.825781 0.420833 0.021222 0.032511
0 0.474219 0.421875 0.024496 0.029918
0 0.33125 0.441667 0.02306 0.029195
0 0.435156 0.441667 0.019627 0.024405
0 0.228125 0.445833 0.022947 0.027986
0 0.852344 0.459375 0.022566 0.031762
0 0.804688 0.46875 0.022937 0.028155
0 0.947656 0.472917 0.020328 0.024087
0 0.747656 0.482292 0.021119 0.029767
0 0.484375 0.484375 0.02046 0.030306
0 0.607812 0.483333 0.019925 0.025905
0 0.316406 0.513542 0.018161 0.023679
0 0.6625 0.53125 0.026299 0.033348
0 0.251563 0.539583 0.02095 0.027383
0 0.875781 0.5625 0.021252 0.03442
0 0.80625 0.571875 0.018939 0.024442
0 0.5375 0.583333 0.028027 0.037662
0 0.483594 0.578125 0.021362 0.02664
0 0.271094 0.582292 0.021796 0.030069
0 0.473438 0.605208 0.019531 0.026042
0 0.7375 0.636458 0.023438 0.034009
0 0.914844 0.636458 0.019792 0.025321
0 0.096094 0.6375 0.021314 0.02663
0 0.157031 0.640625 0.024496 0.029918
0 0.092188 0.685417 0.023319 0.029672
0 0.350781 0.690625 0.024496 0.029918
0 0.395313 0.708333 0.019909 0.025929
0 0.721094 0.7375 0.029291 0.039055
0 0.063281 0.755208 0.022459 0.03193
0 0.919531 0.80625 0.022227 0.031837
0 0.704688 0.81875 0.023771 0.032677
0 0.641406 0.863542 0.024679 0.030191
0 0.739844 0.86875 0.019925 0.025905
0 0.567187 0.877083 0.025957 0.03004
0 0.532813 0.907292 0.022815 0.027608
0 0.117969 0.91875 0.0257 0.033535
0 0.953125 0.919792 0.017759 0.024215
0 0.567969 0.926042 0.024377 0.029518
0 0.721875 0.951042 0.017317 0.024011
0 0.947656 0.980683 0.024401 0.038634