0 0.283594 0.014137 0.030568 0.028275
0 0.199219 0.012249 0.023456 0.024498
0 0.1 0.05 0.023654 0.029634
0 0.388281 0.086458 0.027467 0.038364
0 0.823438 0.213542 0.030362 0.038669
0 0.708594 0.269792 0.021479 0.027243
0 0.457813 0.396875 0.018008 0.02309
0 0.672656 0.447917 0.029044 0.040293
0 0.646094 0.522917 0.021796 0.02989
0 0.517188 0.540625 0.031789 0.040263
0 0.885156 0.571875 0.024418 0.030455
0 0.660937 0.596875 0.020566 0.026042
0 0.954688 0.617708 0.027922 0.033643
0 0.484375 0.65 0.026251 0.035002
0 0.404687 0.660417 0.028188 0.036368
0 0.332813 0.721875 0.027054 0.032892
0 0.810156 0.771875 0.029516 0.0404
0 0.615625 0.788542 0.021894 0.026105
0 0.789062 0.802083 0.022729 0.02728
0 0.208594 0.821875 0.021542 0.027554
0 0.303906 0.865625 0.029836 0.038174
0 0.067187 0.875 0.023438 0.034009
0 0.201563 0.905208 0.019429 0.026567
0 0.444531 0.965625 0.02867 0.035498