0 0.15 0.014583 0.020509 0.025821
0 0.821875 0.01875 0.026275 0.032061
0 0.5 0.027083 0.022786 0.029231
0 0.935937 0.033333 0.020566 0.026042
0 0.200781 0.048958 0.025474 0.037404
0 0.971875 0.059375 0.022937 0.028155
0 0.678125 0.070833 0.029771 0.03094
0 0.717187 0.079167 0.022717 0.032414
0 0.907813 0.0875 0.019627 0.024405
0 0.492969 0.116667 0.017759 0.024215
0 0.938281 0.155208 0.02431 0.030289
0 0.054688 0.157292 0.026621 0.033198
0 0.070312 0.158333 0.027239 0.033549
0 0.669531 0.155208 0.021198 0.026257
0 0.986719 0.165625 0.021314 0.02663
0 0.59375 0.169792 0.026308 0.031809
0 0.905469 0.177083 0.0304 0.042914
0 0.376563 0.194792 0.03983 0.049665
0 0.711719 0.213542 0.026772 0.03459
0 0.53125 0.253125 0.027716 0.037838
0 0.420312 0.259375 0.019178 0.025168
0 0.065625 0.263542 0.022815 0.027608
0 0.929688 0.285417 0.030286 0.048252
0 0.414844 0.283333 0.029385 0.038626
0 0.396094 0.284375 0.022945 0.029561
0 0.513281 0.285417 0.021978 0.027245
0 0.634375 0.286458 0.020416 0.025301
0 0.365625 0.288542 0.021161 0.025349
0 0.577344 0.298958 0.025283 0.035826
0 0.159375 0.303125 0.020938 0.027401
0 0.604688 0.313542 0.04314 0.038559
0 0.910156 0.30625 0.018008 0.02309
0 0.441406 0.319792 0.022777 0.026557
0 0.692187 0.321875 0.022047 0.026945
0 0.103125 0.327083 0.022937 0.028155
0 0.888281 0.340625 0.027816 0.035248
0 0.185156 0.358333 0.027905 0.034571
0 0.809375 0.360417 0.022883 0.028677
0 0.76875 0.388542 0.041621 0.073029
0 0.225781 0.386458 0.029962 0.035201
0 0.502344 0.404167 0.060922 0.063621
0 0.628125 0.426042 0.033311 0.04674
0 0.903125 0.422917 0.02617 0.036863
0 0.963281 0.427083 0.019531 0.026042
0 0.135156 0.430208 0.018756 0.022285
0 0.746875 0.432292 0.018939 0.024442
0 0.175 0.444792 0.019638 0.024534
0 0.75 0.446875 0.02512 0.028147
0 0.45 0.448958 0.022756 0.02825
0 0.49375 0.476042 0.033146 0.042434
0 0.285938 0.475 0.028313 0.039934
0 0.039062 0.527083 0.029924 0.036937
0 0.288281 0.540625 0.02663 0.032366
0 0.557813 0.565625 0.022254 0.02805
0 0.338281 0.598958 0.029233 0.033659
0 0.734375 0.607292 0.019574 0.023676
0 0.882031 0.617708 0.021999 0.028864
0 0.296094 0.619792 0.021314 0.02663
0 0.669531 0.640625 0.021542 0.027554
0 0.578906 0.660417 0.032202 0.045235
0 0.421094 0.665625 0.018008 0.02309
0 0.011914 0.685417 0.023828 0.037105
0 0.854688 0.678125 0.01971 0.025332
0 0.60625 0.688542 0.024224 0.033196
0 0.594531 0.723958 0.025642 0.037938
0 0.613281 0.719792 0.020566 0.026042
0 0.079687 0.741667 0.021976 0.025927
0 0.115625 0.745833 0.02203 0.026707
0 0.229687 0.757292 0.019601 0.028352
0 0.752344 0.767708 0.02727 0.03899
0 0.732812 0.777083 0.033449 0.045736
0 0.801562 0.779167 0.026624 0.038226
0 0.178906 0.815625 0.021479 0.027243
0 0.158594 0.840625 0.03055 0.037138
0 0.7625 0.85625 0.018161 0.023679
0 0.246875 0.866667 0.03422 0.043667
0 0.839844 0.870833 0.032679 0.053401
0 0.035937 0.880208 0.02365 0.028234
0 0.361719 0.89375 0.025474 0.037404
0 0.494531 0.898958 0.02479 0.031527
0 0.328125 0.920833 0.02095 0.027383
0 0.161719 0.929167 0.02118 0.025185
0 0.136719 0.930208 0.021546 0.027548
0 0.554688 0.935417 0.019195 0.026357
0 0.166406 0.941667 0.025209 0.035656
0 0.874219 0.951042 0.020566 0.026042
0 0.350781 0.957292 0.027141 0.034876
0 0.41875 0.963542 0.029924 0.036937