0 0.771094 0.009235 0.018939 0.018471
0 0.771094 0.013542 0.018331 0.025253
0 0.924219 0.064583 0.019627 0.024405
0 0.164844 0.160417 0.023447 0.026119
0 0.230469 0.198958 0.031335 0.037682
0 0.770312 0.209375 0.019925 0.025905
0 0.032031 0.260417 0.017721 0.025103
0 0.060937 0.286458 0.019638 0.024534
0 0.232813 0.40625 0.0201 0.026364
0 0.927344 0.429167 0.021198 0.026257
0 0.348438 0.44375 0.020416 0.025301
0 0.117188 0.514583 0.021946 0.026299
0 0.191406 0.753125 0.019543 0.023126
0 0.450781 0.942708 0.020801 0.028133
0 0.10625 0.979167 0.026107 0.033377