0 0.13125 0.009443 0.022152 0.018886
0 0.517188 0.006613 0.018756 0.013226
0 0.227344 0.010711 0.020325 0.021422
0 0.745313 0.019792 0.019925 0.025905
0 0.173437 0.082292 0.022731 0.029504
0 0.4375 0.082292 0.022111 0.027748
0 0.688281 0.094792 0.020566 0.026042
0 0.452344 0.1125 0.027003 0.034726
0 0.488281 0.138542 0.018442 0.024589
0 0.649219 0.177083 0.021989 0.028877
0 0.472656 0.177083 0.017301 0.024027
0 0.096094 0.279167 0.021198 0.026257
0 0.935937 0.288542 0.029083 0.033854
0 0.626563 0.305208 0.018342 0.027161
0 0.850781 0.352083 0.025781 0.032981
0 0.303125 0.373958 0.026275 0.033933
0 0.667969 0.386458 0.019558 0.02407
0 0.479687 0.426042 0.026417 0.032442
0 0.8125 0.454167 0.039963 0.04606
0 0.5125 0.457292 0.021727 0.028969
0 0.572656 0.460417 0.019531 0.027421
0 0.521875 0.471875 0.030104 0.038186
0 0.632812 0.464583 0.019574 0.023676
0 0.753906 0.480208 0.031325 0.050409
0 0.794531 0.504167 0.021796 0.02989
0 0.276562 0.516667 0.026966 0.033171
0 0.215625 0.529167 0.019638 0.024534
0 0.851562 0.529167 0.018773 0.023107
0 0.771094 0.548958 0.018756 0.022285
0 0.513281 0.55625 0.017982 0.022269
0 0.848437 0.566667 0.032502 0.040331
0 0.246875 0.561458 0.019768 0.025593
0 0.804688 0.571875 0.022828 0.027821
0 0.735156 0.573958 0.021314 0.02663
0 0.279687 0.602083 0.023227 0.029506
0 0.328906 0.633333 0.029328 0.036983
0 0.848437 0.646875 0.01998 0.028483
0 0.676562 0.661458 0.022883 0.028677
0 0.460938 0.69375 0.020479 0.026286
0 0.194531 0.698958 0.018756 0.022285
0 0.770312 0.702083 0.022729 0.02728
0 0.539844 0.73125 0.020866 0.030437
0 0.408594 0.7375 0.018008 0.02309
0 0.539062 0.74375 0.019792 0.025321
0 0.189062 0.751042 0.022111 0.027748
0 0.722656 0.765625 0.021819 0.028356
0 0.548438 0.775 0.018773 0.023107
0 0.692187 0.79375 0.018773 0.023107
0 0.266406 0.816667 0.021479 0.027243
0 0.280469 0.832292 0.021479 0.027243
0 0.678125 0.852083 0.02306 0.029195
0 0.350781 0.854167 0.026862 0.034014
0 0.924219 0.892708 0.021339 0.026862
0 0.128125 0.901042 0.030047 0.037046
0 0.485938 0.908333 0.022849 0.032869
0 0.409375 0.920833 0.0201 0.026364
0 0.551562 0.927083 0.02163 0.033588
0 0.410938 0.940625 0.02292 0.033794
0 0.097656 0.942708 0.021701 0.028014
0 0.250781 0.978408 0.028815 0.043183
0 0.057031 0.977083 0.018561 0.025359
0 0.570312 0.979167 0.020697 0.026524