0 0.257812 0.014296 0.025151 0.028592
0 0.763281 0.018327 0.028809 0.036655
0 0.0875 0.021999 0.029598 0.043997
0 0.809375 0.015713 0.025197 0.031426
0 0.013219 0.032292 0.026438 0.042096
0 0.660937 0.032292 0.023293 0.029834
0 0.355469 0.046875 0.023758 0.031125
0 0.965625 0.047917 0.02317 0.029214
0 0.252344 0.05 0.022553 0.032021
0 0.378906 0.05 0.01813 0.025093
0 0.490625 0.051042 0.021247 0.027272
0 0.665625 0.060417 0.023476 0.030208
0 0.171094 0.061458 0.024496 0.029918
0 0.623437 0.067708 0.018976 0.027221
0 0.130469 0.076042 0.022731 0.029504
0 0.619531 0.082292 0.026033 0.036819
0 0.905469 0.080208 0.020058 0.027568
0 0.047656 0.088542 0.020566 0.026042
0 0.582031 0.097917 0.025002 0.031555
0 0.157031 0.101042 0.025129 0.029733
0 0.480469 0.113542 0.023899 0.035706
0 0.192188 0.121875 0.026308 0.031809
0 0.980469 0.122917 0.027563 0.031327
0 0.028906 0.125 0.022613 0.03015
0 0.639062 0.133333 0.022995 0.032052
0 0.944531 0.136458 0.018939 0.024442
0 0.584375 0.139583 0.024233 0.028169
0 0.342969 0.140625 0.022111 0.027748
0 0.4125 0.139583 0.018008 0.02309
0 0.508594 0.14375 0.025197 0.031603
0 0.123438 0.146875 0.026281 0.032051
0 0.4625 0.153125 0.022729 0.02728
0 0.022656 0.161458 0.029307 0.034742
0 0.8 0.159375 0.023493 0.032412
0 0.320312 0.1625 0.025348 0.03196
0 0.578125 0.1625 0.026 0.030914
0 0.834375 0.161458 0.018008 0.02309
0 0.985156 0.16875 0.02168 0.028193
0 0.032813 0.172917 0.023964 0.032621
0 0.553906 0.171875 0.017301 0.024027
0 0.790625 0.176042 0.021701 0.028014
0 0.439844 0.175 0.018304 0.026169
0 0.0172 0.183333 0.0344 0.037714
0 0.040625 0.185417 0.026188 0.034302
0 0.10625 0.185417 0.027753 0.034375
0 0.410156 0.183333 0.021542 0.027554
0 0.429688 0.188542 0.024837 0.032478
0 0.454688 0.19375 0.022799 0.043766
0 0.475 0.188542 0.017438 0.024063
0 0.819531 0.191667 0.023511 0.028281
0 0.645312 0.194792 0.020811 0.029482
0 0.967187 0.2 0.02934 0.037198
0 0.148438 0.205208 0.023538 0.032216
0 0.015625 0.208333 0.0184 0.026183
0 0.064062 0.209375 0.023521 0.026804
0 0.196875 0.209375 0.023293 0.029834
0 0.866406 0.210417 0.022186 0.028591
0 0.150781 0.219792 0.024492 0.034303
0 0.427344 0.216667 0.017835 0.025128
0 0.339844 0.21875 0.020328 0.024087
0 0.145313 0.23125 0.023293 0.029834
0 0.652344 0.240625 0.025084 0.031877
0 0.139844 0.242708 0.023734 0.034584
0 0.517188 0.244792 0.027142 0.034874
0 0.036719 0.247917 0.019638 0.024534
0 0.150781 0.263542 0.025837 0.030331
0 0.372656 0.265625 0.018756 0.022285
0 0.3875 0.26875 0.022566 0.031762
0 0.860938 0.275 0.022551 0.029062
0 0.821875 0.273958 0.017759 0.024215
0 0.685156 0.275 0.018939 0.024442
0 0.724219 0.283333 0.031775 0.039194
0 0.872656 0.284375 0.018773 0.023107
0 0.209375 0.290625 0.023026 0.028919
0 0.647656 0.297917 0.028263 0.04104
0 0.859375 0.294792 0.023461 0.030231
0 0.632031 0.294792 0.02143 0.027648
0 0.740625 0.321875 0.041467 0.046976
0 0.039844 0.3125 0.022254 0.02805
0 0.471875 0.313542 0.020339 0.023705
0 0.585156 0.317708 0.01875 0.023958
0 0.099219 0.321875 0.026624 0.028684
0 0.916406 0.353125 0.02203 0.026707
0 0.254688 0.35625 0.022729 0.02728
0 0.977344 0.358333 0.021339 0.026862
0 0.569531 0.365625 0.026124 0.031426
0 0.321875 0.366667 0.024436 0.029089
0 0.085156 0.373958 0.029747 0.041172
0 0.377344 0.375 0.020479 0.026286
0 0.921875 0.386458 0.026376 0.032785
0 0.641406 0.392708 0.021896 0.030747
0 0.759375 0.402083 0.027247 0.046257
0 0.628906 0.4 0.018052 0.026078
0 0.929688 0.408333 0.022047 0.026945
0 0.235156 0.411458 0.023778 0.030992
0 0.048438 0.4125 0.018756 0.022285
0 0.885156 0.436458 0.021902 0.027122
0 0.161719 0.440625 0.022128 0.030307
0 0.666406 0.445833 0.025541 0.033198
0 0.153125 0.442708 0.016702 0.023976
0 0.963281 0.458333 0.021542 0.027554
0 0.957812 0.472917 0.022729 0.02728
0 0.117969 0.477083 0.021887 0.025097
0 0.101562 0.482292 0.028246 0.03104
0 0.588281 0.48125 0.020231 0.026656
0 0.147656 0.4875 0.023597 0.02855
0 0.216406 0.4875 0.019543 0.023126
0 0.142969 0.498958 0.02365 0.028234
0 0.605469 0.507292 0.023103 0.02886
0 0.178906 0.534375 0.042857 0.046728
0 0.015625 0.542708 0.025796 0.030239
0 0.110156 0.542708 0.026477 0.032757
0 0.200781 0.563542 0.041508 0.036985
0 0.990053 0.565625 0.019895 0.034918
0 0.449219 0.56875 0.028409 0.036081
0 0.1 0.5875 0.025011 0.028174
0 0.298438 0.623958 0.023103 0.02886
0 0.935937 0.642708 0.036869 0.064665
0 0.485156 0.627083 0.022682 0.028155
0 0.961719 0.645833 0.018331 0.025253
0 0.391406 0.676042 0.01733 0.02503
0 0.814844 0.683333 0.021542 0.027554
0 0.3125 0.686458 0.023293 0.029834
0 0.752344 0.686458 0.024516 0.030178
0 0.203125 0.691667 0.026081 0.030374
0 0.221875 0.691667 0.026 0.030914
0 0.987652 0.704167 0.024695 0.032857
0 0.285938 0.702083 0.018048 0.02325
0 0.753125 0.710417 0.020537 0.027934
0 0.829688 0.71875 0.026388 0.035755
0 0.51875 0.71875 0.023103 0.02886
0 0.392969 0.725 0.020527 0.03648
0 0.01875 0.722917 0.022828 0.030437
0 0.411719 0.723958 0.025806 0.027353
0 0.103906 0.726042 0.021119 0.029767
0 0.692187 0.727083 0.023778 0.030992
0 0.789844 0.726042 0.021314 0.02663
0 0.4125 0.733333 0.018769 0.023116
0 0.828906 0.734375 0.01971 0.025332
0 0.788281 0.751042 0.037477 0.047829
0 0.171094 0.745833 0.023645 0.033053
0 0.932813 0.745833 0.02032 0.023137
0 0.314063 0.751042 0.02198 0.027324
0 0.480469 0.760417 0.024279 0.033476
0 0.332031 0.767708 0.022128 0.030307
0 0.467969 0.76875 0.017337 0.025026
0 0.740625 0.78125 0.024496 0.029918
0 0.583594 0.794792 0.031318 0.037965
0 0.977344 0.791667 0.017348 0.026056
0 0.107813 0.798958 0.022325 0.034512
0 0.516406 0.798958 0.026124 0.031426
0 0.850781 0.803125 0.017337 0.025026
0 0.617969 0.823958 0.026979 0.035446
0 0.849219 0.832292 0.031718 0.041892
0 0.3 0.826042 0.022758 0.030751
0 0.564063 0.823958 0.01971 0.025332
0 0.521094 0.825 0.020328 0.024087
0 0.638281 0.834375 0.030777 0.037099
0 0.510156 0.833333 0.018124 0.023544
0 0.889844 0.836458 0.019542 0.02313
0 0.149219 0.8625 0.065371 0.058398
0 0.075 0.852083 0.022756 0.02825
0 0.902344 0.851042 0.018331 0.025253
0 0.984375 0.882292 0.018442 0.024589
0 0.164844 0.89375 0.022418 0.029062
0 0.217969 0.895833 0.023654 0.029634
0 0.928125 0.896875 0.020866 0.030437
0 0.953906 0.9 0.019593 0.02836
0 0.921875 0.898958 0.020046 0.026244
0 0.46875 0.910417 0.023319 0.029672
0 0.153906 0.915625 0.02758 0.034919
0 0.473438 0.925 0.027672 0.036151
0 0.239063 0.930208 0.02606 0.030638
0 0.479687 0.941667 0.025088 0.031317
0 0.585156 0.952083 0.023654 0.029634
0 0.285156 0.9625 0.02505 0.02686
0 0.386719 0.975366 0.030634 0.049267
0 0.53125 0.96875 0.023476 0.030208
0 0.682813 0.96875 0.026828 0.03127
0 0.914844 0.971875 0.021618 0.02791
0 0.977344 0.970833 0.018773 0.023107
0 0.983594 0.972917 0.017438 0.024063
0 0.907813 0.98125 0.025957 0.03004