0 0.145313 0.011598 0.026048 0.023196
0 0.939063 0.015625 0.020676 0.026744
0 0.374219 0.025 0.028373 0.036894
0 0.938281 0.027083 0.023796 0.029832
0 0.00943 0.030208 0.018859 0.029986
0 0.180469 0.048958 0.029789 0.034704
0 0.235937 0.046875 0.023821 0.030088
0 0.275 0.052083 0.026966 0.033171
0 0.828906 0.053125 0.021618 0.02791
0 0.919531 0.052083 0.01882 0.024173
0 0.065625 0.079167 0.018773 0.023107
0 0.340625 0.089583 0.02786 0.042022
0 0.742969 0.084375 0.025002 0.031555
0 0.465625 0.0875 0.019627 0.024405
0 0.497656 0.090625 0.02292 0.033794
0 0.439844 0.1 0.022254 0.02805
0 0.385156 0.103125 0.021479 0.027243
0 0.116406 0.10625 0.022111 0.027748
0 0.790625 0.107292 0.019543 0.023126
0 0.403906 0.130208 0.040321 0.049527
0 0.098437 0.125 0.021887 0.025097
0 0.959375 0.125 0.020422 0.025409
0 0.260937 0.132292 0.028975 0.035857
0 0.378906 0.147917 0.030501 0.039855
0 0.705469 0.141667 0.022815 0.027608
0 0.40625 0.155208 0.022758 0.030751
0 0.95625 0.166667 0.026474 0.032764
0 0.432812 0.165625 0.020697 0.026524
0 0.670312 0.166667 0.019792 0.025321
0 0.346094 0.170833 0.01882 0.024173
0 0.59375 0.178125 0.020676 0.026744
0 0.430469 0.19375 0.043594 0.052776
0 0.914844 0.178125 0.019574 0.023676
0 0.342969 0.182292 0.018921 0.024472
0 0.367188 0.183333 0.020432 0.028638
0 0.874219 0.185417 0.019638 0.024534
0 0.242188 0.186458 0.019683 0.026728
0 0.258594 0.188542 0.019178 0.025168
0 0.510156 0.194792 0.02838 0.035433
0 0.057813 0.196875 0.020441 0.025129
0 0.585938 0.20625 0.022111 0.027748
0 0.75625 0.213542 0.022786 0.029231
0 0.474219 0.215625 0.019119 0.025492
0 0.973437 0.219792 0.024136 0.031823
0 0.124219 0.225 0.029355 0.03426
0 0.246875 0.235417 0.026268 0.03569
0 0.200781 0.23125 0.019638 0.024534
0 0.378906 0.235417 0.02287 0.028488
0 0.148438 0.242708 0.027638 0.03919
0 0.372656 0.269792 0.040005 0.059166
0 0.441406 0.257292 0.030859 0.036589
0 0.917969 0.252083 0.021999 0.028864
0 0.102344 0.255208 0.025957 0.03004
0 0.627344 0.25625 0.024584 0.031012
0 0.088281 0.259375 0.027558 0.032833
0 0.214844 0.263542 0.025197 0.031603
0 0.511719 0.266667 0.026665 0.036981
0 0.805469 0.261458 0.020566 0.026042
0 0.059375 0.273958 0.026105 0.0312
0 0.780469 0.285417 0.020328 0.024087
0 0.13125 0.290625 0.021198 0.026257
0 0.536719 0.296875 0.018442 0.024589
0 0.238281 0.325 0.02032 0.023137
0 0.70625 0.33125 0.022995 0.033548
0 0.117969 0.334375 0.019574 0.023676
0 0.697656 0.336458 0.019638 0.024534
0 0.676562 0.34375 0.023654 0.029634
0 0.770312 0.353125 0.022613 0.03015
0 0.880469 0.35625 0.01902 0.024748
0 0.820312 0.36875 0.023103 0.02886
0 0.847656 0.379167 0.022186 0.028591
0 0.972656 0.383333 0.025541 0.033198
0 0.617188 0.397917 0.028186 0.036371
0 0.991947 0.398958 0.016105 0.025332
0 0.674219 0.403125 0.022758 0.030751
0 0.965625 0.426042 0.021314 0.02663
0 0.1 0.43125 0.031453 0.035287
0 0.146094 0.429167 0.019893 0.027596
0 0.139844 0.430208 0.018773 0.023107
0 0.614062 0.432292 0.020537 0.027934
0 0.248438 0.434375 0.021239 0.025868
0 0.673438 0.436458 0.020566 0.026042
0 0.711719 0.435417 0.018939 0.024442
0 0.892969 0.440625 0.024584 0.031012
0 0.961719 0.442708 0.018827 0.023629
0 0.815625 0.452083 0.019574 0.023676
0 0.654687 0.463542 0.024782 0.034677
0 0.269531 0.463542 0.019909 0.025929
0 0.916406 0.501042 0.018756 0.022285
0 0.790625 0.515625 0.027149 0.037383
0 0.713281 0.517708 0.022758 0.030751
0 0.1625 0.523958 0.028453 0.034189
0 0.298438 0.523958 0.026308 0.031809
0 0.360156 0.519792 0.018773 0.023107
0 0.629687 0.533333 0.020479 0.026286
0 0.701562 0.554167 0.01971 0.025332
0 0.782031 0.561458 0.031516 0.037146
0 0.869531 0.572917 0.022995 0.032052
0 0.911719 0.573958 0.020938 0.027401
0 0.651563 0.582292 0.033981 0.038814
0 0.589844 0.583333 0.028038 0.036198
0 0.811719 0.580208 0.021819 0.028356
0 0.103906 0.585417 0.027729 0.032708
0 0.4375 0.585417 0.022111 0.027748
0 0.717969 0.589583 0.022995 0.032052
0 0.791406 0.598958 0.020566 0.026042
0 0.29375 0.607292 0.020566 0.026042
0 0.466406 0.611458 0.02168 0.028193
0 0.851562 0.619792 0.023161 0.029971
0 0.519531 0.632292 0.018442 0.024589
0 0.9 0.635417 0.018756 0.022285
0 0.623437 0.65625 0.018773 0.023107
0 0.600781 0.658333 0.021314 0.02663
0 0.80625 0.664583 0.024928 0.036255
0 0.982031 0.6625 0.021819 0.028356
0 0.907813 0.692708 0.03 0.037087
0 0.011215 0.696875 0.022429 0.037831
0 0.773438 0.697917 0.023476 0.030208
0 0.532031 0.703125 0.019574 0.023676
0 0.676562 0.716667 0.02306 0.029195
0 0.113281 0.71875 0.026642 0.029619
0 0.567187 0.73125 0.028906 0.042584
0 0.76875 0.721875 0.01902 0.024748
0 0.828125 0.725 0.019768 0.025593
0 0.807031 0.736458 0.036851 0.045851
0 0.745313 0.728125 0.01882 0.024173
0 0.696094 0.734375 0.021243 0.027194
0 0.885156 0.735417 0.018876 0.02557
0 0.682031 0.738542 0.021618 0.02791
0 0.700781 0.746875 0.018773 0.023107
0 0.730469 0.769792 0.031985 0.038092
0 0.899219 0.763542 0.018999 0.02628
0 0.823438 0.770833 0.021902 0.027122
0 0.748437 0.777083 0.0201 0.026364
0 0.663281 0.785417 0.027736 0.03412
0 0.882031 0.786458 0.02545 0.035034
0 0.734375 0.785417 0.020147 0.028452
0 0.404687 0.791667 0.029961 0.037346
0 0.338281 0.796875 0.029276 0.03606
0 0.098437 0.798958 0.018939 0.024442
0 0.315625 0.811458 0.019893 0.027596
0 0.826562 0.809375 0.019178 0.025168
0 0.917969 0.817708 0.021796 0.030069
0 0.644531 0.81875 0.020697 0.026524
0 0.545312 0.83125 0.027663 0.036163
0 0.346094 0.834375 0.022128 0.030307
0 0.527344 0.833333 0.020441 0.025129
0 0.645312 0.84375 0.02908 0.035906
0 0.495312 0.848958 0.03068 0.040144
0 0.555469 0.847917 0.022464 0.028723
0 0.757812 0.860417 0.027141 0.034876
0 0.439844 0.873958 0.022393 0.030491
0 0.73125 0.875 0.023385 0.032449
0 0.723437 0.897917 0.018773 0.023107
0 0.40625 0.903125 0.026705 0.033543
0 0.8125 0.904167 0.018161 0.023679
0 0.503125 0.925 0.021412 0.031463
0 0.954688 0.926042 0.02095 0.027383
0 0.677344 0.935417 0.021339 0.026862
0 0.497656 0.942708 0.021542 0.027554
0 0.5625 0.953125 0.019531 0.027421
0 0.313281 0.959375 0.028818 0.03484
0 0.900781 0.95625 0.019531 0.026042
0 0.620313 0.964583 0.030658 0.038625
0 0.747656 0.959375 0.020566 0.026042
0 0.767188 0.961458 0.018691 0.025445
0 0.267969 0.975 0.021819 0.028356
0 0.348438 0.982292 0.019792 0.025321
0 0.222656 0.989527 0.0197 0.020947