0 0.7875 0.026042 0.019733 0.025046
0 0.258594 0.030208 0.01875 0.022917
0 0.378906 0.076042 0.024496 0.029918
0 0.361719 0.152083 0.019627 0.024405
0 0.074219 0.209375 0.018756 0.022285
0 0.764062 0.257292 0.031892 0.041417
0 0.246094 0.272917 0.018939 0.024442
0 0.429688 0.285417 0.032944 0.046845
0 0.354687 0.289583 0.018442 0.024589
0 0.407813 0.3375 0.018939 0.024442
0 0.092188 0.34375 0.026479 0.036699
0 0.30625 0.34375 0.018008 0.02309
0 0.977344 0.352083 0.021479 0.027243
0 0.05 0.3625 0.025718 0.036075
0 0.504687 0.439583 0.020441 0.025129
0 0.141406 0.44375 0.020416 0.025301
0 0.197656 0.445833 0.018939 0.024442
0 0.4375 0.473958 0.019683 0.026728
0 0.371094 0.485417 0.027354 0.040642
0 0.3125 0.488542 0.025219 0.029986
0 0.017188 0.516667 0.024573 0.035298
0 0.635938 0.54375 0.019429 0.026567
0 0.639062 0.548958 0.019558 0.02407
0 0.008246 0.561458 0.016492 0.026945
0 0.55 0.569792 0.03655 0.046763
0 0.323437 0.577083 0.028918 0.045844
0 0.359375 0.582292 0.018846 0.02378
0 0.024219 0.63125 0.019429 0.026567
0 0.464844 0.6375 0.025907 0.03371
0 0.292969 0.684375 0.027678 0.033246
0 0.266406 0.715625 0.02976 0.040807
0 0.171094 0.714583 0.018827 0.023629
0 0.771875 0.725 0.025636 0.035222
0 0.517969 0.733333 0.018921 0.024472
0 0.560937 0.7375 0.01902 0.024748
0 0.489063 0.747917 0.019925 0.025905
0 0.563281 0.792708 0.017982 0.022269
0 0.309375 0.826042 0.032399 0.040154
0 0.239844 0.83125 0.032759 0.040843
0 0.748437 0.826042 0.019531 0.027421
0 0.878125 0.833333 0.020801 0.028133
0 0.298438 0.925 0.031756 0.037749
0 0.399219 0.952083 0.025907 0.037687
0 0.153906 0.983333 0.022143 0.027371