0 0.797656 0.019792 0.029956 0.037903
0 0.48125 0.036458 0.035474 0.04147
0 0.63125 0.044792 0.018827 0.023629
0 0.686719 0.05625 0.025343 0.032814
0 0.836719 0.064583 0.024496 0.029918
0 0.638281 0.092708 0.032907 0.038775
0 0.683594 0.0875 0.021198 0.026257
0 0.720313 0.088542 0.02306 0.029195
0 0.071094 0.1 0.0223 0.028345
0 0.603906 0.1125 0.017438 0.024063
0 0.540625 0.145833 0.019574 0.023676
0 0.68125 0.157292 0.019558 0.02407
0 0.648438 0.186458 0.023026 0.028919
0 0.104688 0.1875 0.022669 0.026114
0 0.311719 0.21875 0.039779 0.049966
0 0.075 0.227083 0.022226 0.031538
0 0.774219 0.2625 0.025343 0.032814
0 0.332813 0.277083 0.030605 0.03968
0 0.715625 0.284375 0.03022 0.037662
0 0.314063 0.290625 0.019574 0.023676
0 0.878906 0.301042 0.018773 0.023107
0 0.654687 0.3125 0.023183 0.031878
0 0.965625 0.347917 0.02838 0.035433
0 0.517188 0.40625 0.022758 0.030751
0 0.813281 0.43125 0.027444 0.031564
0 0.703125 0.43125 0.028208 0.031587
0 0.895312 0.44375 0.023055 0.030355
0 0.8875 0.484375 0.02203 0.026707
0 0.705469 0.554167 0.035373 0.051168
0 0.908594 0.551042 0.021819 0.028356
0 0.398438 0.5625 0.019792 0.025321
0 0.795312 0.575 0.033431 0.041654
0 0.814063 0.572917 0.018939 0.024442
0 0.776563 0.591667 0.019792 0.025321
0 0.884375 0.604167 0.019909 0.025929
0 0.452344 0.620833 0.022265 0.030253
0 0.482031 0.621875 0.021339 0.026862
0 0.832812 0.641667 0.023758 0.031125
0 0.615625 0.683333 0.033455 0.044175
0 0.592969 0.684375 0.022017 0.028277
0 0.499219 0.721875 0.033339 0.043462
0 0.653125 0.734375 0.020537 0.027934
0 0.5 0.740625 0.020529 0.025786
0 0.377344 0.751042 0.022418 0.029062
0 0.807813 0.772917 0.029044 0.035673
0 0.023437 0.784375 0.027842 0.038184
0 0.494531 0.78125 0.02203 0.026707
0 0.951562 0.78125 0.020566 0.026042
0 0.777344 0.790625 0.024384 0.02969
0 0.802344 0.803125 0.031444 0.037822
0 0.954688 0.8 0.022758 0.030751
0 0.529687 0.801042 0.019627 0.024405
0 0.4 0.814583 0.026048 0.031808
0 0.980469 0.860417 0.021542 0.027554
0 0.683594 0.880208 0.020441 0.025129
0 0.976562 0.91875 0.0201 0.026364
0 0.563281 0.93125 0.02867 0.035498
0 0.855469 0.929167 0.02537 0.032683
0 0.760938 0.933333 0.024679 0.030191
0 0.66875 0.95 0.032258 0.037028
0 0.767188 0.953125 0.022883 0.028677