0 0.725781 0.014887 0.023024 0.029773
0 0.121875 0.013542 0.018773 0.023107
0 0.026562 0.019792 0.021819 0.028356
0 0.663281 0.04375 0.02018 0.026907
0 0.992284 0.05 0.015431 0.025905
0 0.944531 0.064583 0.021339 0.026862
0 0.222656 0.076042 0.032454 0.039409
0 0.347656 0.071875 0.028303 0.032876
0 0.947656 0.077083 0.024425 0.030612
0 0.196875 0.078125 0.024425 0.030612
0 0.83125 0.091667 0.022027 0.030978
0 0.203125 0.116667 0.019178 0.025168
0 0.057813 0.116667 0.018756 0.022285
0 0.229687 0.160417 0.025837 0.030331
0 0.175 0.166667 0.021198 0.026257
0 0.500781 0.173958 0.01957 0.028162
0 0.89375 0.179167 0.022152 0.027355
0 0.314063 0.208333 0.024564 0.030774
0 0.459375 0.214583 0.023319 0.029672
0 0.204687 0.21875 0.027624 0.03239
0 0.840625 0.241667 0.020231 0.026656
0 0.5125 0.264583 0.018008 0.02309
0 0.74375 0.283333 0.020866 0.030437
0 0.714063 0.3 0.018939 0.024442
0 0.146094 0.320833 0.033252 0.046091
0 0.40625 0.317708 0.018939 0.024442
0 0.917969 0.334375 0.020935 0.028889
0 0.648438 0.342708 0.018442 0.024589
0 0.788281 0.351042 0.023511 0.028281
0 0.359375 0.355208 0.023456 0.028163
0 0.233594 0.35625 0.023741 0.031149
0 0.339844 0.35625 0.021875 0.026042
0 0.99121 0.3875 0.01758 0.022292
0 0.507812 0.404167 0.029736 0.038037
0 0.298438 0.404167 0.024584 0.031012
0 0.582812 0.403125 0.017759 0.024215
0 0.14375 0.416667 0.021198 0.026257
0 0.839063 0.426042 0.022017 0.028277
0 0.133594 0.43125 0.026352 0.035909
0 0.564844 0.429167 0.019429 0.026567
0 0.464062 0.435417 0.018331 0.025253
0 0.012349 0.466667 0.024697 0.030504
0 0.341406 0.465625 0.022937 0.028155
0 0.592969 0.46875 0.019992 0.026974
0 0.125781 0.496875 0.01875 0.023958
0 0.878906 0.497917 0.0197 0.025227
0 0.796875 0.505208 0.01902 0.024748
0 0.964844 0.523958 0.022111 0.027748
0 0.176563 0.530208 0.018827 0.023629
0 0.082031 0.539583 0.024533 0.03271
0 0.824219 0.548958 0.022996 0.028271
0 0.445312 0.561458 0.022717 0.033827
0 0.323437 0.573958 0.018773 0.023107
0 0.677344 0.579167 0.025086 0.031874
0 0.807813 0.580208 0.021915 0.02956
0 0.153906 0.580208 0.018048 0.02325
0 0.955469 0.596875 0.028734 0.037644
0 0.649219 0.602083 0.028115 0.03974
0 0.554688 0.609375 0.021915 0.04063
0 0.664844 0.605208 0.019627 0.024405
0 0.646094 0.622917 0.018331 0.025253
0 0.755469 0.630208 0.02563 0.038294
0 0.579688 0.623958 0.018331 0.025253
0 0.075781 0.628125 0.01902 0.024748
0 0.897656 0.66875 0.018939 0.024442
0 0.9 0.686458 0.017317 0.024011
0 0.803125 0.7 0.018029 0.025068
0 0.264062 0.728125 0.018124 0.023544
0 0.921094 0.732292 0.02111 0.023724
0 0.546094 0.752083 0.019119 0.025492
0 0.086719 0.75625 0.021508 0.03051
0 0.061719 0.79375 0.023654 0.029634
0 0.564844 0.807292 0.017301 0.024027
0 0.4625 0.811458 0.021339 0.026862
0 0.155469 0.819792 0.023259 0.032779
0 0.54375 0.844792 0.020932 0.028824
0 0.669531 0.865625 0.018442 0.024589
0 0.774219 0.869792 0.021542 0.027554
0 0.754687 0.871875 0.018442 0.024589
0 0.878906 0.883333 0.037584 0.044949
0 0.917188 0.90625 0.039774 0.05808
0 0.694531 0.896875 0.026286 0.037622
0 0.188281 0.933333 0.025838 0.032623
0 0.689063 0.989135 0.021989 0.02173