0 0.957812 0.051042 0.023654 0.029634
0 0.017188 0.092708 0.025273 0.030852
0 0.703906 0.1 0.021259 0.028345
0 0.990977 0.10625 0.018046 0.032608
0 0.3875 0.134375 0.020566 0.026042
0 0.053125 0.146875 0.026376 0.032785
0 0.9625 0.1875 0.023964 0.032621
0 0.929688 0.223958 0.020666 0.028723
0 0.285156 0.275 0.021978 0.027245
0 0.69375 0.352083 0.022828 0.027821
0 0.960938 0.377083 0.023232 0.0323
0 0.699219 0.388542 0.018939 0.024442
0 0.414062 0.402083 0.020046 0.026244
0 0.122656 0.408333 0.024496 0.029918
0 0.541406 0.45 0.020328 0.024087
0 0.666406 0.458333 0.021701 0.028014
0 0.75625 0.4875 0.023185 0.034666
0 0.335938 0.501042 0.021978 0.027245
0 0.007628 0.511458 0.015256 0.023676
0 0.878906 0.520833 0.019627 0.024405
0 0.127344 0.528125 0.020441 0.025129
0 0.850781 0.541667 0.018939 0.024442
0 0.551562 0.54375 0.018756 0.022285
0 0.213281 0.594792 0.023491 0.027306
0 0.651563 0.598958 0.020046 0.026244
0 0.139063 0.659375 0.02168 0.028193
0 0.488281 0.6625 0.020537 0.027934
0 0.697656 0.672917 0.026299 0.033348
0 0.750781 0.676042 0.018939 0.024442
0 0.538281 0.71875 0.021479 0.027243
0 0.383594 0.725 0.024847 0.031127
0 0.830469 0.728125 0.018773 0.023107
0 0.574219 0.732292 0.019531 0.026042
0 0.110156 0.740625 0.023922 0.031467
0 0.439844 0.74375 0.026719 0.029507
0 0.641406 0.74375 0.024736 0.030494
0 0.298438 0.745833 0.0197 0.025227
0 0.44375 0.761458 0.019543 0.023126
0 0.500781 0.784375 0.018876 0.02557
0 0.9625 0.819792 0.019574 0.023676
0 0.626563 0.841667 0.019792 0.025321
0 0.009081 0.877083 0.018161 0.026524
0 0.239063 0.886458 0.020566 0.026042
0 0.419531 0.895833 0.024533 0.03271
0 0.546875 0.898958 0.022937 0.028155
0 0.280469 0.963542 0.018827 0.023629
0 0.684375 0.978125 0.022766 0.03074
0 0.213281 0.988228 0.01882 0.023545
0 0.269531 0.990542 0.01971 0.018916