0 0.179688 0.023958 0.023319 0.029672
0 0.385937 0.045833 0.022729 0.02728
0 0.2 0.090625 0.021882 0.024105
0 0.585156 0.180208 0.021314 0.02663
0 0.140625 0.184375 0.022883 0.028677
0 0.396875 0.26875 0.026281 0.032051
0 0.469531 0.307292 0.020938 0.027401
0 0.9125 0.383333 0.028371 0.040511
0 0.51875 0.469792 0.022781 0.032106
0 0.557031 0.476042 0.021479 0.027243
0 0.911719 0.490625 0.025695 0.034958
0 0.680469 0.621875 0.022026 0.030025
0 0.352344 0.625 0.0211 0.027734
0 0.703125 0.660417 0.028167 0.04066
0 0.641406 0.779167 0.02479 0.031527
0 0.30625 0.827083 0.023493 0.032412
0 0.582031 0.830208 0.021479 0.027243
0 0.991168 0.838542 0.017663 0.026134
0 0.621875 0.863542 0.026593 0.033416
0 0.59375 0.878125 0.023026 0.028919