0 0.373437 0.007584 0.020328 0.015169
0 0.704688 0.01139 0.025935 0.022779
0 0.434375 0.01875 0.022756 0.02825
0 0.942187 0.026042 0.023476 0.030208
0 0.674219 0.028125 0.018161 0.023679
0 0.817969 0.048958 0.024516 0.030178
0 0.139844 0.048958 0.021161 0.025349
0 0.640625 0.054167 0.019792 0.025321
0 0.845313 0.057292 0.019638 0.024534
0 0.485938 0.061458 0.025938 0.031646
0 0.228906 0.0625 0.021339 0.026862
0 0.466406 0.067708 0.02168 0.028193
0 0.624219 0.114583 0.02466 0.031871
0 0.688281 0.114583 0.019627 0.024405
0 0.680469 0.134375 0.018331 0.025253
0 0.223438 0.153125 0.023127 0.02972
0 0.447656 0.166667 0.022995 0.03066
0 0.292187 0.191667 0.024083 0.030368
0 0.685937 0.230208 0.02727 0.03899
0 0.211719 0.235417 0.024467 0.034451
0 0.051562 0.238542 0.022766 0.03074
0 0.586719 0.2375 0.021161 0.025349
0 0.59375 0.244792 0.019925 0.025905
0 0.879687 0.261458 0.022945 0.029561
0 0.688281 0.2875 0.024733 0.030499
0 0.85 0.284375 0.019178 0.025168
0 0.266406 0.302083 0.031639 0.036065
0 0.353125 0.304167 0.023931 0.031351
0 0.317188 0.319792 0.025277 0.029817
0 0.585938 0.325 0.024242 0.035869
0 0.271875 0.323958 0.019574 0.023676
0 0.283594 0.325 0.0197 0.025227
0 0.325781 0.328125 0.024359 0.033115
0 0.247656 0.334375 0.028635 0.036202
0 0.667969 0.35 0.021648 0.029332
0 0.8 0.354167 0.025151 0.030678
0 0.103125 0.360417 0.024584 0.031012
0 0.739844 0.361458 0.024467 0.034451
0 0.141406 0.363542 0.025748 0.035457
0 0.0375 0.3625 0.023583 0.030562
0 0.008799 0.360417 0.017598 0.02309
0 0.296094 0.378125 0.024981 0.039073
0 0.153125 0.376042 0.024319 0.034057
0 0.052344 0.377083 0.023456 0.028163
0 0.578906 0.385417 0.026519 0.033867
0 0.210938 0.385417 0.024309 0.031325
0 0.289844 0.384375 0.020566 0.026042
0 0.026562 0.390625 0.023432 0.030501
0 0.578906 0.397917 0.018939 0.024442
0 0.590625 0.402083 0.018756 0.022285
0 0.172656 0.409375 0.025695 0.034958
0 0.774219 0.404167 0.018008 0.02309
0 0.817969 0.422917 0.024496 0.029918
0 0.860156 0.425 0.021796 0.030069
0 0.564844 0.428125 0.024847 0.031127
0 0.74375 0.432292 0.021894 0.026105
0 0.230469 0.433333 0.020697 0.026524
0 0.8625 0.433333 0.01971 0.025332
0 0.242188 0.4375 0.023771 0.032677
0 0.639062 0.4375 0.024359 0.033115
0 0.053125 0.466667 0.023476 0.030208
0 0.864844 0.478125 0.03016 0.048153
0 0.56875 0.479167 0.022883 0.028677
0 0.548438 0.486458 0.019543 0.023126
0 0.561719 0.494792 0.02168 0.028193
0 0.582031 0.501042 0.026 0.035478
0 0.126562 0.5 0.025456 0.031641
0 0.260156 0.501042 0.021701 0.028014
0 0.992547 0.50625 0.014907 0.02557
0 0.310937 0.508333 0.023515 0.026818
0 0.485156 0.523958 0.027891 0.033137
0 0.341406 0.521875 0.018939 0.024442
0 0.555469 0.528125 0.025639 0.031693
0 0.928906 0.528125 0.021999 0.028864
0 0.446875 0.532292 0.026715 0.032642
0 0.682031 0.539583 0.020422 0.025409
0 0.989502 0.545833 0.020996 0.028193
0 0.317969 0.547917 0.019638 0.024534
0 0.294531 0.555208 0.018773 0.023107
0 0.346875 0.558333 0.023227 0.029506
0 0.990181 0.557292 0.019638 0.028234
0 0.573438 0.56875 0.0201 0.026364
0 0.110156 0.572917 0.021362 0.02664
0 0.794531 0.584375 0.021618 0.02791
0 0.987642 0.598958 0.024716 0.032833
0 0.358594 0.6 0.021314 0.02663
0 0.525 0.605208 0.023964 0.032621
0 0.213281 0.633333 0.018331 0.025253
0 0.267969 0.651042 0.02479 0.031527
0 0.932031 0.648958 0.02306 0.029195
0 0.271875 0.670833 0.019792 0.025321
0 0.436719 0.684375 0.024291 0.029293
0 0.101562 0.692708 0.019543 0.023126
0 0.222656 0.694792 0.024274 0.028304
0 0.698438 0.69375 0.019543 0.023126
0 0.325781 0.702083 0.022393 0.030491
0 0.163281 0.702083 0.023234 0.02937
0 0.377344 0.734375 0.025002 0.031555
0 0.942187 0.739583 0.018773 0.023107
0 0.541406 0.771875 0.022254 0.031093
0 0.949219 0.784375 0.022356 0.031944
0 0.166406 0.794792 0.018756 0.022285
0 0.842187 0.821875 0.02393 0.031906
0 0.76875 0.827083 0.0201 0.026364
0 0.909375 0.835417 0.019574 0.023676
0 0.072656 0.838542 0.020566 0.026042
0 0.649219 0.840625 0.018561 0.025359
0 0.366406 0.878125 0.023607 0.028741
0 0.071094 0.892708 0.0257 0.033535
0 0.985938 0.894792 0.023778 0.030992
0 0.029687 0.895833 0.023758 0.031125
0 0.35625 0.898958 0.019627 0.024405
0 0.742188 0.903125 0.023026 0.028919
0 0.69375 0.926042 0.022945 0.029561
0 0.9 0.927083 0.023293 0.029834
0 0.96875 0.966667 0.023227 0.029506
0 0.642188 0.970833 0.023476 0.030208
0 0.539062 0.969792 0.01971 0.025332
0 0.317188 0.977083 0.022766 0.03074
0 0.600781 0.98125 0.024733 0.030499