0 0.842187 0.042708 0.02095 0.027383
0 0.835156 0.152083 0.021339 0.026862
0 0.692187 0.220833 0.022995 0.032052
0 0.938281 0.242708 0.018773 0.023107
0 0.222656 0.301042 0.020697 0.026524
0 0.88125 0.360417 0.022759 0.032415
0 0.86875 0.373958 0.019178 0.025168
0 0.214844 0.40625 0.027442 0.041145
0 0.274219 0.44375 0.022883 0.028677
0 0.758594 0.455208 0.02306 0.029195
0 0.26875 0.459375 0.019992 0.026974
0 0.246875 0.470833 0.019792 0.025321
0 0.236719 0.489583 0.025642 0.035177
0 0.455469 0.526042 0.024847 0.031127
0 0.184375 0.526042 0.021198 0.026257
0 0.242969 0.538542 0.018442 0.024589
0 0.975781 0.55 0.021239 0.025868
0 0.921875 0.583333 0.029496 0.034954
0 0.006847 0.585417 0.013693 0.023676
0 0.104688 0.620833 0.018008 0.02309
0 0.274219 0.644792 0.026 0.030914
0 0.775 0.7125 0.019733 0.025046
0 0.151562 0.820833 0.026048 0.031808
0 0.307812 0.852083 0.022995 0.032052
0 0.223438 0.975 0.023385 0.032449