0 0.657813 0.05625 0.020479 0.026286
0 0.071094 0.090625 0.01902 0.024748
0 0.421094 0.308333 0.021542 0.027554
0 0.48125 0.43125 0.018756 0.022285
0 0.273438 0.473958 0.022545 0.030524
0 0.732031 0.520833 0.017759 0.024215
0 0.007814 0.542708 0.015628 0.022285
0 0.464844 0.545833 0.021999 0.028864
0 0.963281 0.713542 0.018691 0.025445
0 0.752344 0.767708 0.025002 0.031555
0 0.680469 0.8 0.020328 0.024087
0 0.767969 0.925 0.021259 0.028345
0 0.360938 0.96875 0.019531 0.027421
0 0.489063 0.973958 0.026593 0.033416