0 0.158594 0.010642 0.021796 0.021284
0 0.663281 0.00855 0.021239 0.017101
0 0.146875 0.011551 0.020517 0.023101
0 0.589844 0.010259 0.018756 0.020517
0 0.424219 0.028125 0.020566 0.026042
0 0.942187 0.076042 0.01902 0.024748
0 0.828906 0.094792 0.018029 0.025068
0 0.726562 0.10625 0.02413 0.031832
0 0.146094 0.115625 0.021542 0.027554
0 0.384375 0.134375 0.019401 0.028319
0 0.8875 0.136458 0.020627 0.027503
0 0.235156 0.1375 0.018939 0.024442
0 0.172656 0.173958 0.028761 0.037014
0 0.829688 0.180208 0.021259 0.028345
0 0.954688 0.211458 0.022781 0.032106
0 0.495312 0.208333 0.018161 0.023679
0 0.890625 0.21875 0.020134 0.027719
0 0.507031 0.229167 0.025552 0.033182
0 0.13125 0.229167 0.020537 0.027934
0 0.286719 0.264583 0.018939 0.024442
0 0.423438 0.276042 0.024225 0.030977
0 0.404687 0.288542 0.019574 0.023676
0 0.388281 0.290625 0.021479 0.027243
0 0.74375 0.315625 0.019992 0.026974
0 0.507812 0.320833 0.020416 0.025301
0 0.120313 0.322917 0.020566 0.026042
0 0.454688 0.328125 0.025957 0.03004
0 0.513281 0.328125 0.023451 0.027139
0 0.017969 0.338542 0.026637 0.034626
0 0.613281 0.367708 0.021362 0.02664
0 0.883594 0.39375 0.018442 0.024589
0 0.389062 0.407292 0.02479 0.031527
0 0.607812 0.422917 0.0201 0.026364
0 0.542188 0.43125 0.019909 0.025929
0 0.039844 0.433333 0.02143 0.027648
0 0.536719 0.435417 0.019627 0.024405
0 0.238281 0.461458 0.021796 0.030069
0 0.766406 0.459375 0.018442 0.024589
0 0.771875 0.497917 0.019925 0.025905
0 0.245312 0.508333 0.019633 0.024542
0 0.76875 0.5125 0.018756 0.022285
0 0.242188 0.542708 0.025348 0.03196
0 0.225781 0.546875 0.018827 0.023629
0 0.660156 0.56875 0.019178 0.025168
0 0.879687 0.572917 0.019531 0.027421
0 0.055469 0.585417 0.021131 0.02449
0 0.385156 0.594792 0.018008 0.02309
0 0.584375 0.601042 0.022996 0.028271
0 0.971094 0.666667 0.018939 0.024442
0 0.2625 0.677083 0.019909 0.025929
0 0.896875 0.677083 0.020801 0.028133
0 0.477344 0.694792 0.021796 0.030069
0 0.821094 0.698958 0.023502 0.033261
0 0.535937 0.710417 0.019792 0.025321
0 0.948438 0.721875 0.027141 0.034876
0 0.182812 0.719792 0.022726 0.025872
0 0.866406 0.722917 0.021243 0.027194
0 0.071875 0.73125 0.020697 0.026524
0 0.944531 0.73125 0.018827 0.023629
0 0.080469 0.747917 0.024976 0.033622
0 0.613281 0.770833 0.029458 0.035323
0 0.540625 0.802083 0.020676 0.026744
0 0.375781 0.80625 0.018442 0.024589
0 0.554688 0.834375 0.026608 0.034667
0 0.128906 0.854167 0.02989 0.035805
0 0.309375 0.859375 0.030201 0.037399
0 0.817187 0.860417 0.02168 0.028193
0 0.791406 0.877083 0.021726 0.031709
0 0.201563 0.89375 0.018921 0.024472
0 0.591406 0.904167 0.028453 0.034189
0 0.517969 0.960417 0.02897 0.039181
0 0.536719 0.95625 0.022856 0.029993
0 0.364063 0.95625 0.021247 0.027272
0 0.809375 0.966667 0.026117 0.041183
0 0.228125 0.970833 0.020288 0.027694