0 0.98872 0.044792 0.022559 0.031704
0 0.611719 0.0625 0.021989 0.028877
0 0.278906 0.065625 0.019638 0.024534
0 0.694531 0.155208 0.018756 0.022285
0 0.111719 0.19375 0.025431 0.038215
0 0.549219 0.196875 0.018161 0.023679
0 0.832812 0.240625 0.019574 0.023676
0 0.776563 0.282292 0.02743 0.037292
0 0.25 0.297917 0.028441 0.036033
0 0.924219 0.323958 0.018304 0.026169
0 0.890625 0.363542 0.023438 0.03125
0 0.788281 0.402083 0.029572 0.039212
0 0.664844 0.4375 0.024492 0.034303
0 0.805469 0.44375 0.019792 0.025321
0 0.783594 0.490625 0.018008 0.02309
0 0.638281 0.571875 0.023227 0.029506
0 0.372656 0.583333 0.022495 0.030475
0 0.971094 0.604167 0.021243 0.027194
0 0.977344 0.615625 0.022684 0.036471
0 0.430469 0.613542 0.020566 0.026042
0 0.926562 0.621875 0.022828 0.027821
0 0.817187 0.690625 0.02867 0.035498
0 0.727344 0.847917 0.020566 0.026042
0 0.752344 0.969792 0.023298 0.038771
0 0.307812 0.969792 0.025 0.036354
0 0.510938 0.987674 0.018991 0.024653