0 0.730469 0.028125 0.021198 0.026257
0 0.34375 0.190625 0.019638 0.024534
0 0.450781 0.266667 0.021542 0.027554
0 0.519531 0.326042 0.018827 0.023629
0 0.213281 0.373958 0.02118 0.025185
0 0.497656 0.396875 0.019558 0.02407
0 0.892188 0.402083 0.02018 0.026907
0 0.839063 0.436458 0.019925 0.025905
0 0.632031 0.4375 0.017982 0.022269
0 0.29375 0.526042 0.019792 0.025321
0 0.166406 0.588542 0.024494 0.031715
0 0.3 0.641667 0.020046 0.026244
0 0.340625 0.719792 0.024136 0.031823
0 0.344531 0.738542 0.020566 0.026042
0 0.403125 0.776042 0.018773 0.023107
0 0.198437 0.83125 0.018048 0.02325
0 0.107813 0.8625 0.020046 0.026244
0 0.446875 0.903125 0.022858 0.027444