0 0.082812 0.061458 0.019733 0.025046
0 0.092969 0.08125 0.021796 0.030069
0 0.083594 0.0875 0.024847 0.031127
0 0.603906 0.089583 0.024332 0.031292
0 0.180469 0.089583 0.024307 0.027625
0 0.579688 0.219792 0.023741 0.031149
0 0.946094 0.296875 0.025086 0.031874
0 0.955469 0.4125 0.024564 0.030774
0 0.014844 0.415625 0.018827 0.023629
0 0.569531 0.440625 0.022883 0.028677
0 0.580469 0.485417 0.021314 0.02663
0 0.026562 0.5 0.019627 0.024405
0 0.89375 0.511458 0.019638 0.024534
0 0.925 0.540625 0.02365 0.028234
0 0.089063 0.557292 0.020147 0.028452
0 0.635938 0.577083 0.022216 0.029845
0 0.8125 0.698958 0.022729 0.02728
0 0.834375 0.75 0.022828 0.027821
0 0.70625 0.863542 0.019733 0.025046
0 0.219531 0.938542 0.02306 0.029195