0 0.248438 0.013849 0.024837 0.027698
0 0.080469 0.013542 0.019925 0.025905
0 0.446875 0.032292 0.018939 0.024442
0 0.195312 0.045833 0.024533 0.03271
0 0.413281 0.054167 0.024083 0.030368
0 0.670312 0.104167 0.021116 0.030583
0 0.497656 0.169792 0.023097 0.028871
0 0.885156 0.239583 0.02619 0.035643
0 0.783594 0.263542 0.022937 0.028155
0 0.782031 0.279167 0.019445 0.029302
0 0.552344 0.298958 0.024229 0.027144
0 0.889844 0.383333 0.023293 0.029834
0 0.408594 0.414583 0.024573 0.035298
0 0.834375 0.416667 0.02439 0.035121
0 0.292969 0.492708 0.019627 0.024405
0 0.324219 0.596875 0.019792 0.025321
0 0.503906 0.609375 0.025905 0.033963
0 0.085156 0.610417 0.022254 0.031093
0 0.582031 0.63125 0.026124 0.031426
0 0.508594 0.640625 0.018048 0.02325
0 0.069531 0.684375 0.025002 0.031555
0 0.085156 0.686458 0.028027 0.037662
0 0.555469 0.710417 0.02746 0.035766
0 0.046094 0.716667 0.019773 0.0268
0 0.0625 0.723958 0.01902 0.024748
0 0.113281 0.739583 0.026166 0.030931
0 0.435937 0.745833 0.021203 0.030662
0 0.13125 0.778125 0.02559 0.036981
0 0.889844 0.79375 0.022922 0.031445
0 0.139844 0.811458 0.029634 0.0388
0 0.474219 0.869792 0.019925 0.025905
0 0.441406 0.923958 0.018442 0.024589
0 0.273438 0.932292 0.022194 0.034506
0 0.104688 0.927083 0.018756 0.022285
0 0.673438 0.933333 0.021819 0.028356
0 0.041406 0.941667 0.023438 0.034009
0 0.704688 0.98401 0.024533 0.03198
0 0.589844 0.984375 0.019792 0.025321