0 0.198437 0.008941 0.021161 0.017883
0 0.117969 0.071875 0.019733 0.025046
0 0.357031 0.071875 0.019543 0.023126
0 0.597656 0.078125 0.019543 0.023126
0 0.948438 0.119792 0.032454 0.040488
0 0.517969 0.117708 0.01998 0.028483
0 0.496094 0.117708 0.019638 0.024534
0 0.478906 0.120833 0.020046 0.026244
0 0.698438 0.152083 0.018008 0.02309
0 0.8875 0.153125 0.018939 0.024442
0 0.453125 0.159375 0.01902 0.024748
0 0.365625 0.164583 0.025161 0.030661
0 0.353906 0.172917 0.024631 0.032058
0 0.895312 0.170833 0.0184 0.026183
0 0.807031 0.175 0.023192 0.02956
0 0.817969 0.172917 0.020058 0.027568
0 0.597656 0.182292 0.026608 0.034667
0 0.949219 0.18125 0.02046 0.030306
0 0.475781 0.191667 0.025793 0.029207
0 0.008373 0.19375 0.016746 0.026567
0 0.121094 0.197917 0.020147 0.028452
0 0.570312 0.198958 0.023248 0.030703
0 0.178906 0.211458 0.025859 0.043783
0 0.308594 0.211458 0.029168 0.032641
0 0.341406 0.214583 0.020328 0.024087
0 0.5625 0.215625 0.0223 0.028345
0 0.594531 0.213542 0.019534 0.022292
0 0.649219 0.226042 0.023645 0.033053
0 0.365625 0.228125 0.018048 0.02325
0 0.4375 0.235417 0.0211 0.027734
0 0.359375 0.238542 0.018846 0.02378
0 0.414062 0.2375 0.018008 0.02309
0 0.910937 0.240625 0.017759 0.024215
0 0.511719 0.252083 0.026608 0.030345
0 0.983594 0.25 0.019683 0.026728
0 0.714063 0.265625 0.018161 0.023679
0 0.445312 0.271875 0.022017 0.028277
0 0.982812 0.273958 0.02168 0.028193
0 0.230469 0.276042 0.019714 0.027305
0 0.275781 0.289583 0.019574 0.023676
0 0.622656 0.295833 0.023462 0.02919
0 0.520312 0.296875 0.018939 0.024442
0 0.125 0.317708 0.018827 0.023629
0 0.559375 0.327083 0.021198 0.026257
0 0.336719 0.335417 0.022548 0.034593
0 0.895312 0.339583 0.018876 0.02557
0 0.014063 0.35625 0.024384 0.02969
0 0.330469 0.376042 0.034285 0.050997
0 0.603906 0.36875 0.019445 0.029302
0 0.421875 0.370833 0.021094 0.026042
0 0.405469 0.376042 0.017317 0.024011
0 0.078906 0.411458 0.029747 0.036536
0 0.584375 0.40625 0.017721 0.025103
0 0.496094 0.408333 0.01875 0.022917
0 0.722656 0.416667 0.024898 0.035495
0 0.514844 0.416667 0.023908 0.03091
0 0.733594 0.416667 0.018921 0.024472
0 0.534375 0.420833 0.021978 0.027245
0 0.9375 0.43125 0.020479 0.026286
0 0.185938 0.436458 0.021816 0.032581
0 0.521875 0.436458 0.018939 0.024442
0 0.840625 0.459375 0.022138 0.032503
0 0.5 0.459375 0.024274 0.028304
0 0.642969 0.4625 0.02736 0.033349
0 0.014844 0.4625 0.01875 0.023958
0 0.592187 0.476042 0.024477 0.040914
0 0.557813 0.477083 0.019909 0.025929
0 0.152344 0.484375 0.023781 0.028969
0 0.373437 0.485417 0.018304 0.026169
0 0.415625 0.490625 0.025753 0.033716
0 0.392188 0.49375 0.018124 0.023544
0 0.266406 0.494792 0.017317 0.024011
0 0.705469 0.496875 0.017301 0.024027
0 0.782031 0.496875 0.018442 0.024589
0 0.450781 0.5125 0.019446 0.026546
0 0.733594 0.513542 0.020432 0.028638
0 0.983594 0.513542 0.021145 0.028907
0 0.519531 0.520833 0.024359 0.033115
0 0.803906 0.532292 0.01902 0.024748
0 0.921875 0.542708 0.02283 0.03469
0 0.553125 0.554167 0.018939 0.024442
0 0.259375 0.566667 0.020341 0.025073
0 0.746875 0.573958 0.0211 0.027734
0 0.759375 0.571875 0.018442 0.024589
0 0.70625 0.595833 0.024679 0.030191
0 0.928906 0.609375 0.019693 0.028264
0 0.910937 0.615625 0.018442 0.024589
0 0.821094 0.61875 0.020341 0.025073
0 0.364844 0.622917 0.019733 0.025046
0 0.717969 0.622917 0.018029 0.025068
0 0.571875 0.633333 0.029139 0.039865
0 0.73125 0.636458 0.018124 0.023544
0 0.332031 0.642708 0.026064 0.033611
0 0.127344 0.664583 0.025033 0.034809
0 0.65625 0.673958 0.023234 0.02937
0 0.764844 0.671875 0.019792 0.025321
0 0.128906 0.682292 0.01875 0.023958
0 0.125 0.711458 0.025905 0.030541
0 0.339062 0.710417 0.02217 0.030923
0 0.294531 0.7125 0.02393 0.031906
0 0.535156 0.716667 0.024404 0.037062
0 0.197656 0.717708 0.018921 0.024472
0 0.53125 0.736458 0.023511 0.028281
0 0.828125 0.735417 0.018008 0.02309
0 0.082031 0.739583 0.019558 0.02407
0 0.071875 0.753125 0.018939 0.024442
0 0.219531 0.765625 0.018773 0.023107
0 0.394531 0.776042 0.019558 0.02407
0 0.571875 0.776042 0.018939 0.024442
0 0.147656 0.785417 0.021459 0.027275
0 0.084375 0.792708 0.021658 0.029319
0 0.358594 0.802083 0.031348 0.036732
0 0.935937 0.80625 0.018008 0.02309
0 0.967187 0.807292 0.018939 0.024442
0 0.190625 0.813542 0.024496 0.029918
0 0.589844 0.838542 0.01882 0.024173
0 0.569531 0.845833 0.024481 0.03562
0 0.514844 0.84375 0.019683 0.026728
0 0.380469 0.854167 0.029308 0.040384
0 0.4375 0.851042 0.018442 0.024589
0 0.485938 0.853125 0.020666 0.028723
0 0.841406 0.871875 0.020432 0.028638
0 0.408594 0.884375 0.02217 0.030923
0 0.113281 0.890625 0.018442 0.024589
0 0.88125 0.894792 0.018331 0.025253
0 0.857812 0.909375 0.018442 0.024589
0 0.585156 0.917708 0.017438 0.024063
0 0.985938 0.928125 0.022883 0.028677
0 0.120313 0.928125 0.019084 0.024921
0 0.299219 0.936458 0.021978 0.027245
0 0.325 0.944792 0.018008 0.02309
0 0.140625 0.954167 0.020432 0.028638
0 0.292187 0.952083 0.018008 0.02309
0 0.960156 0.954167 0.02018 0.026907
0 0.508594 0.959375 0.024508 0.031695
0 0.290625 0.958333 0.018756 0.022285
0 0.483594 0.971875 0.020938 0.027401
0 0.264062 0.971875 0.01902 0.024748
0 0.215625 0.977083 0.024418 0.030455
0 0.336719 0.980574 0.039639 0.038852
0 0.740625 0.983333 0.021362 0.02664
0 0.864844 0.986345 0.023244 0.02731
0 0.282031 0.990167 0.01902 0.019665