0 0.313281 0.01875 0.018991 0.026389
0 0.703125 0.054167 0.022673 0.031282
0 0.167187 0.161458 0.024886 0.03407
0 0.367969 0.1625 0.023319 0.029672
0 0.052344 0.221875 0.023103 0.02886
0 0.538281 0.254167 0.019638 0.024534
0 0.664062 0.298958 0.025727 0.032655
0 0.116406 0.333333 0.021761 0.031624
0 0.308594 0.375 0.017982 0.022269
0 0.371094 0.390625 0.019925 0.025905
0 0.009347 0.408333 0.018693 0.03407
0 0.204687 0.436458 0.023908 0.033445
0 0.963281 0.610417 0.024095 0.033396
0 0.402344 0.632292 0.020432 0.028638
0 0.40625 0.691667 0.023894 0.035927
0 0.104688 0.790625 0.01902 0.024748
0 0.129688 0.841667 0.021978 0.027245
0 0.202344 0.95625 0.024237 0.029198
0 0.926562 0.985921 0.021924 0.028157