0 0.505469 0.009184 0.021105 0.018368
0 0.034375 0.013573 0.024291 0.027146
0 0.460938 0.044792 0.031385 0.039556
0 0.760156 0.040625 0.021727 0.028969
0 0.39375 0.047917 0.027513 0.035981
0 0.657031 0.063542 0.025415 0.033069
0 0.853125 0.06875 0.025938 0.031646
0 0.008205 0.105208 0.016409 0.022285
0 0.095312 0.115625 0.023744 0.029296
0 0.645312 0.115625 0.019071 0.027215
0 0.199219 0.134375 0.029142 0.042451
0 0.877344 0.128125 0.022111 0.027748
0 0.798438 0.155208 0.023476 0.030208
0 0.1125 0.155208 0.022883 0.028677
0 0.75625 0.1625 0.019574 0.023676
0 0.217969 0.169792 0.01875 0.022917
0 0.225781 0.173958 0.021999 0.028864
0 0.027344 0.18125 0.035335 0.039219
0 0.989623 0.185417 0.020753 0.034057
0 0.614844 0.195833 0.022766 0.03074
0 0.173437 0.196875 0.018939 0.024442
0 0.16875 0.197917 0.018939 0.024442
0 0.59375 0.198958 0.02168 0.028193
0 0.896094 0.208333 0.028145 0.036568
0 0.753125 0.21875 0.037984 0.04706
0 0.246875 0.223958 0.02545 0.035034
0 0.461719 0.266667 0.031502 0.045062
0 0.1375 0.2625 0.023778 0.030992
0 0.413281 0.265625 0.027491 0.033647
0 0.446094 0.265625 0.025639 0.031693
0 0.299219 0.279167 0.029653 0.046658
0 0.067187 0.295833 0.032408 0.042845
0 0.421875 0.298958 0.024383 0.028296
0 0.355469 0.323958 0.025162 0.036319
0 0.471094 0.344792 0.034091 0.043471
0 0.057031 0.338542 0.02077 0.027051
0 0.576562 0.336458 0.01902 0.024748
0 0.585156 0.338542 0.020627 0.027503
0 0.313281 0.346875 0.024374 0.033489
0 0.185156 0.351042 0.019035 0.026241
0 0.396094 0.351042 0.019633 0.024542
0 0.517188 0.359375 0.018442 0.024589
0 0.0625 0.367708 0.027331 0.039247
0 0.505469 0.369792 0.02934 0.037198
0 0.18125 0.372917 0.026688 0.039159
0 0.930469 0.389583 0.022128 0.030307
0 0.966406 0.392708 0.025208 0.034751
0 0.473438 0.403125 0.022707 0.026328
0 0.778125 0.404167 0.02356 0.030315
0 0.213281 0.41875 0.0197 0.025227
0 0.5625 0.419792 0.01902 0.024748
0 0.610156 0.434375 0.02434 0.033657
0 0.371094 0.438542 0.031251 0.037003
0 0.790625 0.4375 0.019638 0.024534
0 0.882031 0.458333 0.029093 0.037526
0 0.36875 0.458333 0.025 0.03125
0 0.583594 0.476042 0.027672 0.036151
0 0.108594 0.475 0.017982 0.022269
0 0.122656 0.480208 0.021171 0.025078
0 0.809375 0.485417 0.022937 0.028155
0 0.507812 0.507292 0.024043 0.032841
0 0.267969 0.511458 0.018331 0.025253
0 0.394531 0.514583 0.019693 0.028264
0 0.701562 0.513542 0.018846 0.025128
0 0.388281 0.53125 0.023607 0.028741
0 0.728125 0.542708 0.022995 0.032052
0 0.020313 0.547917 0.021658 0.029319
0 0.917969 0.552083 0.026901 0.03762
0 0.935156 0.565625 0.021239 0.025868
0 0.15 0.571875 0.03126 0.035436
0 0.644531 0.575 0.023856 0.034731
0 0.325 0.595833 0.022671 0.032323
0 0.086719 0.602083 0.027402 0.039663
0 0.139844 0.604167 0.027488 0.033524
0 0.216406 0.6125 0.02656 0.036426
0 0.696094 0.60625 0.018939 0.024442
0 0.282031 0.638542 0.017759 0.024215
0 0.14375 0.647917 0.025642 0.037938
0 0.660937 0.655208 0.019683 0.026728
0 0.603906 0.659375 0.022717 0.033827
0 0.652344 0.680208 0.02203 0.026707
0 0.634375 0.7125 0.018939 0.024442
0 0.270313 0.74375 0.039779 0.049966
0 0.503125 0.741667 0.027056 0.034291
0 0.239844 0.742708 0.023476 0.030208
0 0.636719 0.754167 0.026479 0.036699
0 0.579688 0.759375 0.018827 0.023629
0 0.310937 0.775 0.032161 0.035892
0 0.022656 0.801042 0.024508 0.031695
0 0.636719 0.797917 0.01902 0.024748
0 0.364063 0.826042 0.028748 0.036349
0 0.628125 0.819792 0.017317 0.024011
0 0.245312 0.85625 0.020046 0.026244
0 0.354687 0.871875 0.0299 0.037009
0 0.303125 0.870833 0.026273 0.033081
0 0.289844 0.8875 0.027753 0.034375
0 0.79375 0.891667 0.03074 0.039429
0 0.334375 0.897917 0.027328 0.035328
0 0.846875 0.904167 0.023778 0.030992
0 0.267188 0.915625 0.020341 0.025073
0 0.61875 0.93125 0.01882 0.024173
0 0.861719 0.954167 0.021999 0.028864
0 0.609375 0.964583 0.031559 0.041353
0 0.71875 0.963542 0.024161 0.03436
0 0.2 0.969792 0.031789 0.040263
0 0.220312 0.978125 0.018048 0.02325