0 0.53125 0.010702 0.022128 0.021404
0 0.176563 0.053125 0.022519 0.029368
0 0.876563 0.052083 0.0197 0.025227
0 0.31875 0.073958 0.026 0.030914
0 0.532031 0.094792 0.01875 0.023958
0 0.614844 0.097917 0.024237 0.025431
0 0.375 0.111458 0.019531 0.022917
0 0.826562 0.114583 0.020537 0.027934
0 0.615625 0.133333 0.019446 0.026546
0 0.032813 0.135417 0.019365 0.027345
0 0.4125 0.134375 0.019627 0.024405
0 0.530469 0.138542 0.018331 0.025253
0 0.307812 0.151042 0.020416 0.025301
0 0.614062 0.165625 0.017759 0.024215
0 0.300781 0.169792 0.022254 0.031093
0 0.185938 0.167708 0.020328 0.024087
0 0.7 0.177083 0.023232 0.0323
0 0.664062 0.178125 0.019429 0.026567
0 0.592187 0.191667 0.019534 0.022292
0 0.13125 0.198958 0.02127 0.026124
0 0.258594 0.214583 0.02507 0.027729
0 0.628125 0.221875 0.023026 0.028919
0 0.75 0.226042 0.020566 0.026042
0 0.233594 0.230208 0.022152 0.027355
0 0.066406 0.238542 0.019178 0.025168
0 0.499219 0.247917 0.02143 0.027648
0 0.173437 0.248958 0.020529 0.025786
0 0.297656 0.255208 0.022717 0.033827
0 0.478906 0.252083 0.019543 0.023126
0 0.819531 0.263542 0.027355 0.0264
0 0.653906 0.295833 0.020058 0.027568
0 0.8625 0.301042 0.021834 0.029844
0 0.583594 0.308333 0.018048 0.02325
0 0.908594 0.309375 0.018846 0.02378
0 0.671875 0.341667 0.019714 0.027305
0 0.525 0.358333 0.020528 0.029524
0 0.2125 0.371875 0.026041 0.030394
0 0.715625 0.388542 0.018756 0.022285
0 0.039844 0.395833 0.021989 0.028877
0 0.764844 0.398958 0.018756 0.022285
0 0.916406 0.427083 0.024679 0.030191
0 0.272656 0.433333 0.02688 0.041311
0 0.078125 0.426042 0.01882 0.024173
0 0.747656 0.458333 0.022383 0.029112
0 0.901563 0.460417 0.019893 0.027596
0 0.141406 0.470833 0.025003 0.032842
0 0.25625 0.480208 0.023028 0.030998
0 0.11875 0.494792 0.028158 0.034718
0 0.45625 0.494792 0.01971 0.025332
0 0.007263 0.497917 0.014526 0.025868
0 0.219531 0.5 0.022128 0.030307
0 0.417187 0.497917 0.019893 0.027596
0 0.529687 0.50625 0.023385 0.032449
0 0.057031 0.5375 0.02413 0.031832
0 0.1125 0.555208 0.025957 0.03004
0 0.460938 0.55625 0.020209 0.029396
0 0.586719 0.554167 0.018939 0.024442
0 0.140625 0.566667 0.022861 0.027439
0 0.675 0.567708 0.019429 0.026567
0 0.089063 0.579167 0.023503 0.033898
0 0.832812 0.583333 0.026229 0.032515
0 0.782031 0.582292 0.020328 0.024087
0 0.241406 0.591667 0.018048 0.02325
0 0.846094 0.604167 0.025905 0.033963
0 0.421875 0.609375 0.022768 0.026762
0 0.710938 0.615625 0.023476 0.030208
0 0.3375 0.648958 0.022254 0.031093
0 0.788281 0.652083 0.019574 0.023676
0 0.315625 0.673958 0.019531 0.027421
0 0.765625 0.688542 0.02537 0.032683
0 0.389844 0.688542 0.018331 0.025253
0 0.421094 0.698958 0.028474 0.035767
0 0.600781 0.741667 0.021161 0.025349
0 0.247656 0.75625 0.02537 0.032683
0 0.472656 0.786458 0.02537 0.032683
0 0.549219 0.791667 0.020341 0.025073
0 0.802344 0.827083 0.020328 0.024087
0 0.259375 0.83125 0.018773 0.023107
0 0.252344 0.851042 0.021362 0.02664
0 0.821875 0.866667 0.03041 0.038352
0 0.054688 0.886458 0.019773 0.0268
0 0.651563 0.895833 0.026275 0.033933
0 0.346094 0.928125 0.021701 0.028014
0 0.684375 0.934375 0.019558 0.02407
0 0.763281 0.938542 0.018773 0.023107
0 0.164844 0.946875 0.01882 0.024173
0 0.1625 0.952083 0.022689 0.025403
0 0.500781 0.957292 0.024476 0.034441
0 0.635156 0.977083 0.024899 0.034055