0 0.6125 0.0125 0.019558 0.02407
0 0.047656 0.019792 0.021894 0.026105
0 0.521094 0.028125 0.029967 0.033718
0 0.185938 0.057292 0.019925 0.025905
0 0.728906 0.076042 0.021128 0.024499
0 0.553906 0.088542 0.021479 0.027243
0 0.328906 0.103125 0.017337 0.025026
0 0.688281 0.114583 0.020328 0.024087
0 0.864844 0.123958 0.028472 0.03641
0 0.520312 0.130208 0.019638 0.024534
0 0.805469 0.158333 0.041648 0.047523
0 0.915625 0.145833 0.020416 0.025301
0 0.151562 0.16875 0.021978 0.027245
0 0.353125 0.16875 0.019574 0.023676
0 0.967969 0.177083 0.018827 0.023629
0 0.34375 0.18125 0.018827 0.023629
0 0.13125 0.1875 0.019574 0.023676
0 0.144531 0.192708 0.025343 0.032814
0 0.178906 0.202083 0.028387 0.035348
0 0.1625 0.209375 0.020046 0.026244
0 0.225 0.210417 0.019792 0.025321
0 0.921875 0.227083 0.019925 0.025905
0 0.86875 0.23125 0.022729 0.02728
0 0.332813 0.313542 0.027164 0.038103
0 0.865625 0.308333 0.020801 0.028133
0 0.185938 0.319792 0.026524 0.033859
0 0.557813 0.31875 0.021894 0.026105
0 0.430469 0.344792 0.024847 0.031127
0 0.646094 0.379167 0.027736 0.03412
0 0.450781 0.389583 0.029714 0.037719
0 0.754687 0.408333 0.019733 0.025046
0 0.735156 0.413542 0.025191 0.02884
0 0.850781 0.417708 0.019574 0.023676
0 0.972656 0.434375 0.031496 0.04713
0 0.610156 0.433333 0.030228 0.039888
0 0.00875 0.432292 0.0175 0.027401
0 0.221875 0.448958 0.032421 0.036964
0 0.492969 0.448958 0.018561 0.025359
0 0.408594 0.48125 0.02198 0.027324
0 0.527344 0.491667 0.020769 0.031387
0 0.2 0.5375 0.027003 0.034726
0 0.085156 0.538542 0.021362 0.02664
0 0.771094 0.541667 0.025278 0.035687
0 0.540625 0.538542 0.019627 0.024405
0 0.742188 0.538542 0.0201 0.026364
0 0.74375 0.546875 0.019683 0.026728
0 0.336719 0.554167 0.025243 0.032454
0 0.639062 0.560417 0.02838 0.035433
0 0.571094 0.561458 0.021239 0.025868
0 0.157812 0.588542 0.024847 0.031127
0 0.432031 0.6375 0.027968 0.038947
0 0.604688 0.632292 0.026105 0.0312
0 0.022656 0.639583 0.025002 0.031555
0 0.597656 0.651042 0.030156 0.037534
0 0.211719 0.66875 0.021542 0.027554
0 0.703906 0.672917 0.026082 0.034329
0 0.013281 0.6875 0.022152 0.027355
0 0.895312 0.70625 0.019925 0.025905
0 0.278125 0.717708 0.024728 0.034142
0 0.09375 0.726042 0.028058 0.036928
0 0.899219 0.734375 0.034307 0.042134
0 0.389844 0.732292 0.025982 0.033258
0 0.71875 0.739583 0.020676 0.026744
0 0.252344 0.748958 0.025942 0.035697
0 0.650781 0.763542 0.027678 0.033246
0 0.791406 0.7625 0.020341 0.025073
0 0.177344 0.783333 0.027467 0.038364
0 0.025 0.782292 0.020529 0.025786
0 0.796094 0.822917 0.023623 0.035791
0 0.347656 0.839583 0.027753 0.034375
0 0.617969 0.842708 0.018773 0.023107
0 0.382031 0.854167 0.033451 0.04196
0 0.542969 0.866667 0.031922 0.039753
0 0.04375 0.872917 0.019404 0.030301
0 0.682813 0.877083 0.019733 0.025046
0 0.269531 0.904167 0.024359 0.033115
0 0.973437 0.95 0.019925 0.025905
0 0.542969 0.966667 0.019558 0.02407
0 0.235937 0.972917 0.026195 0.032242
0 0.61875 0.970833 0.020676 0.026744