0 0.778906 0.016879 0.026416 0.033757
0 0.520312 0.020833 0.018999 0.02628
0 0.178906 0.039583 0.018876 0.02557
0 0.828906 0.060417 0.022828 0.030437
0 0.896875 0.075 0.018773 0.023107
0 0.321875 0.102083 0.027003 0.034726
0 0.399219 0.10625 0.022625 0.029341
0 0.984375 0.210417 0.027899 0.03912
0 0.285938 0.25 0.021146 0.027826
0 0.271875 0.271875 0.029064 0.036668
0 0.933594 0.272917 0.022254 0.02805
0 0.94375 0.292708 0.022111 0.027748
0 0.054688 0.325 0.03073 0.041436
0 0.857812 0.338542 0.030033 0.043147
0 0.725 0.409375 0.024292 0.029355
0 0.124219 0.447917 0.02434 0.033657
0 0.347656 0.538542 0.02434 0.033657
0 0.109375 0.567708 0.01902 0.024748
0 0.932813 0.59375 0.024693 0.032162
0 0.934375 0.61875 0.027003 0.034726
0 0.042188 0.635417 0.026376 0.032785
0 0.201563 0.721875 0.02883 0.041675
0 0.821875 0.73125 0.023293 0.029834
0 0.071094 0.73125 0.017759 0.024215
0 0.083594 0.788542 0.01902 0.024748
0 0.073438 0.832292 0.026041 0.030394
0 0.960938 0.871875 0.030047 0.037046
0 0.317188 0.908333 0.018331 0.025253
0 0.061719 0.922917 0.030568 0.035716
0 0.846875 0.952083 0.022128 0.030307
0 0.907031 0.965625 0.018756 0.022285