0 0.182812 0.01381 0.026901 0.02762
0 0.364844 0.014583 0.021105 0.028403
0 0.166406 0.017708 0.02168 0.028193
0 0.651563 0.027083 0.028748 0.036349
0 0.203125 0.029167 0.027003 0.034726
0 0.485156 0.036458 0.02867 0.035498
0 0.0125 0.0375 0.02317 0.029214
0 0.458594 0.0375 0.020328 0.024087
0 0.142969 0.04375 0.0197 0.025227
0 0.910937 0.04375 0.019909 0.025929
0 0.033594 0.057292 0.020566 0.026042
0 0.267969 0.064583 0.029385 0.03693
0 0.986719 0.066667 0.024496 0.029918
0 0.375781 0.078125 0.028371 0.034763
0 0.457031 0.077083 0.025343 0.032814
0 0.470313 0.079167 0.0197 0.025227
0 0.590625 0.0875 0.02743 0.037292
0 0.096094 0.090625 0.021999 0.028864
0 0.766406 0.091667 0.020441 0.025129
0 0.241406 0.104167 0.024447 0.033091
0 0.936719 0.114583 0.018939 0.024442
0 0.85 0.126042 0.023325 0.031295
0 0.309375 0.129167 0.019925 0.025905
0 0.114844 0.132292 0.019178 0.025168
0 0.428906 0.136458 0.018442 0.024589
0 0.277344 0.147917 0.028038 0.036198
0 0.419531 0.15 0.025887 0.034069
0 0.623437 0.151042 0.019543 0.023126
0 0.033594 0.171875 0.026823 0.032782
0 0.161719 0.171875 0.020328 0.024087
0 0.148438 0.177083 0.018921 0.024472
0 0.023438 0.18125 0.023026 0.028919
0 0.425 0.183333 0.019893 0.027596
0 0.130469 0.188542 0.028176 0.03453
0 0.728906 0.190625 0.024494 0.031715
0 0.082031 0.19375 0.017759 0.024215
0 0.230469 0.198958 0.026901 0.032323
0 0.357031 0.209375 0.025899 0.036038
0 0.557813 0.213542 0.023781 0.028969
0 0.232813 0.215625 0.019558 0.02407
0 0.211719 0.223958 0.019638 0.024534
0 0.419531 0.242708 0.018756 0.022285
0 0.967187 0.24375 0.020416 0.025301
0 0.977344 0.245833 0.018442 0.024589
0 0.682031 0.247917 0.018939 0.024442
0 0.207813 0.258333 0.027558 0.032833
0 0.451562 0.259375 0.017759 0.024215
0 0.191406 0.265625 0.018756 0.022285
0 0.9625 0.267708 0.023026 0.028919
0 0.075781 0.273958 0.024516 0.030178
0 0.221094 0.285417 0.021989 0.028877
0 0.169531 0.290625 0.024631 0.032058
0 0.711719 0.2875 0.021339 0.026862
0 0.5625 0.290625 0.019792 0.025321
0 0.799219 0.307292 0.024926 0.034184
0 0.653906 0.307292 0.022111 0.027748
0 0.344531 0.315625 0.021989 0.028877
0 0.314844 0.33125 0.021161 0.025349
0 0.957812 0.336458 0.023325 0.031295
0 0.872656 0.347917 0.021339 0.026862
0 0.339844 0.348958 0.019574 0.023676
0 0.496875 0.351042 0.019992 0.026974
0 0.732812 0.354167 0.021302 0.02814
0 0.647656 0.359375 0.021339 0.026862
0 0.660937 0.359375 0.01882 0.024173
0 0.677344 0.384375 0.024565 0.029737
0 0.870313 0.380208 0.019733 0.025046
0 0.201563 0.388542 0.026724 0.034099
0 0.014844 0.389583 0.024847 0.031127
0 0.364844 0.394792 0.021339 0.026862
0 0.948438 0.403125 0.020537 0.027934
0 0.7375 0.403125 0.020416 0.025301
0 0.898438 0.40625 0.024309 0.027699
0 0.958594 0.415625 0.024995 0.032943
0 0.752344 0.41875 0.029246 0.039439
0 0.58125 0.439583 0.019683 0.026728
0 0.68125 0.453125 0.032453 0.040488
0 0.46875 0.447917 0.020566 0.026042
0 0.825781 0.448958 0.019178 0.025168
0 0.942187 0.45625 0.020134 0.027719
0 0.602344 0.467708 0.033764 0.046832
0 0.007448 0.464583 0.014895 0.025301
0 0.886719 0.465625 0.018939 0.024442
0 0.371094 0.484375 0.027491 0.033647
0 0.61875 0.486458 0.02924 0.037864
0 0.253906 0.4875 0.03067 0.032942
0 0.987238 0.495833 0.025524 0.031808
0 0.509375 0.5 0.026663 0.030571
0 0.804688 0.5125 0.026765 0.033788
0 0.885938 0.514583 0.025695 0.034958
0 0.146094 0.5125 0.020551 0.027917
0 0.296094 0.521875 0.026607 0.040332
0 0.907031 0.515625 0.021314 0.02663
0 0.458594 0.515625 0.020566 0.026042
0 0.348438 0.530208 0.02864 0.040139
0 0.234375 0.523958 0.018008 0.02309
0 0.26875 0.540625 0.02591 0.030699
0 0.177344 0.54375 0.027624 0.03239
0 0.549219 0.545833 0.022464 0.028723
0 0.332813 0.545833 0.0197 0.025227
0 0.627344 0.563542 0.021479 0.027243
0 0.289062 0.56875 0.023127 0.02972
0 0.185938 0.571875 0.021198 0.026257
0 0.636719 0.577083 0.030777 0.037099
0 0.799219 0.5875 0.018846 0.027254
0 0.725781 0.589583 0.021239 0.025868
0 0.135937 0.591667 0.019792 0.025321
0 0.169531 0.604167 0.046453 0.04396
0 0.507031 0.596875 0.02143 0.027648
0 0.450781 0.601042 0.018442 0.024589
0 0.2125 0.60625 0.021788 0.030078
0 0.495312 0.610417 0.020537 0.027934
0 0.6125 0.6125 0.019733 0.025046
0 0.086719 0.61875 0.02658 0.03231
0 0.261719 0.619792 0.02377 0.034186
0 0.446094 0.619792 0.02143 0.027648
0 0.591406 0.627083 0.025322 0.03032
0 0.990372 0.63125 0.019256 0.028269
0 0.932813 0.6375 0.026637 0.034626
0 0.741406 0.642708 0.021314 0.02663
0 0.60625 0.65 0.023293 0.029834
0 0.467187 0.654167 0.023026 0.028919
0 0.300781 0.657292 0.02168 0.028193
0 0.222656 0.665625 0.018756 0.022285
0 0.927344 0.684375 0.021989 0.028877
0 0.583594 0.688542 0.025161 0.033548
0 0.111719 0.695833 0.025188 0.032253
0 0.879687 0.7 0.025162 0.036319
0 0.207813 0.708333 0.027172 0.035363
0 0.657813 0.714583 0.03031 0.038097
0 0.765625 0.726042 0.019909 0.025929
0 0.639062 0.730208 0.022883 0.028677
0 0.730469 0.7375 0.026357 0.035354
0 0.051562 0.735417 0.018756 0.022285
0 0.295312 0.744792 0.02393 0.031906
0 0.470313 0.769792 0.055803 0.057473
0 0.882812 0.765625 0.019531 0.027421
0 0.639062 0.773958 0.026608 0.034667
0 0.1375 0.772917 0.023556 0.02766
0 0.655469 0.773958 0.021264 0.026134
0 0.44375 0.783333 0.018773 0.023107
0 0.869531 0.79375 0.021542 0.029952
0 0.925781 0.8 0.025343 0.032814
0 0.828906 0.803125 0.019627 0.024405
0 0.597656 0.809375 0.027028 0.034532
0 0.764062 0.814583 0.027729 0.032708
0 0.854688 0.822917 0.026 0.030914
0 0.613281 0.822917 0.01902 0.024748
0 0.311719 0.867708 0.02154 0.031643
0 0.425781 0.879167 0.028106 0.035108
0 0.360156 0.878125 0.021479 0.027243
0 0.192188 0.886458 0.033968 0.040645
0 0.2875 0.880208 0.022815 0.027608
0 0.946875 0.878125 0.017759 0.024215
0 0.153125 0.891667 0.019683 0.026728
0 0.511719 0.9 0.026008 0.033043
0 0.675781 0.905208 0.018442 0.024589
0 0.9 0.919792 0.027262 0.03833
0 0.076563 0.917708 0.022947 0.027986
0 0.439844 0.921875 0.021819 0.028356
0 0.139844 0.93125 0.025124 0.02956
0 0.773438 0.946875 0.022883 0.028677
0 0.714063 0.95 0.019733 0.025046
0 0.032031 0.954167 0.023028 0.030998
0 0.68125 0.957292 0.023771 0.032677
0 0.747656 0.953125 0.018561 0.025359
0 0.444531 0.955208 0.020789 0.026845
0 0.8625 0.973958 0.019633 0.024542
0 0.835938 0.978125 0.019627 0.024405
0 0.257812 0.98125 0.019909 0.025929