0 0.530469 0.046875 0.02964 0.041436
0 0.007227 0.04375 0.014453 0.027421
0 0.33125 0.055208 0.022858 0.027444
0 0.727344 0.122917 0.119988 0.133474
0 0.332031 0.079167 0.028395 0.03899
0 0.685156 0.084375 0.020434 0.029303
0 0.640625 0.091667 0.018354 0.025228
0 0.664062 0.096875 0.023293 0.029834
0 0.655469 0.105208 0.023778 0.030992
0 0.792969 0.128125 0.02525 0.032349
0 0.639062 0.129167 0.021563 0.029929
0 0.594531 0.179167 0.0184 0.026183
0 0.2375 0.197917 0.024039 0.030661
0 0.29375 0.196875 0.020328 0.024087
0 0.921875 0.234375 0.027376 0.039663
0 0.311719 0.303125 0.027637 0.03634
0 0.032031 0.3125 0.022464 0.028723
0 0.222656 0.325 0.021645 0.030804
0 0.427344 0.340625 0.02591 0.030699
0 0.310937 0.3375 0.019574 0.023676
0 0.522656 0.341667 0.01998 0.028483
0 0.395313 0.342708 0.019592 0.025156
0 0.33125 0.35625 0.025348 0.03196
0 0.563281 0.36875 0.023902 0.03972
0 0.6625 0.3625 0.024326 0.027335
0 0.609375 0.366667 0.020091 0.02753
0 0.629687 0.384375 0.023103 0.02886
0 0.482031 0.390625 0.020517 0.029536
0 0.5375 0.397917 0.019012 0.028214
0 0.553125 0.40625 0.021895 0.034558
0 0.171875 0.429167 0.021161 0.025349
0 0.547656 0.444792 0.033749 0.049978
0 0.614844 0.440625 0.018773 0.023107
0 0.353125 0.446875 0.019401 0.028319
0 0.165625 0.45 0.02154 0.031643
0 0.045312 0.460417 0.020328 0.024087
0 0.167187 0.466667 0.022828 0.027821
0 0.990794 0.489583 0.018411 0.026257
0 0.455469 0.546875 0.023922 0.031467
0 0.445312 0.583333 0.026132 0.039817
0 0.485938 0.596875 0.024496 0.029918
0 0.451562 0.597917 0.021161 0.025349
0 0.520312 0.634375 0.029749 0.038018
0 0.496875 0.636458 0.018773 0.023107
0 0.967969 0.652083 0.026687 0.028936
0 0.725 0.7 0.018756 0.022285
0 0.409375 0.71875 0.021314 0.02663
0 0.692969 0.723958 0.020341 0.025073
0 0.684375 0.78125 0.020811 0.029482
0 0.672656 0.81875 0.02307 0.032944
0 0.713281 0.819792 0.019401 0.028319
0 0.692187 0.833333 0.022937 0.028155
0 0.505469 0.854167 0.021819 0.028356
0 0.879687 0.8625 0.021885 0.028544
0 0.303906 0.865625 0.023796 0.029832
0 0.85625 0.865625 0.022697 0.02635
0 0.319531 0.885417 0.023702 0.033596
0 0.549219 0.8875 0.028272 0.030546
0 0.991071 0.90625 0.017858 0.030795
0 0.145313 0.908333 0.020566 0.026042
0 0.007817 0.928125 0.015635 0.023116
0 0.6625 0.929167 0.020134 0.027719
0 0.655469 0.936458 0.028238 0.029754
0 0.185156 0.933333 0.020328 0.024087
0 0.011719 0.933333 0.017759 0.024215
0 0.741406 0.954167 0.02143 0.027648
0 0.692187 0.969792 0.023232 0.0323