0 0.94375 0.015424 0.02539 0.030847
0 0.813281 0.023958 0.021314 0.02663
0 0.967969 0.055208 0.02752 0.030504
0 0.450781 0.059375 0.024505 0.036624
0 0.507812 0.064583 0.029047 0.044583
0 0.635156 0.063542 0.026854 0.039854
0 0.8375 0.078125 0.035134 0.060285
0 0.133594 0.142708 0.029207 0.032422
0 0.092969 0.152083 0.030647 0.042666
0 0.0625 0.159375 0.029839 0.043891
0 0.607812 0.179167 0.024981 0.037873
0 0.16875 0.172917 0.018773 0.023107
0 0.175781 0.178125 0.020551 0.027917
0 0.729688 0.18125 0.02203 0.026707
0 0.073438 0.189583 0.022945 0.029561
0 0.439063 0.203125 0.024162 0.031385
0 0.146094 0.202083 0.0223 0.028345
0 0.310156 0.2125 0.031502 0.045062
0 0.890625 0.219792 0.022729 0.02728
0 0.125 0.24375 0.042373 0.045434
0 0.705469 0.248958 0.0357 0.050929
0 0.66875 0.254167 0.028793 0.040207
0 0.182812 0.254167 0.020416 0.025301
0 0.13125 0.263542 0.027672 0.036151
0 0.549219 0.277083 0.032291 0.047593
0 0.758594 0.30625 0.024188 0.03293
0 0.067187 0.314583 0.026779 0.031865
0 0.728125 0.311458 0.01902 0.024748
0 0.864062 0.321875 0.026657 0.03595
0 0.776563 0.345833 0.028246 0.034848
0 0.414844 0.347917 0.028128 0.02457
0 0.370312 0.372917 0.042973 0.032461
0 0.694531 0.382292 0.025581 0.039888
0 0.983594 0.383333 0.025926 0.038698
0 0.7375 0.383333 0.025249 0.036187
0 0.802344 0.386458 0.024107 0.034015
0 0.578906 0.394792 0.032073 0.045915
0 0.777344 0.392708 0.026082 0.034329
0 0.225 0.389583 0.019792 0.025321
0 0.278125 0.394792 0.024453 0.034626
0 0.521875 0.39375 0.020736 0.028573
0 0.492969 0.4 0.028572 0.033436
0 0.029687 0.398958 0.018773 0.023107
0 0.488281 0.44375 0.030477 0.046887
0 0.410938 0.44375 0.033266 0.040927
0 0.73125 0.447917 0.026791 0.034443
0 0.390625 0.447917 0.018991 0.026389
0 0.742188 0.45 0.01971 0.025332
0 0.892188 0.473958 0.029519 0.04089
0 0.915625 0.478125 0.026668 0.035936
0 0.905469 0.476042 0.017982 0.022269
0 0.249219 0.479167 0.021479 0.027243
0 0.114062 0.501042 0.028104 0.041215
0 0.171094 0.503125 0.028062 0.036021
0 0.098437 0.502083 0.028155 0.030367
0 0.139063 0.5125 0.017759 0.024215
0 0.665625 0.519792 0.026593 0.033416
0 0.470313 0.538542 0.018073 0.028138
0 0.725781 0.541667 0.028328 0.03102
0 0.121094 0.565625 0.029919 0.036775
0 0.733594 0.572917 0.028804 0.037772
0 0.290625 0.576042 0.020566 0.026042
0 0.144531 0.5875 0.027522 0.031911
0 0.742188 0.6 0.032329 0.051272
0 0.507031 0.588542 0.020801 0.028133
0 0.303906 0.6 0.024849 0.033743
0 0.852344 0.613542 0.025199 0.034763
0 0.515625 0.620833 0.029465 0.034659
0 0.325 0.630208 0.026524 0.033859
0 0.455469 0.630208 0.018827 0.023629
0 0.8625 0.641667 0.020231 0.026656
0 0.357031 0.653125 0.025343 0.032814
0 0.8625 0.655208 0.028906 0.037105
0 0.036719 0.652083 0.019768 0.025593
0 0.489844 0.658333 0.025217 0.033302
0 0.983594 0.661458 0.029626 0.040372
0 0.282813 0.663542 0.029956 0.037903
0 0.596875 0.677083 0.022729 0.02728
0 0.604688 0.683333 0.020566 0.026042
0 0.089063 0.692708 0.027054 0.032892
0 0.599219 0.691667 0.021542 0.027554
0 0.311719 0.709375 0.038834 0.049578
0 0.435937 0.782292 0.030361 0.04162
0 0.275781 0.803125 0.033789 0.047153
0 0.89375 0.80625 0.024084 0.035848
0 0.161719 0.810417 0.028449 0.032782
0 0.090625 0.815625 0.021161 0.025349
0 0.096875 0.828125 0.026417 0.032442
0 0.146875 0.85 0.048645 0.043977
0 0.633594 0.854167 0.029289 0.036288
0 0.530469 0.867708 0.033809 0.056361
0 0.641406 0.869792 0.027936 0.034874
0 0.801562 0.873958 0.024976 0.033622
0 0.742969 0.879167 0.026202 0.038317
0 0.372656 0.882292 0.024079 0.030374
0 0.68125 0.911458 0.029106 0.037508
0 0.369531 0.93125 0.025838 0.032623
0 0.932031 0.929167 0.018939 0.024442
0 0.121094 0.948958 0.033315 0.042086
0 0.085938 0.946875 0.026901 0.032323
0 0.988775 0.988083 0.022451 0.023835