0 0.271875 0.015447 0.025838 0.030895
0 0.853906 0.021875 0.023144 0.03231
0 0.777344 0.026042 0.024018 0.034278
0 0.585156 0.036458 0.018991 0.026389
0 0.429688 0.042708 0.022922 0.031445
0 0.701562 0.051042 0.023183 0.031878
0 0.828125 0.053125 0.019178 0.025168
0 0.647656 0.08125 0.021658 0.029319
0 0.542188 0.094792 0.018304 0.026169
0 0.792188 0.105208 0.028917 0.043857
0 0.878125 0.108333 0.018773 0.023107
0 0.657031 0.122917 0.022111 0.027748
0 0.560156 0.1375 0.021788 0.030078
0 0.736719 0.161458 0.029946 0.044125
0 0.9 0.161458 0.02095 0.027383
0 0.579688 0.166667 0.023227 0.029506
0 0.535156 0.170833 0.023345 0.03313
0 0.725 0.189583 0.022226 0.031538
0 0.90625 0.197917 0.021834 0.029844
0 0.403906 0.209375 0.023654 0.029634
0 0.975 0.222917 0.020416 0.025301
0 0.78125 0.228125 0.020537 0.027934
0 0.900781 0.238542 0.023452 0.03577
0 0.6875 0.247917 0.019724 0.029262
0 0.811719 0.263542 0.029789 0.034704
0 0.088281 0.297917 0.02077 0.027051
0 0.634375 0.321875 0.026048 0.031808
0 0.824219 0.336458 0.021896 0.030747
0 0.691406 0.342708 0.02222 0.039633
0 0.511719 0.3625 0.026642 0.029619
0 0.614844 0.364583 0.021211 0.031348
0 0.771875 0.377083 0.023718 0.029015
0 0.580469 0.4 0.021105 0.028403
0 0.64375 0.398958 0.018161 0.023679
0 0.780469 0.405208 0.024018 0.034278
0 0.6125 0.402083 0.02143 0.027648
0 0.686719 0.410417 0.025727 0.032655
0 0.902344 0.413542 0.024436 0.029089
0 0.008814 0.414583 0.017628 0.031312
0 0.728906 0.430208 0.020058 0.027568
0 0.353906 0.436458 0.02431 0.030289
0 0.638281 0.440625 0.025323 0.037101
0 0.575 0.448958 0.028161 0.040196
0 0.9875 0.45625 0.023771 0.032677
0 0.746094 0.461458 0.022874 0.032977
0 0.56875 0.4625 0.019195 0.026357
0 0.107813 0.467708 0.024384 0.02969
0 0.542969 0.470833 0.026105 0.0312
0 0.819531 0.477083 0.024274 0.028304
0 0.380469 0.476042 0.018124 0.023544
0 0.064844 0.480208 0.023026 0.028919
0 0.957812 0.4875 0.020537 0.027934
0 0.653906 0.520833 0.023878 0.029636
0 0.896875 0.522917 0.023786 0.032659
0 0.605469 0.529167 0.021145 0.028907
0 0.635938 0.534375 0.017835 0.025128
0 0.71875 0.539583 0.023026 0.028919
0 0.51875 0.548958 0.025838 0.032623
0 0.895312 0.544792 0.019178 0.025168
0 0.338281 0.551042 0.022828 0.027821
0 0.151562 0.554167 0.022768 0.026762
0 0.769531 0.558333 0.020341 0.025073
0 0.628906 0.5625 0.02475 0.031228
0 0.744531 0.569792 0.025282 0.034542
0 0.616406 0.570833 0.025982 0.033258
0 0.729688 0.571875 0.022776 0.032111
0 0.457031 0.580208 0.031576 0.039759
0 0.470313 0.576042 0.020395 0.028324
0 0.439063 0.580208 0.023476 0.030208
0 0.721875 0.6 0.020479 0.026286
0 0.078906 0.608333 0.024466 0.031952
0 0.725781 0.614583 0.021405 0.027443
0 0.435156 0.617708 0.021894 0.026105
0 0.752344 0.619792 0.021989 0.028877
0 0.058594 0.627083 0.024291 0.029293
0 0.673438 0.627083 0.019429 0.026567
0 0.127344 0.632292 0.024886 0.03407
0 0.8125 0.64375 0.028208 0.031587
0 0.785937 0.657292 0.025032 0.034809
0 0.679688 0.666667 0.023511 0.028281
0 0.796875 0.708333 0.020537 0.027934
0 0.914844 0.735417 0.019909 0.025929
0 0.516406 0.744792 0.031369 0.032381
0 0.8125 0.747917 0.029276 0.033056
0 0.523438 0.758333 0.0223 0.028345
0 0.882031 0.758333 0.02197 0.025832
0 0.703906 0.760417 0.018008 0.02309
0 0.360156 0.765625 0.022254 0.02805
0 0.017969 0.789583 0.021241 0.033391
0 0.782031 0.794792 0.022393 0.030491
0 0.290625 0.798958 0.025877 0.028184
0 0.825 0.801042 0.020566 0.026042
0 0.949219 0.822917 0.02143 0.027648
0 0.75625 0.827083 0.02306 0.029195
0 0.608594 0.832292 0.02431 0.030289
0 0.714063 0.846875 0.023461 0.030231
0 0.742188 0.848958 0.023438 0.03125
0 0.305469 0.85625 0.021475 0.03346
0 0.892188 0.85625 0.026765 0.033704
0 0.792969 0.858333 0.025819 0.034838
0 0.303125 0.867708 0.018769 0.023116
0 0.166406 0.877083 0.023597 0.02855
0 0.401562 0.883333 0.024631 0.032058
0 0.010252 0.886458 0.020505 0.026524
0 0.939844 0.8875 0.023447 0.026119
0 0.645312 0.894792 0.018876 0.02557
0 0.664062 0.913542 0.022759 0.035477
0 0.061719 0.913542 0.025002 0.031555
0 0.779687 0.923958 0.022169 0.033669
0 0.548438 0.940625 0.025957 0.03004
0 0.178125 0.940625 0.025885 0.028384
0 0.960156 0.94375 0.022566 0.031762
0 0.58125 0.95 0.023319 0.033718
0 0.2125 0.951042 0.023103 0.02886
0 0.049219 0.961458 0.020339 0.023705
0 0.023438 0.969792 0.02203 0.026707
0 0.657813 0.986908 0.021176 0.026183