0 0.925781 0.044792 0.021104 0.024098
0 0.15625 0.063542 0.020566 0.026042
0 0.692187 0.072917 0.019792 0.025321
0 0.803906 0.091667 0.020328 0.024087
0 0.203906 0.096875 0.021119 0.029767
0 0.394531 0.097917 0.02168 0.028193
0 0.453906 0.103125 0.026862 0.034014
0 0.071875 0.10625 0.018773 0.023107
0 0.261719 0.119792 0.025243 0.032454
0 0.344531 0.116667 0.018827 0.023629
0 0.039844 0.120833 0.018561 0.025359
0 0.635156 0.121875 0.019178 0.025168
0 0.033594 0.1375 0.018846 0.02378
0 0.700781 0.15 0.023456 0.028163
0 0.664844 0.15 0.018921 0.024472
0 0.297656 0.153125 0.020566 0.026042
0 0.714844 0.175 0.021618 0.02791
0 0.745313 0.18125 0.02168 0.028193
0 0.277344 0.191667 0.018939 0.024442
0 0.622656 0.20625 0.018939 0.024442
0 0.864062 0.222917 0.023503 0.033898
0 0.716406 0.225 0.020566 0.027421
0 0.141406 0.23125 0.025477 0.035
0 0.390625 0.232292 0.020676 0.026744
0 0.713281 0.233333 0.021727 0.028969
0 0.195312 0.238542 0.019543 0.023126
0 0.094531 0.25 0.021479 0.027243
0 0.39375 0.251042 0.019768 0.025593
0 0.750781 0.254167 0.021247 0.027272
0 0.66875 0.271875 0.018008 0.02309
0 0.269531 0.288542 0.020811 0.029482
0 0.639844 0.291667 0.018773 0.023107
0 0.758594 0.327083 0.019543 0.023126
0 0.167187 0.335417 0.019792 0.025321
0 0.260937 0.340625 0.019909 0.025929
0 0.208594 0.367708 0.018921 0.024472
0 0.855469 0.3875 0.019627 0.024405
0 0.8875 0.392708 0.019627 0.024405
0 0.132812 0.395833 0.019429 0.026567
0 0.141406 0.397917 0.021339 0.026862
0 0.31875 0.408333 0.0236 0.031896
0 0.217969 0.405208 0.018827 0.023629
0 0.542969 0.40625 0.021339 0.026862
0 0.083594 0.414583 0.021161 0.025349
0 0.678125 0.428125 0.019574 0.023676
0 0.098437 0.429167 0.019733 0.025046
0 0.808594 0.429167 0.017759 0.024215
0 0.035156 0.455208 0.018442 0.024589
0 0.316406 0.4625 0.024975 0.031796
0 0.75625 0.471875 0.022995 0.03066
0 0.770312 0.470833 0.020046 0.026244
0 0.715625 0.471875 0.019792 0.025321
0 0.697656 0.473958 0.018124 0.023544
0 0.449219 0.480208 0.019768 0.025593
0 0.988823 0.485417 0.022353 0.03004
0 0.1125 0.489583 0.020058 0.027568
0 0.976562 0.490625 0.019768 0.025593
0 0.458594 0.504167 0.021119 0.029767
0 0.257031 0.507292 0.019909 0.025929
0 0.3875 0.534375 0.020801 0.028133
0 0.171875 0.535417 0.018756 0.022285
0 0.690625 0.552083 0.019792 0.025321
0 0.434375 0.577083 0.020537 0.027934
0 0.666406 0.584375 0.021819 0.028356
0 0.621094 0.589583 0.021314 0.02663
0 0.783594 0.6 0.018939 0.024442
0 0.448437 0.622917 0.019909 0.025929
0 0.678125 0.63125 0.018756 0.022285
0 0.514844 0.635417 0.02168 0.028193
0 0.586719 0.645833 0.018442 0.024589
0 0.397656 0.670833 0.022209 0.029294
0 0.758594 0.6875 0.018939 0.024442
0 0.744531 0.720833 0.021239 0.025868
0 0.444531 0.745833 0.017759 0.024215
0 0.391406 0.7625 0.021198 0.026257
0 0.880469 0.817708 0.02118 0.025185
0 0.871094 0.836458 0.018442 0.024589
0 0.673438 0.84375 0.019627 0.024405
0 0.686719 0.844792 0.01882 0.024173
0 0.836719 0.851042 0.01882 0.024173
0 0.392188 0.855208 0.019733 0.025046
0 0.244531 0.85625 0.018008 0.02309
0 0.495312 0.901042 0.019925 0.025905
0 0.711719 0.915625 0.018773 0.023107
0 0.872656 0.916667 0.018442 0.024589
0 0.070312 0.927083 0.019633 0.024542
0 0.507031 0.9625 0.021264 0.026134
0 0.272656 0.967708 0.021479 0.027243