0 0.839063 0.017708 0.027621 0.034701
0 0.385156 0.058333 0.034388 0.041489
0 0.878906 0.057292 0.028144 0.039386
0 0.901563 0.05625 0.026221 0.032529
0 0.513281 0.063542 0.022393 0.030491
0 0.674219 0.098958 0.021198 0.026257
0 0.15 0.10625 0.029839 0.037693
0 0.086719 0.116667 0.023597 0.02855
0 0.025 0.165625 0.023103 0.02886
0 0.973437 0.166667 0.020058 0.027568
0 0.204687 0.182292 0.024496 0.029918
0 0.703125 0.205208 0.02434 0.033657
0 0.489063 0.211458 0.027298 0.035445
0 0.036719 0.230208 0.018773 0.023107
0 0.174219 0.245833 0.034371 0.047498
0 0.536719 0.239583 0.021999 0.028864
0 0.044531 0.246875 0.025219 0.029986
0 0.225 0.251042 0.022047 0.026945
0 0.334375 0.2625 0.024083 0.030368
0 0.204687 0.282292 0.028764 0.040547
0 0.985156 0.291667 0.026073 0.037505
0 0.320312 0.298958 0.020441 0.025129
0 0.284375 0.370833 0.032691 0.049508
0 0.019531 0.366667 0.021131 0.02449
0 0.405469 0.384375 0.030497 0.038955
0 0.185938 0.395833 0.026401 0.039949
0 0.784375 0.397917 0.020537 0.027934
0 0.35 0.413542 0.031421 0.036842
0 0.059375 0.417708 0.02739 0.033936
0 0.301563 0.561458 0.026336 0.040182
0 0.503906 0.61875 0.024632 0.029919
0 0.216406 0.64375 0.030892 0.043918
0 0.471094 0.641667 0.026071 0.036362
0 0.926562 0.657292 0.026277 0.040268
0 0.741406 0.672917 0.025143 0.036651
0 0.085938 0.688542 0.027003 0.034726
0 0.676562 0.809375 0.019574 0.023676
0 0.2 0.864583 0.028049 0.040268
0 0.221094 0.861458 0.022152 0.027355
0 0.210938 0.922917 0.02018 0.026907
0 0.56875 0.966667 0.029435 0.036442