0 0.991163 0.007482 0.017674 0.014964
0 0.227344 0.023958 0.018773 0.023107
0 0.239063 0.03125 0.019792 0.025321
0 0.88125 0.041667 0.020479 0.026286
0 0.203906 0.061458 0.025243 0.032454
0 0.726562 0.1 0.023583 0.030562
0 0.432812 0.140625 0.023484 0.032424
0 0.455469 0.144792 0.021658 0.029319
0 0.585156 0.157292 0.027266 0.035711
0 0.350781 0.161458 0.024496 0.029918
0 0.174219 0.167708 0.024494 0.031715
0 0.969531 0.177083 0.028536 0.037168
0 0.222656 0.238542 0.021479 0.027243
0 0.538281 0.288542 0.024463 0.033072
0 0.220312 0.34375 0.019627 0.024405
0 0.284375 0.434375 0.026101 0.032719
0 0.746094 0.446875 0.023781 0.034173
0 0.188281 0.544792 0.025846 0.036313
0 0.397656 0.551042 0.02431 0.030289
0 0.728906 0.6125 0.021479 0.027243
0 0.114062 0.63125 0.026765 0.033788
0 0.279687 0.691667 0.030577 0.032968
0 0.032031 0.695833 0.021946 0.026299
0 0.45625 0.714583 0.024359 0.033115
0 0.124219 0.71875 0.020422 0.025409
0 0.814844 0.725 0.021648 0.029332
0 0.31875 0.736458 0.019543 0.023126
0 0.686719 0.801042 0.022776 0.032111
0 0.129688 0.803125 0.023319 0.029672
0 0.578906 0.81875 0.022495 0.030475
0 0.596875 0.989878 0.019925 0.020244