0 0.839844 0.021875 0.021198 0.026257
0 0.419531 0.086458 0.021339 0.026862
0 0.607812 0.097917 0.026299 0.033348
0 0.264062 0.11875 0.019792 0.025321
0 0.675 0.119792 0.020676 0.026744
0 0.727344 0.129167 0.018008 0.02309
0 0.855469 0.153125 0.018331 0.025253
0 0.621875 0.176042 0.022758 0.030751
0 0.078906 0.226042 0.022758 0.030751
0 0.469531 0.266667 0.025857 0.028661
0 0.814063 0.304167 0.0197 0.025227
0 0.803906 0.310417 0.021618 0.02791
0 0.484375 0.323958 0.023293 0.029834
0 0.714063 0.325 0.026105 0.0312
0 0.01875 0.344792 0.020566 0.026042
0 0.946875 0.4125 0.020454 0.02833
0 0.991964 0.454167 0.016072 0.029356
0 0.528125 0.473958 0.022788 0.029292
0 0.477344 0.492708 0.018442 0.024589
0 0.802344 0.494792 0.024652 0.030465
0 0.242188 0.505208 0.023026 0.028919
0 0.713281 0.5375 0.021542 0.027554
0 0.485938 0.547917 0.026924 0.036277
0 0.135937 0.596875 0.022756 0.02825
0 0.392969 0.611458 0.018161 0.023679
0 0.735156 0.617708 0.022128 0.030307
0 0.941406 0.627083 0.024289 0.026634
0 0.782813 0.647917 0.022883 0.028677
0 0.175 0.663542 0.019909 0.025929
0 0.829688 0.726042 0.01971 0.025332
0 0.089063 0.758333 0.021902 0.027122
0 0.628906 0.796875 0.028761 0.037014
0 0.473438 0.871875 0.022768 0.026762
0 0.599219 0.895833 0.018008 0.02309
0 0.591406 0.93125 0.021479 0.027243
0 0.042188 0.951042 0.019925 0.025905
0 0.814063 0.964583 0.026124 0.031426
0 0.823438 0.969792 0.020676 0.026744