0 0.434375 0.072917 0.019543 0.023126
0 0.70625 0.109375 0.019531 0.027421
0 0.719531 0.128125 0.021198 0.026257
0 0.653125 0.132292 0.023293 0.029834
0 0.9 0.1375 0.023778 0.030992
0 0.876563 0.142708 0.025507 0.03125
0 0.050781 0.15 0.021999 0.028864
0 0.592187 0.154167 0.020537 0.027934
0 0.134375 0.165625 0.023654 0.029634
0 0.809375 0.178125 0.023654 0.029634
0 0.975 0.19375 0.022945 0.029561
0 0.632031 0.196875 0.024897 0.032298
0 0.607812 0.211458 0.020328 0.024087
0 0.613281 0.244792 0.022418 0.029062
0 0.061719 0.310417 0.01882 0.024173
0 0.0625 0.316667 0.018756 0.022285
0 0.704688 0.342708 0.022729 0.02728
0 0.977344 0.365625 0.018161 0.023679
0 0.664062 0.384375 0.025957 0.03004
0 0.565625 0.402083 0.019638 0.024534
0 0.965625 0.421875 0.025984 0.029621
0 0.774219 0.438542 0.028947 0.039934
0 0.175 0.435417 0.022883 0.028677
0 0.149219 0.472917 0.021362 0.02664
0 0.88125 0.501042 0.020046 0.026244
0 0.530469 0.508333 0.021339 0.026862
0 0.297656 0.54375 0.020328 0.024087
0 0.98949 0.552083 0.02102 0.031708
0 0.952344 0.559375 0.033921 0.039513
0 0.571094 0.570833 0.021264 0.026134
0 0.984375 0.589583 0.023293 0.029834
0 0.904687 0.590625 0.020479 0.026286
0 0.848437 0.61875 0.02743 0.037292
0 0.380469 0.642708 0.01971 0.025332
0 0.542188 0.658333 0.018939 0.024442
0 0.763281 0.678125 0.021542 0.027554
0 0.31875 0.695833 0.023368 0.030196
0 0.521875 0.741667 0.031205 0.040495
0 0.238281 0.788542 0.025753 0.033716
0 0.326562 0.785417 0.021978 0.027245
0 0.896875 0.834375 0.024652 0.030465
0 0.98125 0.869792 0.018846 0.02378
0 0.457031 0.885417 0.02505 0.02686
0 0.126562 0.903125 0.020441 0.025129
0 0.8625 0.969792 0.024334 0.032184