0 0.978125 0.009226 0.019627 0.018453
0 0.710156 0.009032 0.018827 0.018064
0 0.707031 0.027083 0.025243 0.032454
0 0.067969 0.03125 0.02466 0.031871
0 0.876563 0.034375 0.023232 0.0323
0 0.85 0.045833 0.023055 0.030355
0 0.203906 0.055208 0.024886 0.03407
0 0.447656 0.076042 0.021314 0.02663
0 0.896875 0.08125 0.022883 0.028677
0 0.796094 0.105208 0.024847 0.031127
0 0.839844 0.109375 0.02475 0.031228
0 0.748437 0.123958 0.020676 0.026744
0 0.939844 0.125 0.018161 0.023679
0 0.542188 0.153125 0.020046 0.026244
0 0.239063 0.153125 0.019638 0.024534
0 0.921875 0.19375 0.021038 0.029672
0 0.946094 0.201042 0.025528 0.036047
0 0.572656 0.216667 0.018008 0.02309
0 0.652344 0.220833 0.021796 0.030069
0 0.298438 0.220833 0.020566 0.026042
0 0.95 0.229167 0.021161 0.025349
0 0.917969 0.229167 0.02123 0.025887
0 0.923438 0.2375 0.018756 0.022285
0 0.720313 0.251042 0.023597 0.02855
0 0.703906 0.263542 0.024946 0.031337
0 0.232031 0.280208 0.021701 0.028014
0 0.290625 0.290625 0.020627 0.027503
0 0.251563 0.3125 0.023438 0.03125
0 0.821094 0.313542 0.022268 0.032512
0 0.885156 0.316667 0.026796 0.034437
0 0.0375 0.317708 0.02203 0.026707
0 0.840625 0.345833 0.024138 0.032445
0 0.313281 0.366667 0.019574 0.023676
0 0.539844 0.383333 0.018008 0.02309
0 0.772656 0.384375 0.019178 0.025168
0 0.266406 0.391667 0.024535 0.029481
0 0.621875 0.420833 0.023026 0.028919
0 0.330469 0.454167 0.021819 0.028356
0 0.346094 0.466667 0.022254 0.031093
0 0.795312 0.466667 0.019733 0.025046
0 0.970313 0.485417 0.026417 0.032442
0 0.3375 0.486458 0.022729 0.02728
0 0.584375 0.483333 0.018756 0.022285
0 0.716406 0.505208 0.019531 0.026042
0 0.823438 0.510417 0.019531 0.026042
0 0.808594 0.521875 0.024377 0.029518
0 0.049219 0.53125 0.019627 0.024405
0 0.946094 0.534375 0.024679 0.030191
0 0.963281 0.578125 0.018442 0.024589
0 0.590625 0.590625 0.026114 0.032925
0 0.513281 0.613542 0.024318 0.031312
0 0.297656 0.630208 0.018939 0.024442
0 0.689844 0.63125 0.022689 0.025403
0 0.777344 0.660417 0.021362 0.02664
0 0.879687 0.6625 0.023319 0.029672
0 0.5125 0.6625 0.023319 0.029672
0 0.742969 0.686458 0.024623 0.030229
0 0.600781 0.694792 0.018939 0.024442
0 0.989062 0.777083 0.019012 0.028214
0 0.548438 0.795833 0.019574 0.023676
0 0.992675 0.803125 0.01465 0.025905
0 0.953125 0.822917 0.020866 0.027821
0 0.066406 0.835417 0.020479 0.026286
0 0.964844 0.845833 0.018124 0.023544
0 0.058594 0.897917 0.021727 0.028969
0 0.307812 0.897917 0.023319 0.029672
0 0.108594 0.940625 0.021362 0.02664
0 0.799219 0.952083 0.019531 0.026042
0 0.601562 0.960417 0.019768 0.025593
0 0.191406 0.976042 0.028133 0.030248
0 0.257031 0.982292 0.022356 0.031944
0 0.711719 0.983333 0.018939 0.024442