0 0.301563 0.011866 0.021314 0.023732
0 0.34375 0.016943 0.033062 0.033886
0 0.307812 0.01078 0.018756 0.021559
0 0.834375 0.01875 0.025464 0.030955
0 0.009976 0.026042 0.019952 0.026751
0 0.271875 0.026042 0.020058 0.027568
0 0.294531 0.027083 0.021198 0.026257
0 0.1375 0.038542 0.032233 0.049815
0 0.846875 0.036458 0.029113 0.034806
0 0.172656 0.035417 0.024899 0.034055
0 0.014844 0.05 0.02563 0.038294
0 0.223438 0.042708 0.019733 0.025046
0 0.152344 0.05 0.021131 0.02449
0 0.199219 0.051042 0.021761 0.031624
0 0.835938 0.052083 0.023654 0.029634
0 0.952344 0.053125 0.021479 0.027243
0 0.355469 0.059375 0.025086 0.031874
0 0.076563 0.065625 0.019683 0.026728
0 0.138281 0.071875 0.030406 0.039671
0 0.538281 0.072917 0.033426 0.037944
0 0.047656 0.075 0.025606 0.032971
0 0.057031 0.072917 0.021894 0.026105
0 0.160156 0.092708 0.025219 0.04175
0 0.696875 0.090625 0.026623 0.028618
0 0.770312 0.092708 0.023438 0.034009
0 0.421875 0.091667 0.019638 0.024534
0 0.171875 0.09375 0.018354 0.025228
0 0.519531 0.103125 0.016702 0.023976
0 0.511719 0.104167 0.018876 0.02557
0 0.784375 0.109375 0.023055 0.030355
0 0.522656 0.108333 0.018331 0.025253
0 0.348438 0.115625 0.028106 0.035108
0 0.2875 0.115625 0.023988 0.030346
0 0.471875 0.11875 0.023344 0.031678
0 0.078125 0.117708 0.022918 0.028188
0 0.958594 0.125 0.02186 0.033562
0 0.580469 0.125 0.021443 0.029582
0 0.857812 0.126042 0.019992 0.026974
0 0.854688 0.142708 0.023227 0.029506
0 0.929688 0.146875 0.024837 0.032478
0 0.529687 0.161458 0.029237 0.042966
0 0.467187 0.157292 0.020058 0.027568
0 0.888281 0.163542 0.033947 0.040789
0 0.826562 0.158333 0.018331 0.025253
0 0.039062 0.165625 0.024531 0.036972
0 0.400781 0.163542 0.018769 0.023116
0 0.471094 0.16875 0.020745 0.031408
0 0.901563 0.166667 0.019574 0.023676
0 0.339062 0.179167 0.032426 0.041627
0 0.4125 0.178125 0.027025 0.032623
0 0.457031 0.178125 0.019792 0.025321
0 0.58125 0.178125 0.018442 0.024589
0 0.571094 0.183333 0.018939 0.024442
0 0.589063 0.192708 0.026574 0.039601
0 0.432812 0.19375 0.02648 0.033546
0 0.053125 0.190625 0.018939 0.024442
0 0.35 0.194792 0.027141 0.034876
0 0.810937 0.2 0.026 0.030914
0 0.623437 0.225 0.043547 0.069163
0 0.760156 0.203125 0.021339 0.026862
0 0.778125 0.207292 0.025183 0.032816
0 0.596875 0.205208 0.017982 0.022269
0 0.301563 0.209375 0.019057 0.027229
0 0.946094 0.210417 0.021339 0.026862
0 0.116406 0.221875 0.03485 0.046926
0 0.971875 0.225 0.028449 0.032782
0 0.713281 0.228125 0.027501 0.038752
0 0.15 0.230208 0.02336 0.033114
0 0.948438 0.235417 0.023026 0.028919
0 0.964844 0.2375 0.028404 0.033308
0 0.363281 0.235417 0.023782 0.028969
0 0.74375 0.234375 0.019992 0.026974
0 0.446875 0.234375 0.019543 0.023126
0 0.373437 0.238542 0.022828 0.027821
0 0.805469 0.241667 0.019627 0.024405
0 0.389062 0.253125 0.036342 0.046515
0 0.503125 0.24375 0.021894 0.026105
0 0.153906 0.246875 0.01902 0.024748
0 0.160156 0.254167 0.021645 0.030804
0 0.013281 0.252083 0.021701 0.028014
0 0.434375 0.255208 0.021978 0.027245
0 0.122656 0.263542 0.029285 0.041544
0 0.407813 0.257292 0.018939 0.024442
0 0.195312 0.265625 0.018773 0.023107
0 0.408594 0.275 0.02509 0.038083
0 0.577344 0.285417 0.018331 0.025253
0 0.374219 0.30625 0.062922 0.076928
0 0.851562 0.297917 0.020479 0.026286
0 0.291406 0.314583 0.050325 0.044888
0 0.21875 0.319792 0.035816 0.039843
0 0.926562 0.319792 0.033364 0.042744
0 0.075781 0.315625 0.017982 0.022269
0 0.597656 0.323958 0.029328 0.036983
0 0.947656 0.321875 0.022169 0.033669
0 0.752344 0.320833 0.021161 0.025349
0 0.71875 0.332292 0.033544 0.041191
0 0.617188 0.328125 0.020454 0.02833
0 0.107813 0.3375 0.026028 0.039718
0 0.189844 0.333333 0.023511 0.028281
0 0.546094 0.33125 0.020479 0.026286
0 0.635938 0.33125 0.020566 0.026042
0 0.705469 0.335417 0.018773 0.023107
0 0.400781 0.340625 0.021207 0.029356
0 0.357031 0.339583 0.019429 0.026567
0 0.803906 0.346875 0.025926 0.038698
0 0.763281 0.340625 0.018773 0.023107
0 0.349219 0.354167 0.019415 0.028306
0 0.194531 0.361458 0.021796 0.030069
0 0.686719 0.36875 0.018052 0.026078
0 0.353906 0.385417 0.042595 0.054943
0 0.8375 0.369792 0.018442 0.024589
0 0.944531 0.371875 0.022111 0.027748
0 0.925781 0.372917 0.022254 0.02805
0 0.799219 0.377083 0.018773 0.023107
0 0.810156 0.386458 0.032324 0.039147
0 0.550781 0.383333 0.022152 0.027355
0 0.473438 0.389583 0.022912 0.031456
0 0.3375 0.386458 0.02118 0.025185
0 0.548438 0.397917 0.023688 0.033311
0 0.160156 0.397917 0.019558 0.02407
0 0.321094 0.4125 0.032085 0.039615
0 0.942969 0.40625 0.018784 0.026311
0 0.446094 0.417708 0.02197 0.025832
0 0.983594 0.423958 0.025011 0.035065
0 0.964063 0.422917 0.020801 0.028133
0 0.535937 0.427083 0.024794 0.030839
0 0.095312 0.433333 0.025846 0.036313
0 0.180469 0.447917 0.033859 0.055651
0 0.130469 0.439583 0.021796 0.030069
0 0.549219 0.441667 0.02377 0.034186
0 0.984375 0.436458 0.019627 0.024405
0 0.53125 0.451042 0.026599 0.038623
0 0.45 0.45 0.019429 0.026567
0 0.213281 0.453125 0.019543 0.023126
0 0.132812 0.460417 0.028145 0.036568
0 0.367969 0.4625 0.021198 0.026257
0 0.4875 0.469792 0.018442 0.024589
0 0.700781 0.473958 0.02143 0.027648
0 0.489063 0.477083 0.019909 0.025929
0 0.892969 0.479167 0.021796 0.02989
0 0.483594 0.478125 0.017982 0.022269
0 0.328125 0.488542 0.022047 0.026945
0 0.882812 0.485417 0.018756 0.022285
0 0.319531 0.488542 0.018756 0.022285
0 0.171875 0.502083 0.026072 0.037828
0 0.675781 0.497917 0.021542 0.027554
0 0.93125 0.496875 0.01971 0.025332
0 0.421094 0.505208 0.028891 0.040003
0 0.302344 0.509375 0.020517 0.029536
0 0.380469 0.508333 0.0223 0.028345
0 0.532031 0.510417 0.021339 0.026862
0 0.460156 0.525 0.034802 0.043832
0 0.214062 0.516667 0.017982 0.022269
0 0.494531 0.519792 0.021999 0.028864
0 0.402344 0.526042 0.022883 0.028677
0 0.725781 0.5375 0.026649 0.035671
0 0.946094 0.545833 0.021796 0.030069
0 0.171094 0.560417 0.032465 0.045137
0 0.198437 0.551042 0.022047 0.026945
0 0.38125 0.557292 0.024447 0.033091
0 0.867188 0.558333 0.029039 0.030335
0 0.361719 0.561458 0.024296 0.034488
0 0.214062 0.5625 0.026585 0.035972
0 0.454688 0.559375 0.019693 0.028264
0 0.717969 0.557292 0.018756 0.022285
0 0.90625 0.561458 0.019683 0.026728
0 0.182812 0.56875 0.020479 0.026286
0 0.648438 0.578125 0.025964 0.041001
0 0.601562 0.58125 0.028631 0.038931
0 0.103125 0.577083 0.019792 0.025321
0 0.478906 0.580208 0.02168 0.028193
0 0.884375 0.580208 0.019558 0.02407
0 0.548438 0.597917 0.03022 0.037662
0 0.105469 0.590625 0.019627 0.024405
0 0.632031 0.597917 0.029216 0.038024
0 0.098437 0.59375 0.019638 0.024534
0 0.758594 0.619792 0.042268 0.076919
0 0.201563 0.6125 0.036799 0.051513
0 0.958594 0.597917 0.019627 0.024405
0 0.729688 0.601042 0.018939 0.024442
0 0.763281 0.603125 0.02203 0.026707
0 0.125781 0.61875 0.029967 0.038511
0 0.955469 0.613542 0.018773 0.023107
0 0.489063 0.619792 0.019627 0.024405
0 0.50625 0.623958 0.026729 0.035638
0 0.107031 0.622917 0.0211 0.027734
0 0.732031 0.623958 0.018939 0.024442
0 0.665625 0.628125 0.018939 0.024442
0 0.582812 0.633333 0.020341 0.025073
0 0.627344 0.642708 0.022464 0.028723
0 0.384375 0.651042 0.026409 0.035655
0 0.010602 0.653125 0.021203 0.029986
0 0.645312 0.65 0.01971 0.025332
0 0.710938 0.655208 0.019531 0.027421
0 0.671875 0.658333 0.019429 0.026567
0 0.921094 0.663542 0.025042 0.032134
0 0.76875 0.661458 0.018939 0.024442
0 0.5 0.663542 0.018827 0.023629
0 0.628906 0.675 0.021726 0.031709
0 0.066406 0.676042 0.021239 0.025868
0 0.244531 0.677083 0.022828 0.027821
0 0.414062 0.676042 0.017438 0.024063
0 0.008798 0.683333 0.017597 0.02449
0 0.620313 0.684375 0.019792 0.025321
0 0.724219 0.688542 0.039869 0.032937
0 0.990207 0.691667 0.019586 0.025409
0 0.658594 0.695833 0.026 0.030914
0 0.13125 0.704167 0.02431 0.030289
0 0.538281 0.705208 0.021894 0.026105
0 0.639844 0.711458 0.028371 0.040511
0 0.05 0.70625 0.021701 0.028014
0 0.33125 0.7125 0.024436 0.029089
0 0.348438 0.715625 0.01971 0.025332
0 0.980469 0.719792 0.021362 0.02664
0 0.364063 0.729167 0.026479 0.036699
0 0.078906 0.735417 0.025273 0.030852
0 0.515625 0.735417 0.021978 0.027245
0 0.757031 0.74375 0.027465 0.03254
0 0.346875 0.745833 0.023489 0.025902
0 0.523438 0.753125 0.019119 0.025492
0 0.244531 0.757292 0.025273 0.030852
0 0.566406 0.755208 0.024247 0.026365
0 0.9625 0.75625 0.023319 0.029672
0 0.098437 0.75625 0.019574 0.023676
0 0.492969 0.771875 0.025511 0.032143
0 0.780469 0.772917 0.028005 0.034371
0 0.763281 0.770833 0.019429 0.026567
0 0.019531 0.772917 0.017438 0.024063
0 0.08125 0.779167 0.023597 0.02855
0 0.953906 0.780208 0.021198 0.026257
0 0.194531 0.785417 0.02569 0.03355
0 0.385937 0.785417 0.026114 0.032925
0 0.43125 0.78125 0.018827 0.023629
0 0.3375 0.784375 0.018939 0.024442
0 0.522656 0.789583 0.029276 0.03606
0 0.698438 0.791667 0.018008 0.02309
0 0.766406 0.798958 0.020566 0.026042
0 0.363281 0.804167 0.02434 0.033657
0 0.241406 0.803125 0.020479 0.026286
0 0.035156 0.811458 0.027787 0.032649
0 0.808594 0.807292 0.018008 0.02309
0 0.872656 0.8125 0.020866 0.030437
0 0.1125 0.811458 0.020676 0.026744
0 0.3875 0.845833 0.081541 0.098389
0 0.8625 0.814583 0.020147 0.028452
0 0.805469 0.823958 0.025309 0.045992
0 0.779687 0.825 0.024837 0.032478
0 0.751563 0.829167 0.017438 0.024063
0 0.5625 0.835417 0.021985 0.033408
0 0.944531 0.834375 0.021542 0.027554
0 0.786719 0.836458 0.021479 0.027243
0 0.142187 0.838542 0.023026 0.028919
0 0.171875 0.840625 0.020566 0.026042
0 0.239844 0.847917 0.031288 0.035493
0 0.503125 0.852083 0.022111 0.027748
0 0.924219 0.857292 0.023511 0.028281
0 0.511719 0.85625 0.017759 0.024215
0 0.258594 0.860417 0.021479 0.027243
0 0.678125 0.866667 0.022734 0.033428
0 0.746094 0.864583 0.025161 0.030661
0 0.491406 0.864583 0.02198 0.027324
0 0.508594 0.870833 0.022619 0.031242
0 0.172656 0.876042 0.0223 0.028345
0 0.0875 0.884375 0.01971 0.025332
0 0.685937 0.897917 0.02198 0.027324
0 0.657031 0.897917 0.018846 0.02378
0 0.813281 0.903125 0.025042 0.032134
0 0.151562 0.910417 0.021098 0.023145
0 0.809375 0.913542 0.018354 0.025228
0 0.333594 0.921875 0.029793 0.041169
0 0.628906 0.915625 0.020566 0.026042
0 0.090625 0.916667 0.018008 0.02309
0 0.460938 0.925 0.025969 0.032604
0 0.80625 0.927083 0.019531 0.027421
0 0.064062 0.932292 0.026901 0.032323
0 0.264062 0.93125 0.020479 0.026286
0 0.547656 0.93125 0.021479 0.027243
0 0.084375 0.934375 0.018096 0.024127
0 0.3 0.939583 0.018827 0.023629
0 0.307812 0.94375 0.02095 0.027383
0 0.814063 0.947917 0.02154 0.031643
0 0.972656 0.955208 0.018773 0.023107
0 0.592187 0.9625 0.02688 0.033904
0 0.744531 0.963542 0.017757 0.026099
0 0.596094 0.972917 0.018756 0.022285
0 0.813281 0.980208 0.027408 0.028239
0 0.839844 0.98125 0.022758 0.030751