0 0.308594 0.071875 0.027522 0.031911
0 0.596094 0.109375 0.028771 0.035224
0 0.839063 0.120833 0.022815 0.027608
0 0.210938 0.169792 0.026 0.030914
0 0.794531 0.207292 0.024847 0.031127
0 0.271875 0.236458 0.032979 0.040777
0 0.603125 0.34375 0.0211 0.027734
0 0.790625 0.41875 0.019925 0.025905
0 0.720313 0.441667 0.023028 0.030998
0 0.544531 0.476042 0.02732 0.035414
0 0.808594 0.495833 0.021796 0.030069
0 0.96875 0.528125 0.020231 0.026656
0 0.892188 0.571875 0.026124 0.031426
0 0.425781 0.621875 0.021701 0.028014
0 0.328906 0.629167 0.026 0.030914
0 0.288281 0.889583 0.021362 0.02664
0 0.257031 0.902083 0.021198 0.026257