0 0.176563 0.010783 0.023597 0.021566
0 0.939063 0.026042 0.025905 0.030541
0 0.803906 0.036458 0.021259 0.029733
0 0.728906 0.05625 0.025511 0.032143
0 0.525781 0.130208 0.024436 0.029089
0 0.496875 0.161458 0.026571 0.034874
0 0.442188 0.177083 0.020046 0.026244
0 0.377344 0.19375 0.018939 0.024442
0 0.342969 0.261458 0.018827 0.023629
0 0.508594 0.276042 0.021161 0.025349
0 0.939844 0.29375 0.02466 0.031871
0 0.360938 0.302083 0.026524 0.033859
0 0.378125 0.4 0.01971 0.025332
0 0.388281 0.432292 0.029387 0.041528
0 0.782813 0.454167 0.026273 0.033081
0 0.820312 0.45625 0.018773 0.023107
0 0.008102 0.478125 0.016205 0.025929
0 0.190625 0.483333 0.023731 0.033941
0 0.4125 0.5375 0.025086 0.031874
0 0.135156 0.597917 0.018827 0.023629
0 0.341406 0.608333 0.026996 0.038485
0 0.917969 0.634375 0.021989 0.028877
0 0.358594 0.646875 0.020938 0.027401
0 0.204687 0.685417 0.023097 0.028871
0 0.73125 0.784375 0.019925 0.025905
0 0.959375 0.827083 0.022996 0.028271
0 0.902344 0.877083 0.028106 0.035108
0 0.884375 0.903125 0.021978 0.027245
0 0.060156 0.939583 0.023557 0.030821
0 0.341406 0.953125 0.024878 0.035954
0 0.277344 0.973958 0.021479 0.027243