0 0.517969 0.134375 0.020938 0.027401
0 0.379688 0.152083 0.020866 0.030437
0 0.464062 0.24375 0.019574 0.023676
0 0.5 0.273958 0.022937 0.028155
0 0.390625 0.288542 0.017658 0.024165
0 0.354687 0.327083 0.021239 0.025868
0 0.642969 0.327083 0.020314 0.022296
0 0.390625 0.36875 0.019627 0.024405
0 0.457813 0.4375 0.022094 0.027539
0 0.799219 0.652083 0.019792 0.025321
0 0.377344 0.652083 0.018827 0.023629
0 0.180469 0.672917 0.02095 0.027383
0 0.678906 0.759375 0.021207 0.029356
0 0.305469 0.91875 0.028167 0.04066
0 0.574219 0.927083 0.023447 0.026119