0 0.190625 0.012818 0.027366 0.025636
0 0.991898 0.038542 0.016205 0.025929
0 0.321875 0.054167 0.020801 0.028133
0 0.05 0.065625 0.02545 0.035034
0 0.273438 0.069792 0.023878 0.029636
0 0.414062 0.086458 0.018939 0.024442
0 0.940625 0.0875 0.018756 0.022285
0 0.204687 0.096875 0.024516 0.030178
0 0.146875 0.108333 0.021946 0.026299
0 0.096094 0.128125 0.021819 0.028356
0 0.188281 0.134375 0.021618 0.02791
0 0.195312 0.191667 0.019792 0.025321
0 0.246875 0.196875 0.022047 0.026945
0 0.355469 0.257292 0.021479 0.027243
0 0.169531 0.280208 0.02834 0.035716
0 0.480469 0.480208 0.022111 0.027748
0 0.177344 0.547917 0.021618 0.02791
0 0.275 0.560417 0.022937 0.028155
0 0.270313 0.573958 0.026986 0.036683
0 0.20625 0.610417 0.020697 0.026524
0 0.046094 0.625 0.023899 0.035706
0 0.554688 0.652083 0.020566 0.026042
0 0.203906 0.657292 0.021542 0.027554
0 0.378906 0.717708 0.021701 0.028014
0 0.2 0.720833 0.021978 0.027245
0 0.563281 0.79375 0.025183 0.032816
0 0.032031 0.828125 0.018801 0.024039
0 0.415625 0.842708 0.022111 0.027748
0 0.625781 0.892708 0.022393 0.030491
0 0.526563 0.944792 0.022128 0.030307
0 0.115625 0.985926 0.02317 0.028149