0 0.236719 0.029167 0.019627 0.024405
0 0.380469 0.038542 0.020566 0.026042
0 0.215625 0.104167 0.022828 0.027821
0 0.095312 0.202083 0.023484 0.032424
0 0.346875 0.230208 0.022776 0.032111
0 0.823438 0.296875 0.019531 0.027421
0 0.940625 0.340625 0.021761 0.031624
0 0.482031 0.341667 0.021038 0.029672
0 0.633594 0.36875 0.02426 0.027326
0 0.711719 0.396875 0.023232 0.0323
0 0.042969 0.401042 0.026688 0.028933
0 0.370312 0.447917 0.020328 0.024087
0 0.522656 0.460417 0.024516 0.030178
0 0.565625 0.54375 0.020479 0.026286
0 0.321875 0.565625 0.023476 0.030208
0 0.319531 0.646875 0.022625 0.029341
0 0.264844 0.708333 0.021804 0.02852
0 0.184375 0.732292 0.023103 0.02886
0 0.86875 0.844792 0.022047 0.026945
0 0.428125 0.952083 0.019909 0.025929
0 0.8625 0.973958 0.019792 0.025321
0 0.157031 0.991476 0.018161 0.017048