0 0.642969 0.016011 0.034624 0.032023
0 0.160938 0.018612 0.032017 0.037223
0 0.614062 0.012439 0.02749 0.024878
0 0.319531 0.011164 0.019925 0.022327
0 0.102344 0.023958 0.029458 0.035323
0 0.388281 0.020833 0.019893 0.027596
0 0.245312 0.023958 0.023227 0.029506
0 0.325781 0.020833 0.021161 0.025349
0 0.069531 0.047917 0.026048 0.031808
0 0.055469 0.051042 0.027678 0.033246
0 0.617969 0.053125 0.032144 0.034922
0 0.176563 0.065625 0.058908 0.060575
0 0.122656 0.0625 0.026478 0.0367
0 0.089063 0.0625 0.026621 0.033198
0 0.241406 0.0625 0.028245 0.033552
0 0.073438 0.06875 0.026593 0.033416
0 0.086719 0.071875 0.019773 0.0268
0 0.397656 0.086458 0.017778 0.027118
0 0.307812 0.089583 0.021339 0.026862
0 0.258594 0.097917 0.026635 0.039653
0 0.227344 0.101042 0.02982 0.042102
0 0.46875 0.094792 0.021202 0.026349
0 0.071094 0.094792 0.026569 0.028181
0 0.757031 0.097917 0.026346 0.032832
0 0.1875 0.125 0.039386 0.064384
0 0.497656 0.107292 0.018846 0.02378
0 0.122656 0.125 0.029305 0.044823
0 0.455469 0.11875 0.021116 0.030583
0 0.986298 0.121875 0.027405 0.034847
0 0.582812 0.136458 0.02274 0.033763
0 0.073438 0.142708 0.018561 0.025359
0 0.236719 0.142708 0.018876 0.02557
0 0.517969 0.152083 0.018999 0.02628
0 0.557813 0.157292 0.019531 0.026042
0 0.903906 0.163542 0.019893 0.027596
0 0.989062 0.166667 0.021727 0.028969
0 0.96875 0.169792 0.018773 0.023107
0 0.471094 0.178125 0.020046 0.026244
0 0.600781 0.184375 0.032734 0.041573
0 0.234375 0.178125 0.01882 0.024173
0 0.627344 0.18125 0.023293 0.029834
0 0.614062 0.18125 0.017835 0.025128
0 0.477344 0.190625 0.018331 0.025253
0 0.567187 0.198958 0.021915 0.02956
0 0.913281 0.198958 0.021198 0.026257
0 0.535937 0.208333 0.023964 0.032621
0 0.727344 0.214583 0.026649 0.035671
0 0.553906 0.222917 0.022459 0.03193
0 0.461719 0.229167 0.019627 0.024405
0 0.460156 0.238542 0.022883 0.028677
0 0.520312 0.25 0.029026 0.034683
0 0.739062 0.24375 0.022995 0.03066
0 0.682813 0.253125 0.023129 0.033059
0 0.870313 0.253125 0.020328 0.024087
0 0.117969 0.267708 0.035079 0.045832
0 0.484375 0.259375 0.017759 0.024215
0 0.5625 0.285417 0.024067 0.035719
0 0.479687 0.288542 0.019638 0.024534
0 0.067187 0.301042 0.025021 0.041676
0 0.742969 0.301042 0.019925 0.025905
0 0.539844 0.327083 0.036944 0.046589
0 0.948438 0.327083 0.027003 0.034726
0 0.792188 0.327083 0.020325 0.024095
0 0.617969 0.351042 0.051673 0.073
0 0.975781 0.333333 0.020288 0.027694
0 0.507031 0.38125 0.037763 0.05855
0 0.413281 0.38125 0.047155 0.059462
0 0.482031 0.36875 0.027393 0.037108
0 0.596094 0.36875 0.019714 0.027305
0 0.522656 0.375 0.027729 0.032708
0 0.466406 0.386458 0.034611 0.043735
0 0.910937 0.38125 0.021247 0.027272
0 0.604688 0.392708 0.035281 0.045963
0 0.807813 0.389583 0.025171 0.029147
0 0.747656 0.410417 0.069354 0.069326
0 0.914844 0.386458 0.018773 0.023107
0 0.5625 0.389583 0.021198 0.026257
0 0.667188 0.395833 0.020566 0.026042
0 0.100781 0.416667 0.028993 0.032721
0 0.410938 0.416667 0.019925 0.025905
0 0.332813 0.426042 0.022669 0.026114
0 0.627344 0.428125 0.021588 0.032468
0 0.533594 0.434375 0.030467 0.04159
0 0.352344 0.434375 0.02583 0.032635
0 0.339062 0.440625 0.018773 0.023107
0 0.805469 0.446875 0.025819 0.026793
0 0.600781 0.455208 0.026037 0.042165
0 0.689844 0.448958 0.018442 0.027169
0 0.442188 0.448958 0.020566 0.026042
0 0.305469 0.467708 0.026657 0.03595
0 0.814844 0.49375 0.046841 0.060286
0 0.617969 0.485417 0.019925 0.025905
0 0.908594 0.488542 0.028748 0.036349
0 0.986719 0.5 0.025289 0.031092
0 0.517969 0.509375 0.026357 0.033939
0 0.008806 0.511458 0.017612 0.025349
0 0.985084 0.523958 0.029832 0.039745
0 0.382031 0.520833 0.021161 0.025349
0 0.466406 0.544792 0.064379 0.06782
0 0.557813 0.523958 0.020566 0.026042
0 0.877344 0.527083 0.021247 0.027272
0 0.4375 0.530208 0.024318 0.031312
0 0.65625 0.532292 0.018442 0.024589
0 0.078125 0.541667 0.021302 0.02814
0 0.221094 0.541667 0.021198 0.026257
0 0.1875 0.553125 0.023771 0.032677
0 0.742969 0.559375 0.027538 0.039276
0 0.114062 0.559375 0.028683 0.041102
0 0.241406 0.55625 0.019633 0.024542
0 0.908594 0.559375 0.021971 0.029612
0 0.444531 0.559375 0.017982 0.022269
0 0.573438 0.565625 0.022729 0.02728
0 0.414844 0.571875 0.022729 0.02728
0 0.926562 0.586458 0.026124 0.031426
0 0.745313 0.613542 0.061982 0.085627
0 0.667188 0.597917 0.026983 0.03986
0 0.685156 0.594792 0.023493 0.032412
0 0.192188 0.594792 0.021921 0.025381
0 0.964063 0.601042 0.026376 0.032785
0 0.428906 0.597917 0.020566 0.026042
0 0.227344 0.613542 0.032372 0.047706
0 0.015625 0.604167 0.020231 0.026656
0 0.035937 0.615625 0.026772 0.039739
0 0.578125 0.613542 0.026881 0.031008
0 0.848437 0.613542 0.024467 0.034451
0 0.866406 0.61875 0.023293 0.029834
0 0.90625 0.615625 0.018161 0.023679
0 0.885938 0.63125 0.032929 0.048045
0 0.196094 0.621875 0.019627 0.024405
0 0.252344 0.628125 0.025003 0.032842
0 0.492969 0.63125 0.024736 0.032981
0 0.4375 0.639583 0.040932 0.049469
0 0.946094 0.636458 0.023778 0.030992
0 0.245312 0.636458 0.021727 0.028969
0 0.535937 0.645833 0.022734 0.033428
0 0.020313 0.657292 0.029719 0.041628
0 0.464062 0.663542 0.018939 0.024442
0 0.539844 0.663542 0.023475 0.026349
0 0.551562 0.669792 0.02306 0.029195
0 0.770312 0.672917 0.019792 0.025321
0 0.129688 0.678125 0.018124 0.023544
0 0.549219 0.684375 0.020479 0.026286
0 0.109375 0.684375 0.018939 0.024442
0 0.117969 0.705208 0.023878 0.029636
0 0.221094 0.711458 0.025428 0.03584
0 0.236719 0.705208 0.022111 0.027748
0 0.640625 0.711458 0.023931 0.031351
0 0.707812 0.714583 0.018769 0.023116
0 0.727344 0.717708 0.023597 0.02855
0 0.102344 0.738542 0.049172 0.05988
0 0.158594 0.722917 0.021727 0.028969
0 0.859375 0.729167 0.027726 0.035043
0 0.142969 0.735417 0.01902 0.024748
0 0.330469 0.738542 0.019925 0.025905
0 0.299219 0.761458 0.022111 0.027748
0 0.991557 0.761458 0.016886 0.025332
0 0.107031 0.761458 0.021162 0.025464
0 0.84375 0.782292 0.023396 0.036804
0 0.741406 0.780208 0.020566 0.026042
0 0.635938 0.782292 0.024291 0.029293
0 0.664844 0.782292 0.021105 0.028403
0 0.794531 0.782292 0.020341 0.025073
0 0.596094 0.815625 0.046234 0.055001
0 0.350781 0.815625 0.028472 0.03641
0 0.817187 0.815625 0.021259 0.029733
0 0.828125 0.821875 0.023826 0.034994
0 0.006081 0.823958 0.012163 0.024534
0 0.551562 0.836458 0.025969 0.032604
0 0.792188 0.847917 0.022758 0.030751
0 0.227344 0.854167 0.021727 0.028969
0 0.258594 0.860417 0.020416 0.025301
0 0.839063 0.878125 0.018008 0.02309
0 0.024219 0.886458 0.026833 0.03299
0 0.513281 0.889583 0.023345 0.03313
0 0.421875 0.902083 0.019574 0.023676
0 0.788281 0.902083 0.020416 0.025301
0 0.057813 0.922917 0.028698 0.039025
0 0.821094 0.928125 0.020666 0.028723
0 0.948438 0.934375 0.026418 0.038362
0 0.361719 0.94375 0.019119 0.025492
0 0.174219 0.948958 0.025345 0.030561
0 0.482031 0.982292 0.029336 0.033802
0 0.375 0.982292 0.023597 0.02855
0 0.34375 0.982292 0.01902 0.024748
0 0.897656 0.982292 0.018921 0.024472
0 0.625 0.990765 0.018939 0.018471