0 0.317969 0.020833 0.021202 0.026349
0 0.453125 0.021875 0.01902 0.024748
0 0.810156 0.026042 0.019178 0.025168
0 0.758594 0.047917 0.018939 0.024442
0 0.753125 0.051042 0.01902 0.024748
0 0.769531 0.052083 0.02426 0.027326
0 0.307031 0.0625 0.021362 0.02664
0 0.135937 0.067708 0.018827 0.023629
0 0.878906 0.084375 0.022118 0.031853
0 0.435937 0.08125 0.018827 0.023629
0 0.23125 0.096875 0.02579 0.028178
0 0.173437 0.125 0.019627 0.024405
0 0.879687 0.130208 0.019925 0.025905
0 0.796875 0.139583 0.023899 0.035706
0 0.850781 0.153125 0.018939 0.024442
0 0.733594 0.175 0.018756 0.022285
0 0.171875 0.182292 0.019638 0.024534
0 0.372656 0.186458 0.020339 0.023705
0 0.214844 0.220833 0.02032 0.023137
0 0.514844 0.233333 0.017982 0.022269
0 0.017969 0.265625 0.023654 0.029634
0 0.917969 0.286458 0.019427 0.031319
0 0.377344 0.297917 0.017982 0.022269
0 0.1625 0.346875 0.024652 0.030465
0 0.920312 0.371875 0.019627 0.024405
0 0.424219 0.417708 0.021339 0.026862
0 0.439844 0.428125 0.018331 0.025253
0 0.2 0.455208 0.018756 0.022285
0 0.8125 0.5125 0.023293 0.029834
0 0.016406 0.560417 0.018773 0.023107
0 0.282813 0.572917 0.019992 0.026974
0 0.278125 0.605208 0.026048 0.031808
0 0.303125 0.630208 0.020412 0.025429
0 0.157031 0.717708 0.021176 0.031534
0 0.441406 0.823958 0.018773 0.023107
0 0.721094 0.83125 0.021542 0.027554
0 0.698438 0.860417 0.018354 0.025228
0 0.535937 0.98125 0.025857 0.028661