0 0.867188 0.013542 0.019531 0.026042
0 0.009783 0.075 0.019567 0.026299
0 0.546094 0.166667 0.02168 0.028193
0 0.534375 0.305208 0.022729 0.02728
0 0.324219 0.451042 0.020371 0.024457
0 0.571094 0.475 0.01902 0.024748
0 0.577344 0.478125 0.018442 0.024589
0 0.860156 0.525 0.022017 0.028277
0 0.983594 0.561458 0.019627 0.024405
0 0.864844 0.701042 0.018773 0.023107
0 0.892188 0.726042 0.019531 0.026042
0 0.782031 0.75625 0.019178 0.025168
0 0.140625 0.807292 0.020479 0.026286
0 0.755469 0.846875 0.0223 0.028345
0 0.755469 0.892708 0.018561 0.025359
0 0.739844 0.929167 0.025086 0.031874