0 0.905469 0.026042 0.018691 0.025445
0 0.120313 0.046875 0.028186 0.036371
0 0.260156 0.072917 0.025541 0.033198
0 0.570312 0.077083 0.019925 0.025905
0 0.967187 0.111458 0.01971 0.025332
0 0.153906 0.159375 0.02583 0.032635
0 0.796875 0.160417 0.023127 0.02972
0 0.389844 0.205208 0.030249 0.035476
0 0.067187 0.208333 0.027091 0.032554
0 0.748437 0.239583 0.020046 0.026244
0 0.922656 0.254167 0.02883 0.041675
0 0.185156 0.265625 0.030569 0.044497
0 0.583594 0.265625 0.021105 0.028403
0 0.648438 0.311458 0.026848 0.034118
0 0.535156 0.317708 0.021314 0.02663
0 0.04375 0.367708 0.021479 0.027243
0 0.122656 0.397917 0.025171 0.029147
0 0.089844 0.4125 0.018876 0.02557
0 0.739062 0.422917 0.024997 0.036357
0 0.251563 0.48125 0.029183 0.034247
0 0.215625 0.578125 0.025718 0.036075
0 0.978906 0.604167 0.020747 0.029612
0 0.435156 0.620833 0.020566 0.026042
0 0.025 0.63125 0.019476 0.030306
0 0.440625 0.653125 0.024232 0.030858
0 0.39375 0.691667 0.026711 0.032509
0 0.289844 0.714583 0.019574 0.023676
0 0.925781 0.815625 0.024319 0.034057
0 0.905469 0.846875 0.022026 0.038568
0 0.790625 0.880208 0.019627 0.024405
0 0.833594 0.889583 0.025032 0.034809
0 0.8625 0.944792 0.03218 0.044678
0 0.8 0.954167 0.020046 0.026244