0 0.009975 0.040625 0.01995 0.028304
0 0.398438 0.071875 0.022111 0.027748
0 0.371094 0.073958 0.022558 0.029051
0 0.114062 0.086458 0.020736 0.028573
0 0.084375 0.098958 0.021701 0.028014
0 0.371875 0.130208 0.018161 0.023679
0 0.49375 0.248958 0.020666 0.028723
0 0.345313 0.292708 0.021145 0.028907
0 0.520312 0.321875 0.017982 0.022269
0 0.652344 0.334375 0.017301 0.024027
0 0.076563 0.372917 0.021508 0.03051
0 0.960156 0.440625 0.019633 0.024542
0 0.707812 0.486458 0.020945 0.028672
0 0.834375 0.49375 0.020341 0.025073
0 0.894531 0.533333 0.025247 0.030226
0 0.389844 0.534375 0.023097 0.028871
0 0.278125 0.609375 0.025348 0.03196
0 0.723437 0.716667 0.023438 0.027083
0 0.926562 0.740625 0.018442 0.024589
0 0.179688 0.798958 0.024309 0.027699
0 0.865625 0.888542 0.018331 0.025253
0 0.985938 0.907292 0.021804 0.02852
0 0.555469 0.927083 0.020134 0.027719
0 0.767188 0.976042 0.031999 0.040862
0 0.555469 0.983993 0.023259 0.032015