0 0.160156 0.052083 0.018939 0.024442
0 0.202344 0.058333 0.025611 0.031936
0 0.544531 0.063542 0.024359 0.033115
0 0.664062 0.06875 0.025086 0.031874
0 0.619531 0.084375 0.021701 0.028014
0 0.799219 0.101042 0.026665 0.036981
0 0.202344 0.111458 0.024847 0.031127
0 0.842187 0.115625 0.023232 0.0323
0 0.046094 0.117708 0.021978 0.027245
0 0.127344 0.13125 0.025252 0.029558
0 0.65625 0.151042 0.020134 0.027719
0 0.511719 0.158333 0.024736 0.034375
0 0.898438 0.157292 0.023964 0.032621
0 0.195312 0.177083 0.023248 0.030703
0 0.417969 0.180208 0.027426 0.030596
0 0.421875 0.208333 0.023476 0.030208
0 0.057031 0.217708 0.025129 0.029733
0 0.392188 0.223958 0.026901 0.032323
0 0.213281 0.226042 0.024359 0.033115
0 0.985938 0.223958 0.019574 0.023676
0 0.577344 0.227083 0.021314 0.02663
0 0.053125 0.2375 0.024377 0.029518
0 0.308594 0.241667 0.023503 0.033898
0 0.276562 0.240625 0.020566 0.026042
0 0.203906 0.246875 0.024255 0.035228
0 0.378125 0.242708 0.020416 0.025301
0 0.53125 0.266667 0.026159 0.03105
0 0.324219 0.272917 0.026302 0.034779
0 0.01875 0.292708 0.022996 0.028271
0 0.299219 0.304167 0.024242 0.035869
0 0.876563 0.310417 0.025086 0.031874
0 0.029687 0.319792 0.026666 0.03073
0 0.066406 0.325 0.025826 0.029329
0 0.35 0.328125 0.023227 0.029506
0 0.451562 0.330208 0.025161 0.030661
0 0.776563 0.335417 0.024584 0.031012
0 0.091406 0.338542 0.027444 0.031564
0 0.336719 0.339583 0.018331 0.025253
0 0.771875 0.353125 0.020046 0.026244
0 0.616406 0.363542 0.022758 0.030751
0 0.620313 0.386458 0.023026 0.028919
0 0.628125 0.394792 0.02306 0.029195
0 0.721875 0.411458 0.025095 0.028633
0 0.546875 0.426042 0.020328 0.024087
0 0.298438 0.435417 0.024982 0.033615
0 0.909375 0.438542 0.024565 0.029737
0 0.099219 0.442708 0.025042 0.032134
0 0.866406 0.445833 0.02217 0.02922
0 0.525 0.45 0.026159 0.03105
0 0.384375 0.461458 0.027603 0.031194
0 0.414062 0.469792 0.02563 0.034173
0 0.34375 0.471875 0.023293 0.029834
0 0.4625 0.471875 0.022937 0.028155
0 0.310156 0.473958 0.020566 0.026042
0 0.320312 0.479167 0.028378 0.031785
0 0.240625 0.483333 0.019574 0.023676
0 0.583594 0.495833 0.039376 0.045369
0 0.833594 0.49375 0.025456 0.031641
0 0.770312 0.502083 0.026195 0.032242
0 0.203125 0.507292 0.023438 0.03125
0 0.228125 0.514583 0.035072 0.043087
0 0.6375 0.507292 0.019574 0.023676
0 0.639062 0.525 0.021542 0.029952
0 0.960156 0.539583 0.021243 0.027194
0 0.832812 0.551042 0.023103 0.02886
0 0.84375 0.552083 0.019792 0.025321
0 0.748437 0.578125 0.026522 0.036229
0 0.530469 0.578125 0.025002 0.031555
0 0.620313 0.586458 0.019429 0.026567
0 0.547656 0.601042 0.021339 0.026862
0 0.35 0.603125 0.021339 0.026862
0 0.332813 0.629167 0.029593 0.035651
0 0.5375 0.628125 0.020566 0.026042
0 0.8375 0.633333 0.022828 0.027821
0 0.686719 0.68125 0.021727 0.028969
0 0.625781 0.6875 0.019976 0.032385
0 0.15 0.688542 0.022067 0.026726
0 0.278906 0.7125 0.032126 0.03384
0 0.027344 0.720833 0.024359 0.033115
0 0.758594 0.732292 0.018367 0.028175
0 0.803906 0.739583 0.018999 0.02628
0 0.66875 0.74375 0.020676 0.026744
0 0.196094 0.754167 0.028262 0.03619
0 0.605469 0.76875 0.028606 0.036385
0 0.648438 0.805208 0.029691 0.036383
0 0.319531 0.808333 0.030667 0.036811
0 0.404687 0.801042 0.019178 0.025168
0 0.44375 0.817708 0.019534 0.022292
0 0.288281 0.8375 0.029759 0.032605
0 0.310156 0.8375 0.022883 0.028677
0 0.247656 0.848958 0.01902 0.024748
0 0.276562 0.858333 0.021894 0.026105
0 0.134375 0.879167 0.026245 0.031768
0 0.3 0.886458 0.018827 0.023629
0 0.81875 0.902083 0.023026 0.028919
0 0.089063 0.91875 0.022937 0.028155
0 0.192188 0.921875 0.019627 0.024405
0 0.785156 0.921875 0.018773 0.023107
0 0.661719 0.941667 0.021542 0.027554
0 0.914844 0.94375 0.021362 0.02664
0 0.635156 0.959375 0.027736 0.03412
0 0.6 0.967708 0.019543 0.023126
0 0.207813 0.981441 0.03406 0.037117
0 0.661719 0.983333 0.01902 0.024748