0 0.951562 0.036458 0.018756 0.022285
0 0.096094 0.083333 0.01882 0.024173
0 0.148438 0.153125 0.018756 0.022285
0 0.552344 0.257292 0.021198 0.026257
0 0.353125 0.28125 0.019972 0.028419
0 0.572656 0.358333 0.024535 0.029481
0 0.482031 0.435417 0.024982 0.033615
0 0.564063 0.5125 0.020866 0.027821
0 0.751563 0.576042 0.022937 0.028155
0 0.682813 0.578125 0.018442 0.024589
0 0.557031 0.589583 0.023103 0.02886
0 0.035937 0.6 0.023103 0.02886
0 0.76875 0.605208 0.026417 0.032442
0 0.584375 0.610417 0.022707 0.026328
0 0.521094 0.636458 0.024439 0.03199
0 0.060937 0.690625 0.019792 0.025321
0 0.508594 0.694792 0.021259 0.029733
0 0.807813 0.716667 0.022729 0.02728
0 0.9 0.716667 0.019627 0.024405
0 0.471875 0.813542 0.023103 0.02886
0 0.207031 0.876042 0.021915 0.02956