0 0.626563 0.027083 0.019925 0.025905
0 0.964844 0.054167 0.021658 0.029319
0 0.790625 0.063542 0.026791 0.034443
0 0.240625 0.069792 0.028959 0.034443
0 0.40625 0.1875 0.023432 0.030501
0 0.9 0.201042 0.020134 0.027719
0 0.965625 0.271875 0.027829 0.037105
0 0.866406 0.308333 0.024897 0.032298
0 0.130469 0.326042 0.021161 0.025349
0 0.652344 0.363542 0.021105 0.028403
0 0.760938 0.377083 0.030636 0.038658
0 0.192188 0.486458 0.025938 0.031646
0 0.866406 0.511458 0.021999 0.028864
0 0.323437 0.530208 0.017759 0.024215
0 0.270313 0.534375 0.021479 0.027243
0 0.221875 0.5875 0.026933 0.037088
0 0.726562 0.615625 0.026933 0.037088
0 0.858594 0.722917 0.019893 0.027596
0 0.6375 0.733333 0.026848 0.034118
0 0.661719 0.823958 0.037095 0.042653
0 0.990517 0.830208 0.018966 0.031408
0 0.06875 0.861458 0.029044 0.035673
0 0.275 0.905208 0.022937 0.028155