0 0.835938 0.027083 0.024043 0.032841
0 0.0875 0.05625 0.024679 0.030191
0 0.116406 0.1 0.028178 0.0296
0 0.144531 0.2 0.02456 0.029745
0 0.189844 0.216667 0.027558 0.032833
0 0.223438 0.213542 0.022047 0.026945
0 0.205469 0.290625 0.031472 0.038952
0 0.311719 0.288542 0.025161 0.033548
0 0.564844 0.304167 0.023484 0.032424
0 0.333594 0.390625 0.022027 0.030978
0 0.491406 0.414583 0.025191 0.031459
0 0.0625 0.435417 0.028771 0.035224
0 0.198437 0.49375 0.026474 0.032764
0 0.307031 0.5375 0.028106 0.035108
0 0.66875 0.586458 0.028827 0.042244
0 0.447656 0.609375 0.029089 0.036562
0 0.300781 0.608333 0.022128 0.030307
0 0.615625 0.619792 0.025193 0.038014
0 0.302344 0.623958 0.023521 0.026804
0 0.691406 0.65 0.024679 0.030191
0 0.511719 0.669792 0.030134 0.039147
0 0.447656 0.78125 0.022242 0.030281
0 0.285156 0.780208 0.018773 0.023107
0 0.352344 0.822917 0.022459 0.03193
0 0.574219 0.877083 0.025799 0.026387
0 0.163281 0.933333 0.024539 0.029349
0 0.006504 0.946875 0.013009 0.025593