0 0.042188 0.009793 0.020377 0.019586
0 0.170313 0.01078 0.018756 0.021559
0 0.241406 0.020833 0.02198 0.027324
0 0.164062 0.021875 0.016719 0.026046
0 0.650781 0.03125 0.018773 0.023107
0 0.783594 0.038542 0.021479 0.027243
0 0.360938 0.084375 0.021989 0.028877
0 0.85 0.091667 0.022776 0.032111
0 0.223438 0.096875 0.025998 0.03813
0 0.44375 0.091667 0.019792 0.025321
0 0.909375 0.108333 0.02317 0.029214
0 0.563281 0.1125 0.021946 0.026299
0 0.719531 0.132292 0.029509 0.042312
0 0.364063 0.13125 0.018756 0.022285
0 0.908594 0.140625 0.021819 0.028356
0 0.91875 0.139583 0.020046 0.026244
0 0.958594 0.14375 0.020328 0.024087
0 0.395313 0.151042 0.020676 0.026744
0 0.43125 0.158333 0.018331 0.025253
0 0.1 0.175 0.018773 0.023107
0 0.321094 0.188542 0.021701 0.028014
0 0.957031 0.188542 0.017759 0.024215
0 0.384375 0.194792 0.021894 0.026105
0 0.302344 0.204167 0.023847 0.0333
0 0.6 0.203125 0.024039 0.030661
0 0.201563 0.239583 0.025712 0.035203
0 0.009814 0.247917 0.019627 0.026726
0 0.260156 0.255208 0.039142 0.037134
0 0.897656 0.251042 0.021542 0.027554
0 0.749219 0.260417 0.021701 0.028014
0 0.275 0.26875 0.023026 0.028919
0 0.582031 0.271875 0.020328 0.024087
0 0.958594 0.275 0.02168 0.028193
0 0.813281 0.280208 0.022815 0.027608
0 0.089063 0.294792 0.02198 0.027324
0 0.984375 0.298958 0.020566 0.026042
0 0.296875 0.329167 0.034214 0.048153
0 0.584375 0.322917 0.0201 0.026364
0 0.48125 0.336458 0.027235 0.034462
0 0.285156 0.345833 0.021902 0.027122
0 0.409375 0.355208 0.01733 0.02503
0 0.180469 0.376042 0.02688 0.033904
0 0.527344 0.370833 0.020314 0.022296
0 0.38125 0.38125 0.021946 0.026299
0 0.325 0.3875 0.018331 0.025253
0 0.536719 0.39375 0.020479 0.026286
0 0.239844 0.410417 0.021997 0.034434
0 0.328125 0.411458 0.020566 0.026042
0 0.876563 0.411458 0.019909 0.025929
0 0.085938 0.428125 0.026123 0.035908
0 0.985938 0.423958 0.022707 0.026328
0 0.030469 0.428125 0.024436 0.029089
0 0.586719 0.447917 0.021339 0.026862
0 0.671875 0.460417 0.024039 0.030661
0 0.575781 0.461458 0.022128 0.030307
0 0.385937 0.464583 0.018124 0.023544
0 0.144531 0.4875 0.022815 0.027608
0 0.873437 0.505208 0.020058 0.027568
0 0.2 0.522917 0.039244 0.048707
0 0.115625 0.519792 0.02032 0.023137
0 0.900781 0.551042 0.018827 0.023629
0 0.392188 0.5625 0.022937 0.028155
0 0.728125 0.565625 0.019792 0.025321
0 0.596094 0.579167 0.021846 0.0286
0 0.978125 0.589583 0.022815 0.027608
0 0.795312 0.613542 0.026061 0.032032
0 0.769531 0.617708 0.021264 0.026134
0 0.867188 0.627083 0.023293 0.029834
0 0.492188 0.636458 0.021946 0.026299
0 0.860938 0.646875 0.020566 0.026042
0 0.642188 0.655208 0.024039 0.030661
0 0.147656 0.689583 0.023493 0.032412
0 0.282813 0.698958 0.026585 0.035972
0 0.341406 0.703125 0.024975 0.031796
0 0.755469 0.715625 0.018939 0.024442
0 0.53125 0.728125 0.02124 0.030344
0 0.617969 0.758333 0.025424 0.031337
0 0.511719 0.765625 0.021161 0.025349
0 0.84375 0.782292 0.023103 0.02886
0 0.603906 0.802083 0.030581 0.036614
0 0.63125 0.802083 0.020432 0.028638
0 0.748437 0.811458 0.03296 0.037876
0 0.821875 0.809375 0.019574 0.023676
0 0.464844 0.81875 0.027465 0.03254
0 0.942187 0.822917 0.01733 0.02503
0 0.990373 0.857292 0.019254 0.028677
0 0.739062 0.863542 0.021726 0.031709
0 0.728125 0.870833 0.018124 0.023544
0 0.267188 0.890625 0.027876 0.04071
0 0.721875 0.896875 0.029774 0.033718
0 0.619531 0.921875 0.032016 0.040092
0 0.298438 0.939583 0.028581 0.047083
0 0.34375 0.932292 0.021924 0.029232
0 0.503125 0.938542 0.028482 0.03568
0 0.829688 0.954167 0.021405 0.027443
0 0.423438 0.958333 0.017438 0.024063
0 0.578125 0.96875 0.023878 0.029636
0 0.842187 0.987701 0.018999 0.024599