0 0.704688 0.008937 0.01971 0.017875
0 0.234375 0.012323 0.025905 0.024646
0 0.819531 0.027083 0.024584 0.031012
0 0.035156 0.03125 0.02087 0.028194
0 0.008209 0.115625 0.016418 0.023107
0 0.978125 0.19375 0.023476 0.030208
0 0.342969 0.303125 0.022227 0.031837
0 0.564844 0.310417 0.019531 0.026042
0 0.939063 0.319792 0.022227 0.031837
0 0.557031 0.320833 0.025973 0.029458
0 0.900781 0.325 0.021999 0.028864
0 0.925 0.380208 0.02095 0.027383
0 0.313281 0.389583 0.026148 0.038405
0 0.249219 0.40625 0.02217 0.02922
0 0.660156 0.41875 0.021339 0.026862
0 0.016406 0.423958 0.024951 0.034554
0 0.314844 0.422917 0.021727 0.028969
0 0.702344 0.466667 0.019531 0.026042
0 0.78125 0.4875 0.022828 0.027821
0 0.984375 0.496875 0.021258 0.033506
0 0.564063 0.514583 0.023293 0.029834
0 0.236719 0.527083 0.025905 0.033963
0 0.588281 0.529167 0.019178 0.025168
0 0.625781 0.530208 0.02168 0.028193
0 0.224219 0.55 0.021701 0.028014
0 0.307031 0.563542 0.018773 0.023107
0 0.117969 0.582292 0.027854 0.040734
0 0.807031 0.605208 0.026297 0.034785
0 0.533594 0.64375 0.028761 0.037014
0 0.346094 0.677083 0.021479 0.027243
0 0.599219 0.679167 0.024975 0.031796
0 0.725781 0.709375 0.021314 0.02663
0 0.692187 0.735417 0.023319 0.029672
0 0.044531 0.741667 0.021542 0.029952
0 0.441406 0.757292 0.020551 0.027917
0 0.884375 0.7625 0.023476 0.030208
0 0.166406 0.775 0.021339 0.026862
0 0.248438 0.789583 0.022883 0.028677
0 0.866406 0.794792 0.02198 0.027324
0 0.6 0.84375 0.026667 0.029051
0 0.546875 0.847917 0.023183 0.031878
0 0.127344 0.863542 0.021542 0.027554
0 0.463281 0.903125 0.025781 0.032981
0 0.15 0.938542 0.02203 0.026707
0 0.60625 0.946875 0.019909 0.025929
0 0.553125 0.975 0.027426 0.030596