0 0.792969 0.009608 0.021701 0.019215
0 0.377344 0.009423 0.018773 0.018845
0 0.25 0.010428 0.019733 0.020856
0 0.205469 0.010729 0.017658 0.021458
0 0.065625 0.011745 0.017438 0.02349
0 0.685937 0.014201 0.023127 0.028402
0 0.954688 0.016895 0.027349 0.03379
0 0.972656 0.023371 0.033649 0.046741
0 0.296094 0.017708 0.025611 0.031936
0 0.592969 0.015625 0.021618 0.02791
0 0.823438 0.015625 0.019543 0.023126
0 0.008266 0.01875 0.016533 0.026042
0 0.585156 0.017708 0.018048 0.02325
0 0.738281 0.019792 0.018756 0.022285
0 0.559375 0.022917 0.018876 0.02557
0 0.204687 0.034375 0.019574 0.023676
0 0.736719 0.0375 0.021796 0.030069
0 0.014844 0.048958 0.029394 0.046101
0 0.880469 0.040625 0.021618 0.02791
0 0.110156 0.042708 0.020945 0.028672
0 0.941406 0.041667 0.021618 0.02791
0 0.389062 0.058333 0.040772 0.038933
0 0.5875 0.055208 0.022047 0.026945
0 0.935937 0.05625 0.025799 0.026387
0 0.921094 0.060417 0.027522 0.031911
0 0.053906 0.064583 0.022937 0.028155
0 0.466406 0.063542 0.018773 0.023107
0 0.011916 0.06875 0.023831 0.030977
0 0.329688 0.086458 0.036762 0.052446
0 0.726562 0.072917 0.021894 0.026105
0 0.816406 0.075 0.020313 0.025
0 0.374219 0.077083 0.021172 0.028874
0 0.914844 0.073958 0.018756 0.022285
0 0.795312 0.077083 0.022937 0.028155
0 0.829688 0.097917 0.037078 0.058621
0 0.171875 0.084375 0.019868 0.025663
0 0.696875 0.085417 0.020416 0.025301
0 0.19375 0.089583 0.024598 0.033805
0 0.510938 0.0875 0.02095 0.027383
0 0.0875 0.086458 0.02032 0.023137
0 0.361719 0.086458 0.018773 0.023107
0 0.417187 0.0875 0.020231 0.026656
0 0.89375 0.0875 0.019768 0.025593
0 0.65625 0.088542 0.020479 0.026286
0 0.673438 0.088542 0.018939 0.024442
0 0.175781 0.090625 0.018561 0.025359
0 0.435937 0.091667 0.020416 0.025301
0 0.404687 0.095833 0.021314 0.02663
0 0.799219 0.095833 0.017759 0.024215
0 0.534375 0.098958 0.021479 0.027243
0 0.960156 0.101042 0.024447 0.033091
0 0.132031 0.101042 0.021788 0.030078
0 0.184375 0.102083 0.022393 0.030491
0 0.085938 0.109375 0.031272 0.039376
0 0.813281 0.107292 0.023654 0.029634
0 0.570312 0.108333 0.023248 0.030703
0 0.047656 0.127083 0.054768 0.074967
0 0.375 0.10625 0.018773 0.023107
0 0.020313 0.109375 0.022094 0.027539
0 0.038281 0.108333 0.021479 0.027243
0 0.900781 0.116667 0.02569 0.03355
0 0.725781 0.117708 0.018008 0.02309
0 0.565625 0.119792 0.019247 0.026491
0 0.782031 0.121875 0.018442 0.02717
0 0.225781 0.127083 0.022346 0.029794
0 0.639062 0.123958 0.018561 0.025359
0 0.463281 0.128125 0.020566 0.026042
0 0.119531 0.128125 0.01875 0.022917
0 0.659375 0.129167 0.018827 0.023629
0 0.109375 0.134375 0.023862 0.035072
0 0.940625 0.13125 0.020647 0.026788
0 0.530469 0.132292 0.0184 0.026183
0 0.385156 0.132292 0.019909 0.025929
0 0.278906 0.145833 0.020416 0.025301
0 0.028125 0.152083 0.021796 0.02989
0 0.332031 0.163542 0.039758 0.050585
0 0.464844 0.151042 0.019531 0.027421
0 0.904687 0.154167 0.018561 0.025359
0 0.295312 0.167708 0.029739 0.05003
0 0.759375 0.155208 0.019531 0.026042
0 0.246875 0.188542 0.052458 0.077192
0 0.863281 0.175 0.028941 0.047503
0 0.777344 0.165625 0.018773 0.023107
0 0.103906 0.184375 0.036163 0.058491
0 0.835156 0.178125 0.021479 0.027243
0 0.372656 0.179167 0.021259 0.028345
0 0.952344 0.186458 0.024586 0.035763
0 0.733594 0.186458 0.018939 0.024442
0 0.917188 0.1875 0.019627 0.024405
0 0.525781 0.188542 0.018442 0.024589
0 0.44375 0.192708 0.019627 0.024405
0 0.636719 0.192708 0.021314 0.02663
0 0.6125 0.19375 0.019627 0.024405
0 0.871094 0.192708 0.018161 0.023679
0 0.6875 0.194792 0.018939 0.024442
0 0.41875 0.198958 0.023768 0.032356
0 0.328906 0.198958 0.021542 0.027554
0 0.397656 0.197917 0.021314 0.02663
0 0.857812 0.202083 0.019909 0.025929
0 0.233594 0.204167 0.019542 0.02313
0 0.804688 0.210417 0.02095 0.027383
0 0.853125 0.211458 0.019429 0.026567
0 0.414844 0.213542 0.02101 0.028935
0 0.44375 0.213542 0.022729 0.02728
0 0.707031 0.21875 0.018773 0.023107
0 0.255469 0.226042 0.018784 0.026311
0 0.414844 0.228125 0.020422 0.025409
0 0.66875 0.23125 0.019531 0.027421
0 0.385156 0.242708 0.043411 0.048689
0 0.457031 0.23125 0.019627 0.024405
0 0.355469 0.232292 0.018769 0.023116
0 0.233594 0.24375 0.031882 0.042509
0 0.199219 0.2375 0.020938 0.027401
0 0.288281 0.2375 0.01902 0.024748
0 0.524219 0.240625 0.022558 0.029051
0 0.344531 0.242708 0.019627 0.024405
0 0.829688 0.254167 0.036385 0.039811
0 0.544531 0.252083 0.019543 0.023126
0 0.197656 0.279167 0.080961 0.085045
0 0.295312 0.255208 0.021362 0.02664
0 0.694531 0.25625 0.019531 0.026042
0 0.810937 0.263542 0.019925 0.025905
0 0.490625 0.266667 0.017759 0.024215
0 0.198437 0.26875 0.019733 0.025046
0 0.279687 0.275 0.025701 0.039223
0 0.603906 0.271875 0.021339 0.026862
0 0.674219 0.273958 0.02048 0.031322
0 0.132812 0.277083 0.023653 0.035017
0 0.546875 0.276042 0.018827 0.023629
0 0.786719 0.279167 0.021999 0.028864
0 0.260156 0.282292 0.024309 0.031325
0 0.305469 0.283333 0.018354 0.025228
0 0.765625 0.286458 0.023908 0.03091
0 0.241406 0.284375 0.018008 0.02309
0 0.482812 0.286458 0.022729 0.02728
0 0.039062 0.298958 0.029296 0.049565
0 0.064062 0.295833 0.025695 0.039229
0 0.550781 0.288542 0.020058 0.027568
0 0.092188 0.3125 0.039526 0.057971
0 0.678906 0.296875 0.021314 0.02663
0 0.596875 0.298958 0.0211 0.027734
0 0.989791 0.303125 0.020417 0.035656
0 0.286719 0.298958 0.018773 0.023107
0 0.396094 0.3 0.018008 0.02309
0 0.401562 0.304167 0.021104 0.024098
0 0.328125 0.3125 0.03092 0.038255
0 0.117188 0.3125 0.026637 0.037182
0 0.753125 0.311458 0.024586 0.035763
0 0.292187 0.311458 0.019558 0.02407
0 0.609375 0.316667 0.016702 0.023976
0 0.042969 0.33125 0.031397 0.0464
0 0.264844 0.31875 0.018773 0.023107
0 0.425 0.319792 0.020328 0.024087
0 0.982812 0.325 0.027349 0.034246
0 0.195312 0.320833 0.020422 0.025409
0 0.163281 0.33125 0.031268 0.046414
0 0.436719 0.321875 0.019627 0.024405
0 0.533594 0.327083 0.018876 0.02557
0 0.207813 0.33125 0.026166 0.030931
0 0.542188 0.328125 0.019543 0.023126
0 0.923438 0.335417 0.024899 0.034055
0 0.358594 0.3375 0.026045 0.036005
0 0.282031 0.340625 0.032951 0.032535
0 0.523438 0.338542 0.018939 0.024442
0 0.075781 0.339583 0.018921 0.024472
0 0.107031 0.339583 0.017438 0.024063
0 0.428125 0.342708 0.018048 0.02325
0 0.646875 0.341667 0.018756 0.022285
0 0.438281 0.346875 0.020551 0.027917
0 0.085938 0.360417 0.035706 0.045948
0 0.370312 0.348958 0.020529 0.025786
0 0.38125 0.35625 0.017438 0.024063
0 0.476562 0.358333 0.017982 0.022269
0 0.372656 0.360417 0.019558 0.02407
0 0.620313 0.363542 0.018331 0.025253
0 0.100781 0.367708 0.022152 0.027355
0 0.202344 0.370833 0.023744 0.029296
0 0.230469 0.36875 0.020341 0.025073
0 0.39375 0.372917 0.018773 0.023107
0 0.579688 0.373958 0.019627 0.024405
0 0.408594 0.375 0.018442 0.024589
0 0.566406 0.379167 0.020566 0.027421
0 0.235156 0.389583 0.034599 0.040158
0 0.455469 0.385417 0.018876 0.02557
0 0.696875 0.3875 0.02087 0.028194
0 0.436719 0.388542 0.018939 0.024442
0 0.339844 0.409375 0.047885 0.057852
0 0.791406 0.396875 0.018773 0.023107
0 0.850781 0.397917 0.01902 0.024748
0 0.166406 0.4 0.018939 0.024442
0 0.478125 0.401042 0.019638 0.024534
0 0.528125 0.407292 0.021656 0.028229
0 0.208594 0.405208 0.018008 0.02309
0 0.926562 0.409375 0.019627 0.024405
0 0.195312 0.419792 0.034521 0.044587
0 0.566406 0.410417 0.01733 0.02503
0 0.578125 0.414583 0.018773 0.023107
0 0.632031 0.421875 0.027122 0.036884
0 0.082031 0.41875 0.025014 0.025441
0 0.480469 0.422917 0.022781 0.032106
0 0.810156 0.419792 0.021819 0.028356
0 0.215625 0.421875 0.020058 0.027568
0 0.435937 0.422917 0.01802 0.023067
0 0.1125 0.428125 0.02658 0.03231
0 0.172656 0.428125 0.024226 0.026124
0 0.54375 0.432292 0.02434 0.033657
0 0.361719 0.430208 0.02579 0.028178
0 0.596094 0.432292 0.02512 0.028147
0 0.275781 0.439583 0.03303 0.035627
0 0.421094 0.435417 0.018939 0.024442
0 0.029687 0.458333 0.048583 0.071021
0 0.644531 0.447917 0.030647 0.042666
0 0.498437 0.444792 0.028048 0.036041
0 0.351562 0.454167 0.046734 0.047193
0 0.661719 0.447917 0.022566 0.031762
0 0.867188 0.448958 0.021978 0.027245
0 0.55 0.454167 0.019574 0.023676
0 0.520312 0.458333 0.018787 0.026105
0 0.432812 0.463542 0.0201 0.026364
0 0.820312 0.461458 0.01971 0.025332
0 0.503906 0.479167 0.038114 0.062933
0 0.542969 0.463542 0.021161 0.025349
0 0.519531 0.466667 0.021198 0.026257
0 0.960938 0.476042 0.029767 0.043805
0 0.575781 0.470833 0.024322 0.027345
0 0.539062 0.486458 0.048065 0.05807
0 0.899219 0.470833 0.018442 0.024589
0 0.208594 0.472917 0.018921 0.024472
0 0.248438 0.472917 0.019909 0.025929
0 0.072656 0.477083 0.018561 0.025359
0 0.346094 0.494792 0.04486 0.056611
0 0.554688 0.477083 0.018939 0.024442
0 0.611719 0.482292 0.018773 0.023107
0 0.382031 0.483333 0.018827 0.023629
0 0.438281 0.483333 0.017301 0.024027
0 0.185938 0.486458 0.023097 0.028871
0 0.453906 0.494792 0.018939 0.024442
0 0.214062 0.498958 0.019574 0.023676
0 0.278906 0.523958 0.06977 0.08955
0 0.245312 0.50625 0.025726 0.035186
0 0.478125 0.502083 0.021122 0.026093
0 0.578125 0.508333 0.028469 0.033057
0 0.565625 0.507292 0.018331 0.025253
0 0.928906 0.521875 0.042807 0.051584
0 0.216406 0.509375 0.018939 0.024442
0 0.75 0.510417 0.019733 0.025046
0 0.197656 0.5125 0.019543 0.023126
0 0.415625 0.514583 0.018939 0.024442
0 0.169531 0.529167 0.043135 0.051346
0 0.360156 0.519792 0.022729 0.02728
0 0.352344 0.520833 0.023592 0.027504
0 0.639844 0.521875 0.018161 0.023679
0 0.417187 0.53125 0.024174 0.037799
0 0.876563 0.525 0.018773 0.023107
0 0.619531 0.528125 0.023796 0.029832
0 0.390625 0.534375 0.027883 0.036135
0 0.307812 0.529167 0.019531 0.026042
0 0.50625 0.529167 0.018756 0.022285
0 0.521875 0.54375 0.035318 0.052781
0 0.697656 0.542708 0.026571 0.034874
0 0.097656 0.545833 0.026734 0.03772
0 0.441406 0.540625 0.019531 0.026042
0 0.603125 0.540625 0.020328 0.024087
0 0.761719 0.542708 0.020697 0.026524
0 0.967187 0.541667 0.020046 0.026244
0 0.667969 0.548958 0.026944 0.034498
0 0.351562 0.546875 0.019627 0.024405
0 0.483594 0.547917 0.022111 0.027748
0 0.317969 0.564583 0.036728 0.051298
0 0.890625 0.55625 0.026388 0.035755
0 0.495312 0.552083 0.020416 0.025301
0 0.483594 0.55625 0.018065 0.027104
0 0.691406 0.55625 0.01733 0.02503
0 0.202344 0.558333 0.024341 0.028597
0 0.594531 0.563542 0.026419 0.036941
0 0.702344 0.557292 0.01882 0.024173
0 0.771094 0.557292 0.018773 0.023107
0 0.132812 0.564583 0.021816 0.032581
0 0.464062 0.566667 0.021539 0.037555
0 0.36875 0.567708 0.026188 0.034302
0 0.45 0.564583 0.019638 0.024534
0 0.925781 0.564583 0.020328 0.024087
0 0.4 0.570833 0.027099 0.03509
0 0.478906 0.565625 0.018827 0.023629
0 0.871094 0.566667 0.022143 0.027371
0 0.946875 0.56875 0.02198 0.027324
0 0.578125 0.571875 0.023514 0.031908
0 0.673438 0.567708 0.017438 0.024063
0 0.805469 0.567708 0.019178 0.025168
0 0.892188 0.569792 0.019178 0.025168
0 0.899219 0.569792 0.018939 0.024442
0 0.088281 0.575 0.021929 0.025115
0 0.146094 0.575 0.018008 0.02309
0 0.270313 0.584375 0.031644 0.039308
0 0.290625 0.5875 0.035755 0.0507
0 0.702344 0.576042 0.018161 0.023679
0 0.815625 0.577083 0.020627 0.027503
0 0.6125 0.578125 0.019638 0.024534
0 0.884375 0.578125 0.019925 0.025905
0 0.851562 0.58125 0.021978 0.027245
0 0.654687 0.58125 0.01802 0.023067
0 0.082031 0.5875 0.023503 0.033898
0 0.159375 0.5875 0.026416 0.034181
0 0.203125 0.591667 0.031221 0.039626
0 0.252344 0.586458 0.021198 0.026257
0 0.686719 0.5875 0.018939 0.024442
0 0.332031 0.588542 0.018939 0.024442
0 0.414062 0.589583 0.021105 0.028403
0 0.526563 0.588542 0.020566 0.026042
0 0.874219 0.592708 0.025695 0.034958
0 0.585938 0.589583 0.01875 0.022917
0 0.478906 0.592708 0.016719 0.026046
0 0.432812 0.605208 0.032017 0.04528
0 0.591406 0.594792 0.019681 0.02538
0 0.135937 0.595833 0.018756 0.022285
0 0.146094 0.601042 0.025343 0.032814
0 0.928906 0.596875 0.01882 0.024173
0 0.467187 0.601042 0.02046 0.030306
0 0.233594 0.6 0.021131 0.02449
0 0.457031 0.611458 0.025161 0.030661
0 0.410938 0.613542 0.018124 0.023544
0 0.185156 0.617708 0.018773 0.023107
0 0.139063 0.620833 0.0223 0.028345
0 0.335156 0.630208 0.032646 0.045667
0 0.605469 0.621875 0.022861 0.027439
0 0.669531 0.621875 0.01802 0.023067
0 0.513281 0.625 0.018801 0.024039
0 0.303906 0.634375 0.028924 0.035536
0 0.050781 0.63125 0.018876 0.02557
0 0.385156 0.630208 0.019543 0.023126
0 0.464844 0.630208 0.018827 0.023629
0 0.657813 0.63125 0.018999 0.02628
0 0.664844 0.633333 0.021727 0.028969
0 0.370312 0.651042 0.028286 0.053165
0 0.557813 0.638542 0.025095 0.028633
0 0.10625 0.64375 0.03137 0.037494
0 0.089063 0.641667 0.019893 0.027596
0 0.320312 0.640625 0.018939 0.024442
0 0.455469 0.641667 0.020341 0.025073
0 0.549219 0.64375 0.018876 0.02557
0 0.927344 0.642708 0.018756 0.022285
0 0.226562 0.654167 0.031001 0.042096
0 0.057813 0.647917 0.019638 0.024534
0 0.424219 0.65 0.031484 0.036212
0 0.442969 0.65625 0.018921 0.024472
0 0.829688 0.658333 0.019909 0.025929
0 0.241406 0.659375 0.018161 0.023679
0 0.010589 0.6625 0.021177 0.028455
0 0.876563 0.661458 0.017759 0.024215
0 0.965625 0.6625 0.017438 0.024063
0 0.663281 0.670833 0.026712 0.037158
0 0.766406 0.664583 0.018008 0.02309
0 0.967187 0.670833 0.018888 0.028239
0 0.132031 0.670833 0.018561 0.025359
0 0.25625 0.690625 0.047616 0.067128
0 0.894531 0.672917 0.018008 0.02309
0 0.729688 0.677083 0.018331 0.025253
0 0.845313 0.680208 0.027576 0.031558
0 0.317969 0.679167 0.021314 0.02663
0 0.767969 0.680208 0.018773 0.023107
0 0.394531 0.690625 0.019558 0.02407
0 0.471094 0.695833 0.025273 0.030852
0 0.532031 0.692708 0.018827 0.023629
0 0.386719 0.698958 0.021701 0.028014
0 0.586719 0.7 0.01902 0.024748
0 0.767969 0.7 0.01971 0.025332
0 0.838281 0.704167 0.022711 0.029656
0 0.295312 0.707292 0.027648 0.034893
0 0.070312 0.725 0.028891 0.066722
0 0.217188 0.713542 0.024698 0.032251
0 0.589844 0.713542 0.021479 0.027243
0 0.800781 0.716667 0.021999 0.028864
0 0.202344 0.722917 0.022883 0.028677
0 0.128125 0.721875 0.021901 0.024512
0 0.297656 0.730208 0.018048 0.02325
0 0.358594 0.730208 0.018008 0.02309
0 0.122656 0.75625 0.057358 0.067876
0 0.6625 0.735417 0.020537 0.027934
0 0.924219 0.735417 0.019925 0.025905
0 0.596875 0.739583 0.019119 0.025492
0 0.2 0.741667 0.022815 0.027608
0 0.23125 0.764583 0.081796 0.078644
0 0.566406 0.742708 0.017658 0.024165
0 0.658594 0.742708 0.018161 0.023679
0 0.771094 0.744792 0.018939 0.024442
0 0.078906 0.75 0.019925 0.025905
0 0.785156 0.763542 0.033631 0.047651
0 0.592969 0.753125 0.019574 0.023676
0 0.480469 0.758333 0.018331 0.025253
0 0.082031 0.760417 0.018773 0.023107
0 0.291406 0.761458 0.018008 0.02309
0 0.271094 0.763542 0.020566 0.026042
0 0.04375 0.764583 0.018773 0.023107
0 0.911719 0.769792 0.021239 0.025868
0 0.189062 0.769792 0.01902 0.024748
0 0.165625 0.777083 0.024508 0.031695
0 0.749219 0.778125 0.024564 0.030774
0 0.307812 0.795833 0.029565 0.053303
0 0.561719 0.784375 0.021459 0.027275
0 0.6 0.785417 0.017438 0.024063
0 0.158594 0.798958 0.023556 0.02766
0 0.95 0.802083 0.026709 0.037161
0 0.1125 0.8125 0.039708 0.054534
0 0.661719 0.798958 0.018008 0.02309
0 0.891406 0.805208 0.025423 0.033664
0 0.235937 0.805208 0.019627 0.024405
0 0.938281 0.805208 0.021479 0.027243
0 0.03125 0.805208 0.018939 0.024442
0 0.967969 0.814583 0.02475 0.031228
0 0.950781 0.815625 0.021479 0.027243
0 0.275781 0.81875 0.023319 0.029672
0 0.522656 0.821875 0.022464 0.028723
0 0.155469 0.822917 0.02143 0.027648
0 0.713281 0.821875 0.020441 0.025129
0 0.298438 0.842708 0.035221 0.067183
0 0.207031 0.825 0.019627 0.024405
0 0.400781 0.826042 0.020697 0.026524
0 0.253125 0.833333 0.023535 0.029328
0 0.033594 0.853125 0.046604 0.069432
0 0.2125 0.835417 0.018773 0.023107
0 0.610156 0.839583 0.017982 0.022269
0 0.221875 0.85 0.027894 0.039126
0 0.060156 0.846875 0.021894 0.026105
0 0.886719 0.85 0.021989 0.028877
0 0.964844 0.851042 0.020938 0.027401
0 0.242969 0.859375 0.019893 0.027596
0 0.635156 0.8625 0.019638 0.024534
0 0.771875 0.871875 0.020676 0.026744
0 0.321875 0.870833 0.018124 0.023544
0 0.748437 0.871875 0.018999 0.02628
0 0.286719 0.877083 0.028408 0.031772
0 0.979469 0.892708 0.041062 0.054702
0 0.142969 0.8875 0.020566 0.026042
0 0.610156 0.891667 0.021243 0.027194
0 0.271875 0.890625 0.018827 0.023629
0 0.322656 0.89375 0.018921 0.024472
0 0.497656 0.9 0.028906 0.037105
0 0.328125 0.895833 0.019792 0.025321
0 0.170313 0.895833 0.020328 0.024087
0 0.391406 0.9125 0.031717 0.054325
0 0.314844 0.9 0.017438 0.024063
0 0.334375 0.910417 0.024083 0.030368
0 0.015625 0.913542 0.029774 0.033718
0 0.295312 0.91875 0.029951 0.038596
0 0.055469 0.923958 0.0223 0.029733
0 0.8 0.922917 0.019733 0.025046
0 0.024219 0.925 0.020341 0.025073
0 0.170313 0.930208 0.021546 0.027548
0 0.013785 0.936458 0.02757 0.03652
0 0.330469 0.9375 0.02456 0.029745
0 0.850781 0.934375 0.018442 0.024589
0 0.907813 0.940625 0.019792 0.025321
0 0.228906 0.947917 0.035282 0.034651
0 0.589063 0.944792 0.020422 0.025409
0 0.25625 0.953125 0.026124 0.031426
0 0.157812 0.955208 0.030983 0.03584
0 0.214062 0.955208 0.028932 0.030374
0 0.242188 0.95625 0.019925 0.025905
0 0.655469 0.958333 0.021999 0.028864
0 0.311719 0.965625 0.02143 0.027648
0 0.779687 0.964583 0.019574 0.023676
0 0.05625 0.976042 0.035325 0.036463
0 0.121094 0.971875 0.019992 0.026974
0 0.024219 0.9818 0.027149 0.0364
0 0.254688 0.980208 0.020328 0.024087
0 0.432812 0.983333 0.02018 0.026907
0 0.344531 0.985417 0.020328 0.024087
0 0.210938 0.988106 0.020676 0.023789
0 0.063281 0.988498 0.018008 0.023003
0 0.867969 0.988885 0.018827 0.022231