0 0.977344 0.007673 0.018939 0.015346
0 0.596875 0.010649 0.019909 0.021298
0 0.140625 0.011735 0.021894 0.023469
0 0.675781 0.018619 0.03117 0.037237
0 0.510156 0.016667 0.019531 0.026042
0 0.717969 0.017708 0.018773 0.023107
0 0.026562 0.026042 0.024309 0.031325
0 0.649219 0.042708 0.035686 0.05171
0 0.967187 0.035417 0.022758 0.030751
0 0.980469 0.036458 0.021243 0.027194
0 0.407031 0.040625 0.021339 0.026862
0 0.946094 0.044792 0.018756 0.022285
0 0.9875 0.05 0.019792 0.025321
0 0.285156 0.055208 0.027468 0.034971
0 0.915625 0.051042 0.019909 0.025929
0 0.63125 0.057292 0.023103 0.02886
0 0.157031 0.070833 0.024837 0.032478
0 0.584375 0.069792 0.022828 0.027821
0 0.989413 0.072917 0.021174 0.033548
0 0.155469 0.082292 0.0223 0.028345
0 0.610938 0.085417 0.025727 0.032655
0 0.846094 0.082292 0.018773 0.023107
0 0.714063 0.085417 0.019627 0.024405
0 0.1875 0.088542 0.025273 0.030852
0 0.239844 0.089583 0.024291 0.029293
0 0.892969 0.089583 0.017759 0.024215
0 0.963281 0.1 0.021542 0.029952
0 0.138281 0.103125 0.021978 0.027245
0 0.200781 0.121875 0.042594 0.048282
0 0.129688 0.11875 0.029093 0.037526
0 0.169531 0.115625 0.024107 0.034015
0 0.410156 0.1125 0.021198 0.026257
0 0.114844 0.123958 0.028686 0.042546
0 0.885938 0.11875 0.019574 0.023676
0 0.335938 0.136458 0.026671 0.036497
0 0.715625 0.13125 0.018008 0.02309
0 0.636719 0.144792 0.025424 0.031337
0 0.627344 0.141667 0.019627 0.024405
0 0.609375 0.141667 0.018756 0.022285
0 0.075781 0.145833 0.021542 0.027554
0 0.597656 0.157292 0.025781 0.032981
0 0.1 0.155208 0.020416 0.025301
0 0.6875 0.192708 0.029506 0.037314
0 0.582812 0.19375 0.018773 0.023107
0 0.385937 0.198958 0.024982 0.033615
0 0.646094 0.201042 0.021198 0.026257
0 0.608594 0.202083 0.020422 0.025409
0 0.453906 0.20625 0.021314 0.02663
0 0.478906 0.210417 0.025838 0.032623
0 0.094531 0.214583 0.021264 0.026134
0 0.495312 0.215625 0.022729 0.02728
0 0.79375 0.217708 0.022911 0.031609
0 0.382031 0.227083 0.020328 0.024087
0 0.584375 0.230208 0.020676 0.026744
0 0.567187 0.236458 0.023346 0.035832
0 0.882812 0.244792 0.036568 0.050266
0 0.990956 0.234375 0.018088 0.027917
0 0.040625 0.247917 0.020697 0.026524
0 0.842187 0.246875 0.019792 0.025321
0 0.129688 0.252083 0.018773 0.023107
0 0.610156 0.257292 0.018773 0.023107
0 0.4 0.264583 0.018773 0.023107
0 0.238281 0.276042 0.026175 0.03679
0 0.554688 0.276042 0.027266 0.035711
0 0.833594 0.273958 0.018756 0.022285
0 0.157812 0.280208 0.021247 0.027272
0 0.758594 0.292708 0.041174 0.050617
0 0.534375 0.280208 0.020676 0.026744
0 0.886719 0.28125 0.018939 0.024442
0 0.914844 0.28125 0.017759 0.024215
0 0.448437 0.294792 0.019574 0.023676
0 0.639062 0.302083 0.019909 0.025929
0 0.044531 0.307292 0.026848 0.034118
0 0.545312 0.309375 0.018773 0.023107
0 0.433594 0.326042 0.026064 0.033611
0 0.660937 0.338542 0.025938 0.031646
0 0.754687 0.345833 0.029519 0.044785
0 0.614062 0.345833 0.018008 0.02309
0 0.297656 0.359375 0.030169 0.046506
0 0.035937 0.351042 0.021198 0.026257
0 0.584375 0.355208 0.019429 0.026567
0 0.980469 0.355208 0.019992 0.026974
0 0.836719 0.3625 0.022911 0.031609
0 0.927344 0.363542 0.021243 0.027194
0 0.375781 0.373958 0.018939 0.024442
0 0.165625 0.375 0.021161 0.025349
0 0.6 0.377083 0.019925 0.025905
0 0.384375 0.377083 0.018827 0.023629
0 0.915625 0.379167 0.019792 0.025321
0 0.966406 0.384375 0.025513 0.033411
0 0.927344 0.389583 0.018008 0.02309
0 0.635156 0.398958 0.027678 0.033246
0 0.705469 0.395833 0.021978 0.027245
0 0.7125 0.394792 0.019638 0.024534
0 0.879687 0.397917 0.01971 0.025332
0 0.60625 0.402083 0.0201 0.026364
0 0.6375 0.411458 0.022995 0.032052
0 0.609375 0.429167 0.027269 0.035262
0 0.716406 0.426042 0.022383 0.029621
0 0.401562 0.435417 0.029623 0.036902
0 0.972656 0.435417 0.021145 0.028907
0 0.239063 0.44375 0.020566 0.026042
0 0.507031 0.459375 0.021339 0.026862
0 0.645312 0.461458 0.020046 0.026244
0 0.16875 0.46875 0.026221 0.032529
0 0.579688 0.467708 0.019627 0.024405
0 0.925781 0.476042 0.021508 0.03051
0 0.176563 0.475 0.018999 0.02628
0 0.534375 0.480208 0.023583 0.030562
0 0.763281 0.485417 0.024943 0.034642
0 0.628906 0.49375 0.019119 0.025492
0 0.074219 0.497917 0.020801 0.028133
0 0.114844 0.498958 0.018773 0.023107
0 0.757031 0.50625 0.021819 0.028356
0 0.586719 0.513542 0.018008 0.02309
0 0.195312 0.516667 0.020938 0.027401
0 0.197656 0.530208 0.030697 0.03911
0 0.614062 0.536458 0.035897 0.044943
0 0.265625 0.535417 0.01971 0.025332
0 0.44375 0.547917 0.026823 0.032782
0 0.190625 0.544792 0.01802 0.023067
0 0.333594 0.545833 0.021819 0.028356
0 0.904687 0.553125 0.022937 0.028155
0 0.871875 0.560417 0.0201 0.026364
0 0.35625 0.571875 0.022937 0.028155
0 0.569531 0.580208 0.043907 0.045472
0 0.19375 0.571875 0.020416 0.025301
0 0.51875 0.578125 0.023583 0.030562
0 0.4375 0.58125 0.018773 0.023107
0 0.857812 0.588542 0.021131 0.02449
0 0.378906 0.605208 0.032185 0.040534
0 0.944531 0.613542 0.024188 0.03293
0 0.694531 0.632292 0.019574 0.023676
0 0.705469 0.633333 0.021479 0.027243
0 0.551562 0.640625 0.018442 0.024589
0 0.596875 0.641667 0.020676 0.026744
0 0.153125 0.641667 0.018773 0.023107
0 0.017969 0.652083 0.027444 0.031564
0 0.130469 0.682292 0.033228 0.049442
0 0.321875 0.672917 0.023319 0.029672
0 0.828125 0.671875 0.019925 0.025905
0 0.796094 0.673958 0.021339 0.026862
0 0.200781 0.678125 0.022047 0.026945
0 0.302344 0.689583 0.037786 0.051441
0 0.782813 0.686458 0.027177 0.033983
0 0.276562 0.682292 0.020422 0.025409
0 0.488281 0.692708 0.024238 0.039798
0 0.471094 0.692708 0.01882 0.024173
0 0.878906 0.715625 0.021819 0.028356
0 0.514844 0.722917 0.02292 0.033794
0 0.835156 0.719792 0.018442 0.024589
0 0.1875 0.732292 0.030402 0.038426
0 0.828125 0.726042 0.020537 0.027934
0 0.635938 0.746875 0.044661 0.050729
0 0.725 0.736458 0.019574 0.023676
0 0.453906 0.74375 0.024886 0.03407
0 0.211719 0.7625 0.027446 0.035786
0 0.970313 0.771875 0.023609 0.031982
0 0.649219 0.775 0.021727 0.028969
0 0.497656 0.784375 0.032166 0.040781
0 0.642188 0.783333 0.022849 0.032869
0 0.321094 0.791667 0.021362 0.02664
0 0.20625 0.796875 0.029009 0.033698
0 0.890625 0.794792 0.019531 0.027421
0 0.540625 0.798958 0.020479 0.026286
0 0.751563 0.798958 0.020627 0.027503
0 0.460156 0.803125 0.020566 0.026042
0 0.852344 0.808333 0.021161 0.025349
0 0.334375 0.810417 0.03047 0.026138
0 0.944531 0.809375 0.01882 0.024173
0 0.84375 0.810417 0.018773 0.023107
0 0.094531 0.817708 0.020454 0.02833
0 0.124219 0.825 0.029798 0.036174
0 0.325 0.828125 0.033628 0.038935
0 0.497656 0.84375 0.041174 0.050029
0 0.372656 0.847917 0.030983 0.03584
0 0.378125 0.861458 0.020134 0.027719
0 0.957812 0.8625 0.018921 0.024472
0 0.735938 0.864583 0.019792 0.025321
0 0.083594 0.86875 0.021819 0.028356
0 0.639062 0.880208 0.030001 0.037085
0 0.239844 0.876042 0.020328 0.024087
0 0.308594 0.890625 0.030919 0.045457
0 0.71875 0.88125 0.02095 0.027383
0 0.691406 0.88125 0.01902 0.024748
0 0.457813 0.888542 0.019925 0.025905
0 0.259375 0.898958 0.029931 0.036689
0 0.497656 0.892708 0.018773 0.023107
0 0.804688 0.894792 0.020046 0.026244
0 0.614062 0.902083 0.019574 0.023676
0 0.232813 0.904167 0.020697 0.026524
0 0.238281 0.903125 0.019638 0.024534
0 0.551562 0.932292 0.0201 0.026364
0 0.342969 0.9375 0.029026 0.034683
0 0.426563 0.941667 0.024981 0.037873
0 0.514062 0.934375 0.019909 0.025929
0 0.15 0.938542 0.019574 0.023676
0 0.384375 0.954167 0.03956 0.050285
0 0.560156 0.95 0.027609 0.04078
0 0.861719 0.942708 0.018008 0.02309
0 0.170313 0.961458 0.029697 0.025996
0 0.765625 0.965625 0.027142 0.034874
0 0.463281 0.964583 0.021314 0.02663
0 0.408594 0.966667 0.018939 0.024442
0 0.734375 0.967708 0.01882 0.024173
0 0.044531 0.980467 0.033605 0.039067
0 0.261719 0.982292 0.025273 0.030852
0 0.764844 0.986233 0.021796 0.027534