0 0.826562 0.010486 0.022731 0.020972
0 0.859375 0.042708 0.022766 0.03074
0 0.910937 0.070833 0.025796 0.030239
0 0.289844 0.086458 0.025718 0.036075
0 0.600781 0.1 0.018773 0.023107
0 0.984375 0.102083 0.018773 0.023107
0 0.350781 0.136458 0.021314 0.02663
0 0.097656 0.195833 0.021796 0.02989
0 0.945312 0.233333 0.018756 0.022285
0 0.00899 0.25625 0.017981 0.030231
0 0.360938 0.38125 0.022861 0.027439
0 0.014063 0.408333 0.021524 0.031658
0 0.664062 0.408333 0.01902 0.024748
0 0.761719 0.463542 0.020328 0.024087
0 0.625781 0.495833 0.021819 0.028356
0 0.726562 0.50625 0.022937 0.028155
0 0.26875 0.561458 0.019792 0.025321
0 0.274219 0.561458 0.018161 0.023679
0 0.00754 0.609375 0.015079 0.029794
0 0.690625 0.614583 0.024652 0.030465
0 0.282031 0.676042 0.028472 0.03641
0 0.404687 0.677083 0.019925 0.025905
0 0.514844 0.68125 0.02475 0.031228
0 0.969531 0.696875 0.022828 0.030437
0 0.565625 0.708333 0.019534 0.022292
0 0.40625 0.742708 0.019574 0.023676
0 0.513281 0.760417 0.023319 0.029672
0 0.592187 0.819792 0.023607 0.028741
0 0.823438 0.855208 0.0197 0.025227
0 0.908594 0.911458 0.018773 0.023107
0 0.919531 0.96875 0.024416 0.036121