0 0.213281 0.015002 0.027799 0.030005
0 0.65625 0.01875 0.02545 0.035034
0 0.292969 0.026042 0.023771 0.032677
0 0.432812 0.029167 0.030304 0.037003
0 0.0875 0.026042 0.022656 0.031302
0 0.535156 0.036458 0.025002 0.031555
0 0.1875 0.039583 0.027478 0.034165
0 0.251563 0.035417 0.018442 0.024589
0 0.428906 0.05 0.021339 0.026862
0 0.939063 0.052083 0.019925 0.025905
0 0.105469 0.063542 0.021479 0.027243
0 0.786719 0.072917 0.021819 0.028356
0 0.189062 0.082292 0.028222 0.030151
0 0.985938 0.116667 0.023654 0.029634
0 0.533594 0.11875 0.02168 0.028193
0 0.124219 0.135417 0.027558 0.032833
0 0.100781 0.166667 0.032576 0.045946
0 0.973437 0.16875 0.023127 0.02972
0 0.061719 0.259375 0.027027 0.036869
0 0.805469 0.259375 0.025636 0.035222
0 0.969531 0.257292 0.021796 0.030069
0 0.303906 0.263542 0.024586 0.037932
0 0.753125 0.259375 0.025957 0.03004
0 0.041406 0.278125 0.024652 0.030465
0 0.598437 0.283333 0.020479 0.026286
0 0.853125 0.288542 0.023557 0.030821
0 0.20625 0.290625 0.023476 0.030208
0 0.482031 0.294792 0.023952 0.034149
0 0.4 0.3 0.023476 0.030208
0 0.566406 0.304167 0.021479 0.027243
0 0.572656 0.304167 0.018876 0.02557
0 0.203906 0.319792 0.018756 0.022285
0 0.559375 0.326042 0.01971 0.025332
0 0.192969 0.334375 0.025611 0.031936
0 0.923438 0.378125 0.022731 0.029504
0 0.18125 0.392708 0.022815 0.027608
0 0.533594 0.394792 0.021198 0.026257
0 0.151562 0.413542 0.026 0.030914
0 0.839844 0.414583 0.0197 0.025227
0 0.821094 0.45 0.018939 0.024442
0 0.930469 0.464583 0.028525 0.036048
0 0.107813 0.465625 0.021198 0.026257
0 0.289844 0.467708 0.024384 0.02969
0 0.45 0.473958 0.019574 0.023676
0 0.369531 0.473958 0.018756 0.022285
0 0.458594 0.473958 0.018756 0.022285
0 0.602344 0.479167 0.021145 0.028907
0 0.199219 0.486458 0.022111 0.027748
0 0.652344 0.496875 0.033845 0.03747
0 0.3875 0.489583 0.018773 0.023107
0 0.963281 0.497917 0.024359 0.033115
0 0.396875 0.505208 0.029842 0.04472
0 0.188281 0.515625 0.026279 0.035676
0 0.892969 0.521875 0.027089 0.040004
0 0.319531 0.534375 0.022128 0.030307
0 0.288281 0.5375 0.025456 0.031641
0 0.588281 0.539583 0.01882 0.024173
0 0.415625 0.582292 0.026048 0.031808
0 0.502344 0.588542 0.019638 0.024534
0 0.278906 0.610417 0.023461 0.030231
0 0.671094 0.615625 0.01882 0.024173
0 0.914062 0.636458 0.022995 0.032052
0 0.611719 0.636458 0.019773 0.0268
0 0.492188 0.645833 0.018756 0.022285
0 0.34375 0.654167 0.020697 0.026524
0 0.666406 0.6625 0.021239 0.025868
0 0.98125 0.666667 0.023654 0.030791
0 0.164062 0.68125 0.026608 0.030345
0 0.478125 0.68125 0.023557 0.030821
0 0.908594 0.689583 0.024899 0.034055
0 0.823438 0.713542 0.02771 0.031989
0 0.715625 0.720833 0.020432 0.028638
0 0.8625 0.728125 0.022689 0.025403
0 0.289844 0.73125 0.02749 0.031005
0 0.172656 0.7375 0.021239 0.025868
0 0.765625 0.742708 0.019925 0.025905
0 0.4 0.745833 0.025826 0.029329
0 0.714844 0.761458 0.023758 0.031125
0 0.767969 0.7625 0.021796 0.030069
0 0.267188 0.771875 0.025856 0.028595
0 0.659375 0.778125 0.023127 0.02972
0 0.429688 0.795833 0.028247 0.037369
0 0.63125 0.796875 0.027967 0.039304
0 0.167187 0.797917 0.025938 0.031646
0 0.403906 0.798958 0.022776 0.032111
0 0.882031 0.797917 0.021145 0.028907
0 0.175 0.866667 0.026041 0.030394
0 0.628125 0.873958 0.023778 0.030992
0 0.492969 0.876042 0.019593 0.02836
0 0.850781 0.891667 0.021243 0.027194
0 0.776563 0.936458 0.025243 0.032454
0 0.432812 0.935417 0.018773 0.023107
0 0.371094 0.96875 0.018561 0.025359
0 0.389844 0.976042 0.025243 0.032454
0 0.723437 0.971875 0.019574 0.023676
0 0.019531 0.975 0.021314 0.02663
0 0.411719 0.982292 0.027753 0.034375