0 0.900781 0.009415 0.021479 0.01883
0 0.419531 0.017708 0.024471 0.031548
0 0.469531 0.020833 0.021701 0.028014
0 0.64375 0.075 0.019925 0.025905
0 0.010937 0.079167 0.020537 0.027934
0 0.767188 0.0875 0.029783 0.03634
0 0.184375 0.088542 0.026376 0.032785
0 0.1125 0.097917 0.031588 0.036648
0 0.710938 0.102083 0.020046 0.026244
0 0.386719 0.1125 0.022047 0.026945
0 0.644531 0.114583 0.018939 0.024442
0 0.5625 0.138542 0.023821 0.030088
0 0.396094 0.157292 0.021339 0.026862
0 0.025781 0.161458 0.021339 0.026862
0 0.778906 0.183333 0.025722 0.039898
0 0.16875 0.19375 0.020697 0.026524
0 0.220312 0.19375 0.020697 0.026524
0 0.454688 0.20625 0.023026 0.028919
0 0.453125 0.223958 0.017317 0.024011
0 0.528906 0.278125 0.021339 0.026862
0 0.817187 0.309375 0.020288 0.027694
0 0.700781 0.322917 0.021618 0.02791
0 0.732812 0.353125 0.024211 0.032811
0 0.703906 0.367708 0.021804 0.02852
0 0.370312 0.366667 0.018161 0.023679
0 0.914844 0.379167 0.026175 0.03679
0 0.601562 0.427083 0.019909 0.025929
0 0.398438 0.464583 0.018756 0.022285
0 0.214844 0.480208 0.019574 0.023676
0 0.936719 0.480208 0.018561 0.025359
0 0.771094 0.51875 0.030147 0.037548
0 0.853906 0.523958 0.024436 0.029089
0 0.835938 0.530208 0.026101 0.032719
0 0.608594 0.567708 0.021161 0.025349
0 0.823438 0.569792 0.020938 0.027401
0 0.752344 0.607292 0.031171 0.037664
0 0.682031 0.611458 0.030086 0.038025
0 0.892188 0.639583 0.031433 0.037808
0 0.555469 0.642708 0.019531 0.026042
0 0.56875 0.647917 0.020801 0.028133
0 0.8375 0.651042 0.019543 0.023126
0 0.910937 0.70625 0.026848 0.034118
0 0.282813 0.740625 0.020676 0.026744
0 0.580469 0.74375 0.018827 0.023629
0 0.035156 0.75 0.019574 0.023676
0 0.719531 0.759375 0.01902 0.024748
0 0.244531 0.780208 0.02537 0.032683
0 0.366406 0.782292 0.021362 0.02664
0 0.872656 0.803125 0.026479 0.036699
0 0.429688 0.805208 0.026901 0.032323
0 0.071094 0.817708 0.026779 0.031865
0 0.467969 0.823958 0.021796 0.030069
0 0.592187 0.846875 0.019178 0.025168
0 0.580469 0.854167 0.020932 0.028824
0 0.616406 0.871875 0.018939 0.024442
0 0.389844 0.894792 0.02095 0.027383
0 0.285938 0.90625 0.029846 0.043263
0 0.385156 0.926042 0.030501 0.033438
0 0.49375 0.955208 0.025129 0.029733
0 0.805469 0.982292 0.018773 0.023107