0 0.5375 0.009635 0.020566 0.019271
0 0.722656 0.122917 0.019178 0.025168
0 0.172656 0.194792 0.024425 0.030612
0 0.689844 0.190625 0.018876 0.02557
0 0.023438 0.192708 0.020566 0.026042
0 0.345313 0.205208 0.018827 0.023629
0 0.815625 0.2375 0.018029 0.025068
0 0.715625 0.301042 0.020676 0.026744
0 0.323437 0.323958 0.021259 0.028345
0 0.336719 0.360417 0.021999 0.028864
0 0.485938 0.389583 0.019925 0.025905
0 0.724219 0.391667 0.02168 0.028193
0 0.326562 0.435417 0.018756 0.022285
0 0.544531 0.440625 0.024926 0.034184
0 0.1125 0.465625 0.022883 0.028677
0 0.51875 0.4625 0.018756 0.022285
0 0.460156 0.479167 0.025042 0.032134
0 0.802344 0.489583 0.018331 0.025253
0 0.414062 0.54375 0.025472 0.034539
0 0.852344 0.54375 0.020441 0.025129
0 0.328125 0.564583 0.022937 0.028155
0 0.651563 0.579167 0.018773 0.023107
0 0.516406 0.657292 0.021314 0.02663
0 0.479687 0.689583 0.021978 0.027245
0 0.292969 0.70625 0.018939 0.024442
0 0.704688 0.767708 0.019733 0.025046
0 0.050781 0.8125 0.021999 0.028864
0 0.764844 0.878125 0.018161 0.023679
0 0.394531 0.904167 0.025058 0.037572