0 0.510938 0.136458 0.024188 0.03293
0 0.988019 0.155208 0.023962 0.031808
0 0.367969 0.155208 0.020697 0.026524
0 0.234375 0.163542 0.021112 0.025088
0 0.414844 0.190625 0.018442 0.024589
0 0.841406 0.235417 0.018939 0.024442
0 0.178906 0.267708 0.018846 0.025128
0 0.015625 0.282292 0.02118 0.025185
0 0.721094 0.297917 0.021479 0.027243
0 0.28125 0.3125 0.02143 0.027648
0 0.678906 0.323958 0.022828 0.027821
0 0.647656 0.330208 0.019733 0.025046
0 0.142969 0.357292 0.021542 0.027554
0 0.132031 0.357292 0.019792 0.025321
0 0.180469 0.36875 0.019531 0.026042
0 0.549219 0.386458 0.019531 0.026042
0 0.694531 0.416667 0.018561 0.025359
0 0.026562 0.419792 0.021264 0.026134
0 0.533594 0.43125 0.016714 0.025008
0 0.973437 0.467708 0.023432 0.030501
0 0.663281 0.488542 0.021362 0.02664
0 0.680469 0.50625 0.020676 0.026744
0 0.647656 0.520833 0.018939 0.024442
0 0.457813 0.553125 0.025851 0.031388
0 0.25 0.553125 0.022731 0.029504
0 0.642969 0.577083 0.025032 0.034809
0 0.278906 0.583333 0.022883 0.028677
0 0.839063 0.589583 0.02466 0.031871
0 0.444531 0.610417 0.021239 0.025868
0 0.789844 0.628125 0.02095 0.027383
0 0.586719 0.655208 0.023654 0.029634
0 0.658594 0.657292 0.021479 0.027243
0 0.104688 0.690625 0.022828 0.027821
0 0.882031 0.696875 0.02545 0.035034
0 0.34375 0.702083 0.019909 0.025929
0 0.379688 0.729167 0.018827 0.023629
0 0.758594 0.738542 0.023026 0.028919
0 0.082812 0.75625 0.02217 0.02922
0 0.229687 0.761458 0.022558 0.029051
0 0.589063 0.767708 0.023778 0.030992
0 0.752344 0.785417 0.024319 0.034057
0 0.332813 0.794792 0.021314 0.02663
0 0.035937 0.8125 0.021894 0.026105
0 0.080469 0.833333 0.022828 0.027821
0 0.00825 0.863542 0.016501 0.024442
0 0.379688 0.865625 0.024309 0.031325
0 0.832812 0.875 0.021618 0.02791
0 0.211719 0.902083 0.021727 0.031708
0 0.357031 0.919792 0.027753 0.032981
0 0.024219 0.958333 0.021479 0.027243