0 0.803906 0.076042 0.021198 0.026257
0 0.563281 0.077083 0.021542 0.027554
0 0.409375 0.129167 0.021727 0.031708
0 0.316406 0.144792 0.019574 0.023676
0 0.440625 0.184375 0.023778 0.030992
0 0.674219 0.191667 0.021727 0.028969
0 0.328125 0.54375 0.021259 0.028345
0 0.6625 0.554167 0.022815 0.027608
0 0.036719 0.578125 0.022227 0.031837
0 0.414844 0.59375 0.024383 0.028296
0 0.073438 0.632292 0.023319 0.029672
0 0.424219 0.6375 0.020932 0.028824
0 0.414062 0.697917 0.023476 0.030208
0 0.730469 0.764583 0.022128 0.030307
0 0.246875 0.841667 0.025011 0.028174
0 0.880469 0.858333 0.029462 0.050503
0 0.305469 0.897917 0.018331 0.025253
0 0.664844 0.905208 0.020866 0.030437
0 0.094531 0.973958 0.024436 0.029089
0 0.490625 0.985417 0.018096 0.024127