0 0.144531 0.086458 0.018756 0.022285
0 0.278906 0.142708 0.025056 0.029313
0 0.136719 0.145833 0.022227 0.031837
0 0.875 0.182292 0.019627 0.024405
0 0.909375 0.245833 0.019627 0.024405
0 0.609375 0.25625 0.018756 0.022285
0 0.558594 0.265625 0.018008 0.02309
0 0.495312 0.308333 0.021902 0.027122
0 0.35625 0.397917 0.02389 0.029491
0 0.871094 0.395833 0.018773 0.023107
0 0.813281 0.438542 0.02186 0.033562
0 0.974219 0.453125 0.019627 0.024405
0 0.874219 0.491667 0.021211 0.031348
0 0.035937 0.525 0.032483 0.037349
0 0.902344 0.532292 0.021202 0.026349
0 0.489063 0.533333 0.019792 0.025321
0 0.419531 0.544792 0.019893 0.027596
0 0.452344 0.55625 0.026082 0.034329
0 0.585938 0.563542 0.020676 0.026744
0 0.980469 0.564583 0.020147 0.028452
0 0.714063 0.64375 0.023319 0.029672
0 0.955469 0.76875 0.025887 0.034069
0 0.694531 0.917708 0.021653 0.030795