0 0.611719 0.033333 0.021314 0.02663
0 0.721875 0.103125 0.020676 0.026744
0 0.428906 0.123958 0.020058 0.027568
0 0.239063 0.132292 0.025826 0.029329
0 0.58125 0.133333 0.019574 0.023676
0 0.407813 0.158333 0.026848 0.034118
0 0.171875 0.163542 0.019925 0.025905
0 0.423438 0.169792 0.029119 0.034989
0 0.585156 0.247917 0.025456 0.031641
0 0.038281 0.280208 0.022111 0.027748
0 0.057813 0.317708 0.022815 0.027608
0 0.621875 0.345833 0.022883 0.028677
0 0.364844 0.413542 0.031361 0.03394
0 0.596094 0.455208 0.021243 0.027194
0 0.422656 0.528125 0.02168 0.028193
0 0.271875 0.548958 0.019574 0.023676
0 0.985156 0.555208 0.022111 0.027748
0 0.33125 0.634375 0.020801 0.028133
0 0.616406 0.679167 0.021243 0.027194
0 0.783594 0.696875 0.023856 0.034731
0 0.123438 0.790625 0.020422 0.025409
0 0.054688 0.827083 0.022325 0.028159
0 0.778125 0.839583 0.026195 0.032242
0 0.142187 0.867708 0.020416 0.025301
0 0.091406 0.891667 0.02143 0.027648
0 0.078125 0.916667 0.020676 0.026744
0 0.928125 0.975 0.023786 0.032659