0 0.665625 0.011122 0.022828 0.022244
0 0.063281 0.021875 0.025853 0.032508
0 0.386719 0.027083 0.02466 0.031871
0 0.509375 0.0625 0.029287 0.033514
0 0.88125 0.0625 0.027142 0.034874
0 0.209375 0.06875 0.022937 0.028155
0 0.608594 0.08125 0.026779 0.031865
0 0.509375 0.085417 0.02648 0.033546
0 0.2 0.089583 0.027349 0.034246
0 0.54375 0.086458 0.020416 0.025301
0 0.501563 0.089583 0.018773 0.023107
0 0.935156 0.090625 0.018161 0.023679
0 0.908594 0.094792 0.022758 0.030751
0 0.182031 0.096875 0.020627 0.027503
0 0.821094 0.10625 0.021161 0.025349
0 0.564063 0.127083 0.018939 0.024442
0 0.719531 0.130208 0.01882 0.024173
0 0.183594 0.132292 0.021921 0.025381
0 0.667188 0.144792 0.01998 0.028483
0 0.695312 0.146875 0.023026 0.028919
0 0.290625 0.147917 0.022828 0.027821
0 0.219531 0.15625 0.023511 0.028281
0 0.778125 0.157292 0.018561 0.025359
0 0.503906 0.161458 0.019992 0.026974
0 0.153125 0.173958 0.027152 0.03818
0 0.416406 0.180208 0.020566 0.026042
0 0.4 0.185417 0.023597 0.02855
0 0.370312 0.194792 0.026273 0.033081
0 0.49375 0.191667 0.021302 0.02814
0 0.816406 0.195833 0.021999 0.028864
0 0.914062 0.196875 0.019925 0.025905
0 0.801562 0.204167 0.019339 0.027372
0 0.114844 0.213542 0.022995 0.03066
0 0.522656 0.219792 0.028773 0.036623
0 0.096875 0.239583 0.02203 0.026707
0 0.899219 0.240625 0.021542 0.027554
0 0.652344 0.247917 0.02597 0.036688
0 0.396875 0.248958 0.029435 0.036442
0 0.987945 0.245833 0.024111 0.031536
0 0.482031 0.247917 0.02143 0.027648
0 0.1625 0.279167 0.028176 0.03453
0 0.280469 0.282292 0.027192 0.03652
0 0.535156 0.2875 0.027149 0.037383
0 0.177344 0.289583 0.02032 0.023137
0 0.641406 0.294792 0.024291 0.029293
0 0.222656 0.303125 0.026681 0.038686
0 0.749219 0.301042 0.021362 0.02664
0 0.939844 0.31875 0.025657 0.034055
0 0.225781 0.31875 0.021239 0.025868
0 0.648438 0.326042 0.022613 0.03015
0 0.127344 0.340625 0.022625 0.029341
0 0.054688 0.345833 0.02203 0.026707
0 0.126562 0.382292 0.031071 0.037922
0 0.167187 0.38125 0.020416 0.025301
0 0.936719 0.386458 0.026996 0.038485
0 0.421094 0.383333 0.021243 0.027194
0 0.085938 0.396875 0.028226 0.032566
0 0.317969 0.398958 0.026273 0.033081
0 0.339062 0.419792 0.024584 0.031012
0 0.039844 0.432292 0.028606 0.036385
0 0.782813 0.434375 0.027611 0.031073
0 0.459375 0.444792 0.024162 0.031385
0 0.377344 0.445833 0.020697 0.026524
0 0.657031 0.446875 0.018773 0.023107
0 0.283594 0.453125 0.025611 0.031936
0 0.164844 0.45625 0.018939 0.024442
0 0.128906 0.460417 0.025826 0.029329
0 0.639844 0.478125 0.025183 0.032816
0 0.160156 0.495833 0.033112 0.036178
0 0.141406 0.489583 0.023597 0.02855
0 0.184375 0.49375 0.022094 0.027539
0 0.316406 0.494792 0.027448 0.028968
0 0.7625 0.497917 0.023127 0.02972
0 0.132031 0.511458 0.018756 0.022285
0 0.146094 0.528125 0.026715 0.032642
0 0.716406 0.523958 0.018161 0.023679
0 0.297656 0.530208 0.027522 0.031911
0 0.715625 0.53125 0.020676 0.026744
0 0.536719 0.536458 0.022254 0.02805
0 0.645312 0.535417 0.019531 0.027421
0 0.883594 0.541667 0.02287 0.028488
0 0.504687 0.54375 0.018331 0.025253
0 0.866406 0.548958 0.019531 0.026042
0 0.780469 0.5625 0.025552 0.033182
0 0.079687 0.5625 0.023758 0.031125
0 0.445312 0.560417 0.02095 0.027383
0 0.510156 0.573958 0.024742 0.035777
0 0.759375 0.575 0.026848 0.034118
0 0.30625 0.590625 0.020566 0.026042
0 0.483594 0.59375 0.024652 0.030465
0 0.059375 0.591667 0.018756 0.022285
0 0.988499 0.595833 0.023001 0.03355
0 0.267188 0.594792 0.019446 0.026546
0 0.490625 0.603125 0.017759 0.024215
0 0.325 0.616667 0.024578 0.029591
0 0.811719 0.619792 0.018161 0.023679
0 0.332813 0.634375 0.024039 0.030661
0 0.5375 0.639583 0.018773 0.023107
0 0.991986 0.642708 0.016028 0.029767
0 0.160156 0.646875 0.021989 0.028877
0 0.203906 0.647917 0.025084 0.031877
0 0.666406 0.644792 0.018756 0.022285
0 0.419531 0.657292 0.025243 0.032454
0 0.459375 0.658333 0.026689 0.03168
0 0.335938 0.655208 0.020371 0.024457
0 0.384375 0.659375 0.022937 0.028155
0 0.560156 0.688542 0.03022 0.038725
0 0.245312 0.686458 0.023232 0.0323
0 0.9375 0.690625 0.019792 0.025321
0 0.323437 0.692708 0.02032 0.023137
0 0.8375 0.702083 0.019925 0.025905
0 0.250781 0.709375 0.020566 0.026042
0 0.804688 0.723958 0.026779 0.031865
0 0.679688 0.722917 0.022937 0.028155
0 0.23125 0.726042 0.027349 0.034246
0 0.642969 0.728125 0.021362 0.02664
0 0.49375 0.738542 0.023476 0.030208
0 0.15625 0.747917 0.029336 0.039755
0 0.746094 0.748958 0.022418 0.029062
0 0.720313 0.773958 0.02525 0.032349
0 0.690625 0.779167 0.022883 0.028677
0 0.401562 0.790625 0.023232 0.0323
0 0.201563 0.814583 0.025837 0.030331
0 0.989062 0.828125 0.019683 0.026728
0 0.634375 0.828125 0.019909 0.025929
0 0.496094 0.855208 0.021618 0.02791
0 0.857812 0.875 0.026195 0.032242
0 0.819531 0.870833 0.01882 0.024173
0 0.266406 0.885417 0.030598 0.037716
0 0.641406 0.886458 0.025695 0.034958
0 0.896094 0.885417 0.01882 0.024173
0 0.571094 0.888542 0.021479 0.027243
0 0.603125 0.920833 0.030569 0.044497
0 0.642969 0.917708 0.018773 0.023107
0 0.122656 0.933333 0.024383 0.028296
0 0.251563 0.944792 0.027953 0.038013
0 0.465625 0.951042 0.026537 0.033111
0 0.790625 0.957292 0.019558 0.02407
0 0.73125 0.967708 0.028158 0.034718
0 0.644531 0.973958 0.027671 0.037476
0 0.175781 0.97841 0.031184 0.043181
0 0.325 0.975 0.022815 0.027608
0 0.771875 0.980208 0.019868 0.025663
0 0.160938 0.984866 0.023526 0.030267
0 0.541406 0.987979 0.019178 0.024043
0 0.777344 0.990278 0.018991 0.019444