0 0.089844 0.016667 0.022971 0.028458
0 0.832812 0.026042 0.023654 0.029634
0 0.292969 0.034375 0.021264 0.026134
0 0.867969 0.061458 0.018939 0.024442
0 0.025 0.076042 0.023556 0.02766
0 0.403906 0.079167 0.018939 0.024442
0 0.135156 0.117708 0.024291 0.029293
0 0.400781 0.14375 0.021243 0.027194
0 0.75625 0.165625 0.020072 0.030358
0 0.708594 0.176042 0.021161 0.025349
0 0.067187 0.202083 0.026195 0.032242
0 0.085156 0.220833 0.021819 0.028356
0 0.285156 0.26875 0.021239 0.025868
0 0.974219 0.289583 0.022094 0.027539
0 0.657031 0.386458 0.024452 0.02879
0 0.547656 0.417708 0.021161 0.025349
0 0.646094 0.505208 0.020566 0.026042
0 0.232813 0.528125 0.019884 0.027361
0 0.203125 0.561458 0.023744 0.028698
0 0.489844 0.582292 0.0223 0.033506
0 0.5875 0.653125 0.018939 0.024442
0 0.372656 0.733333 0.02101 0.028935
0 0.215625 0.736458 0.022768 0.026762
0 0.502344 0.823958 0.020231 0.026656
0 0.749219 0.85 0.022731 0.02736
0 0.879687 0.884375 0.022447 0.02875
0 0.965625 0.926042 0.019792 0.025321
0 0.726562 0.983195 0.026585 0.033611