0 0.546875 0.064583 0.023227 0.029506
0 0.402344 0.10625 0.021161 0.025349
0 0.547656 0.339583 0.021339 0.026862
0 0.548438 0.360417 0.019627 0.024405
0 0.196094 0.388542 0.019574 0.023676
0 0.59375 0.434375 0.019925 0.025905
0 0.857031 0.438542 0.021161 0.025349
0 0.928906 0.464583 0.021161 0.025349
0 0.378906 0.472917 0.028005 0.034371
0 0.478906 0.547917 0.021339 0.026862
0 0.620313 0.58125 0.019574 0.023676
0 0.376563 0.713542 0.019693 0.024852
0 0.433594 0.715625 0.018939 0.024442
0 0.445312 0.753125 0.020676 0.026744
0 0.410156 0.778125 0.021314 0.02663
0 0.366406 0.792708 0.022374 0.031728
0 0.342187 0.816667 0.026709 0.037161
0 0.040625 0.813542 0.019633 0.024542
0 0.713281 0.85 0.022731 0.02736
0 0.941406 0.932292 0.017982 0.022269
0 0.080469 0.989303 0.023447 0.021393