0 0.941406 0.008396 0.018331 0.016793
0 0.14375 0.017708 0.022729 0.02728
0 0.348438 0.030208 0.017759 0.024215
0 0.797656 0.038542 0.018442 0.024589
0 0.414062 0.057292 0.019178 0.025168
0 0.399219 0.088542 0.021339 0.026862
0 0.972656 0.10625 0.021819 0.028356
0 0.378906 0.129167 0.019429 0.026567
0 0.300781 0.154167 0.02203 0.026707
0 0.291406 0.154167 0.018008 0.02309
0 0.907031 0.157292 0.022731 0.02736
0 0.692969 0.198958 0.018827 0.023629
0 0.888281 0.229167 0.021972 0.025937
0 0.217188 0.252083 0.01971 0.025332
0 0.585938 0.265625 0.019558 0.02407
0 0.3625 0.279167 0.019627 0.024405
0 0.59375 0.278125 0.01882 0.024173
0 0.139063 0.302083 0.017835 0.025128
0 0.439844 0.333333 0.018124 0.023544
0 0.832031 0.36875 0.017348 0.026056
0 0.624219 0.4125 0.018008 0.02309
0 0.696875 0.433333 0.018773 0.023107
0 0.635156 0.565625 0.021339 0.026862
0 0.635156 0.598958 0.027886 0.036654
0 0.789062 0.604167 0.018367 0.028175
0 0.710156 0.641667 0.024436 0.029089
0 0.271094 0.640625 0.01902 0.024748
0 0.392188 0.646875 0.020416 0.025301
0 0.558594 0.647917 0.019992 0.026974
0 0.775 0.652083 0.019733 0.025046
0 0.797656 0.680208 0.018773 0.023107
0 0.309375 0.689583 0.036251 0.042458
0 0.630469 0.695833 0.018921 0.024472
0 0.372656 0.723958 0.037288 0.053312
0 0.7 0.742708 0.030593 0.038324
0 0.59375 0.738542 0.019558 0.02407
0 0.875 0.765625 0.019057 0.027229
0 0.940625 0.788542 0.022669 0.026114
0 0.944531 0.798958 0.024557 0.034226
0 0.930469 0.797917 0.021796 0.02989
0 0.830469 0.802083 0.018008 0.02309
0 0.466406 0.815625 0.027113 0.036896
0 0.766406 0.81875 0.018827 0.023629
0 0.477344 0.827083 0.017982 0.022269
0 0.455469 0.835417 0.019053 0.030252
0 0.767969 0.898958 0.032335 0.034712
0 0.735938 0.921875 0.018048 0.02325
0 0.592187 0.982962 0.025401 0.034077
0 0.896094 0.98125 0.022758 0.028319
0 0.902344 0.987468 0.017835 0.025064