0 0.020313 0.059375 0.022731 0.029504
0 0.597656 0.11875 0.018008 0.02309
0 0.597656 0.177083 0.028696 0.035787
0 0.354687 0.210417 0.018773 0.023107
0 0.023438 0.232292 0.026157 0.036188
0 0.38125 0.239583 0.022815 0.027608
0 0.342969 0.245833 0.027905 0.034571
0 0.714063 0.255208 0.019531 0.026042
0 0.405469 0.263542 0.026524 0.033859
0 0.115625 0.298958 0.021198 0.026257
0 0.104688 0.304167 0.018921 0.024472
0 0.66875 0.319792 0.019638 0.024534
0 0.192969 0.33125 0.025095 0.028633
0 0.014046 0.4125 0.028093 0.036902
0 0.040625 0.514583 0.029528 0.037575
0 0.26875 0.51875 0.026156 0.037248
0 0.582812 0.53125 0.023796 0.029832
0 0.597656 0.534375 0.027516 0.034627
0 0.36875 0.552083 0.01971 0.025332
0 0.439063 0.572917 0.029796 0.038479
0 0.297656 0.573958 0.021239 0.025868
0 0.165625 0.617708 0.018827 0.023629
0 0.06875 0.627083 0.027422 0.038785
0 0.101562 0.629167 0.030785 0.034151
0 0.58125 0.633333 0.020676 0.026744
0 0.480469 0.638542 0.022047 0.026945
0 0.090625 0.645833 0.018756 0.022285
0 0.5 0.664583 0.026195 0.032242
0 0.801562 0.665625 0.023592 0.030549
0 0.589063 0.688542 0.029956 0.037903
0 0.271094 0.694792 0.032648 0.042813
0 0.727344 0.709375 0.033359 0.040536
0 0.257812 0.735417 0.030329 0.039721
0 0.053125 0.782292 0.025837 0.030331
0 0.3 0.803125 0.019792 0.025321
0 0.055469 0.839583 0.025273 0.030852
0 0.017188 0.846875 0.0299 0.037009
0 0.167187 0.846875 0.026124 0.031426
0 0.146875 0.872917 0.024225 0.030977
0 0.180469 0.965625 0.018008 0.02309