0 0.552344 0.015138 0.024162 0.030276
0 0.533594 0.083333 0.032102 0.040158
0 0.7125 0.08125 0.018561 0.025359
0 0.7875 0.109375 0.023244 0.031704
0 0.927344 0.130208 0.027216 0.039051
0 0.383594 0.1375 0.027491 0.033647
0 0.688281 0.136458 0.018773 0.023107
0 0.401562 0.155208 0.026966 0.033171
0 0.524219 0.161458 0.031734 0.041715
0 0.735156 0.169792 0.028911 0.040647
0 0.504687 0.170833 0.020416 0.025301
0 0.384375 0.198958 0.032426 0.041627
0 0.84375 0.220833 0.023476 0.030208
0 0.732812 0.225 0.019531 0.027421
0 0.616406 0.235417 0.027905 0.034571
0 0.884375 0.241667 0.021119 0.029767
0 0.596094 0.253125 0.022776 0.032111
0 0.45 0.273958 0.027842 0.038184
0 0.60625 0.298958 0.032426 0.041627
0 0.789062 0.313542 0.02688 0.041311
0 0.322656 0.328125 0.033774 0.052245
0 0.496094 0.3375 0.025343 0.032814
0 0.842187 0.34375 0.024976 0.033622
0 0.011896 0.369792 0.023792 0.032024
0 0.321094 0.3875 0.019574 0.023676
0 0.733594 0.405208 0.018008 0.02309
0 0.349219 0.416667 0.029537 0.036103
0 0.142187 0.435417 0.029796 0.038479
0 0.864844 0.448958 0.025899 0.036038
0 0.378125 0.454167 0.023166 0.033837
0 0.945312 0.465625 0.026593 0.033416
0 0.259375 0.471875 0.027382 0.037122
0 0.066406 0.478125 0.030696 0.039199
0 0.664062 0.491667 0.022937 0.028155
0 0.439063 0.508333 0.025887 0.034069
0 0.892969 0.528125 0.024359 0.033115
0 0.982031 0.589583 0.026313 0.038008
0 0.235937 0.6125 0.019925 0.025905
0 0.363281 0.622917 0.021701 0.028014
0 0.353125 0.653125 0.029156 0.039985
0 0.683594 0.65 0.02545 0.035034
0 0.75625 0.659375 0.019638 0.024534
0 0.43125 0.670833 0.029289 0.036288
0 0.838281 0.682292 0.031311 0.030978
0 0.382031 0.692708 0.020661 0.028728
0 0.583594 0.733333 0.030249 0.041022
0 0.295312 0.784375 0.021243 0.027194
0 0.880469 0.798958 0.027402 0.039663
0 0.31875 0.810417 0.02648 0.033546
0 0.867188 0.810417 0.018561 0.025359
0 0.98125 0.907292 0.02018 0.026907
0 0.710156 0.94375 0.02143 0.027648
0 0.465625 0.979167 0.020134 0.027719
0 0.220312 0.985417 0.020932 0.028824