0 0.385156 0.070833 0.023491 0.027306
0 0.511719 0.086458 0.02003 0.029373
0 0.789062 0.098958 0.023026 0.028919
0 0.58125 0.115625 0.02306 0.029195
0 0.592187 0.165625 0.019792 0.025321
0 0.253125 0.2125 0.022815 0.027608
0 0.2625 0.221875 0.02095 0.027383
0 0.561719 0.235417 0.027872 0.033345
0 0.339844 0.328125 0.021618 0.02791
0 0.063281 0.351042 0.021819 0.028356
0 0.835156 0.358333 0.022128 0.030307
0 0.936719 0.3875 0.02203 0.026707
0 0.2625 0.458333 0.022937 0.028155
0 0.865625 0.458333 0.023028 0.030998
0 0.386719 0.486458 0.025354 0.032797
0 0.91875 0.498958 0.026524 0.033859
0 0.530469 0.511458 0.025042 0.032134
0 0.006658 0.526042 0.013316 0.024173
0 0.753906 0.5375 0.018876 0.02557
0 0.766406 0.633333 0.021198 0.026257
0 0.641406 0.636458 0.021314 0.02663
0 0.414844 0.738542 0.019531 0.026042
0 0.58125 0.742708 0.023778 0.030992
0 0.953906 0.805208 0.027611 0.031073
0 0.789062 0.85625 0.022798 0.02679
0 0.678906 0.934375 0.021161 0.025349