0 0.278906 0.026042 0.021701 0.028014
0 0.297656 0.057292 0.021804 0.02852
0 0.632812 0.061458 0.01971 0.025332
0 0.104688 0.0875 0.026101 0.032719
0 0.936719 0.090625 0.021819 0.028356
0 0.675 0.094792 0.020945 0.028672
0 0.250781 0.11875 0.019638 0.024534
0 0.383594 0.136458 0.01902 0.024748
0 0.353125 0.140625 0.020231 0.026656
0 0.392188 0.145833 0.031588 0.036648
0 0.666406 0.141667 0.020529 0.025786
0 0.624219 0.151042 0.020058 0.027568
0 0.542188 0.201042 0.019531 0.026042
0 0.351562 0.210417 0.028328 0.03102
0 0.549219 0.208333 0.020938 0.027401
0 0.566406 0.217708 0.021479 0.027243
0 0.308594 0.221875 0.021198 0.026257
0 0.4875 0.226042 0.022828 0.027821
0 0.007051 0.242708 0.014101 0.023629
0 0.413281 0.244792 0.021479 0.027243
0 0.234375 0.261458 0.021198 0.026257
0 0.346094 0.291667 0.021314 0.02663
0 0.474219 0.315625 0.018442 0.024589
0 0.625781 0.317708 0.018161 0.023679
0 0.023438 0.323958 0.022861 0.027439
0 0.483594 0.33125 0.01902 0.024748
0 0.066406 0.338542 0.021946 0.026299
0 0.497656 0.369792 0.018756 0.022285
0 0.232813 0.397917 0.021978 0.027245
0 0.082031 0.457292 0.030751 0.034619
0 0.639844 0.45625 0.021105 0.028403
0 0.307031 0.475 0.021198 0.026257
0 0.941406 0.479167 0.021819 0.028356
0 0.303125 0.498958 0.023514 0.031908
0 0.796094 0.577083 0.021999 0.028864
0 0.207031 0.584375 0.029785 0.039276
0 0.935156 0.613542 0.018161 0.023679
0 0.247656 0.660417 0.028507 0.038546
0 0.571875 0.65625 0.018354 0.025228
0 0.646875 0.68125 0.019638 0.024534
0 0.012921 0.692708 0.025842 0.043672
0 0.482031 0.696875 0.020328 0.024087
0 0.190625 0.734375 0.030647 0.042666
0 0.1625 0.75625 0.039516 0.053672
0 0.363281 0.759375 0.018773 0.023107
0 0.1875 0.765625 0.018939 0.024442
0 0.590625 0.770833 0.027099 0.03509
0 0.189844 0.775 0.019574 0.023676
0 0.921094 0.780208 0.022393 0.030491
0 0.202344 0.779167 0.020328 0.024087
0 0.264844 0.823958 0.021314 0.02663
0 0.736719 0.836458 0.022758 0.030751
0 0.980469 0.835417 0.018999 0.02628
0 0.536719 0.848958 0.019574 0.023676
0 0.3125 0.877083 0.023161 0.029971
0 0.486719 0.873958 0.018161 0.023679
0 0.695312 0.8875 0.022883 0.028677
0 0.114844 0.919792 0.021479 0.027243
0 0.4375 0.946875 0.01902 0.024748
0 0.369531 0.963542 0.019574 0.023676
0 0.525 0.976042 0.022418 0.029062