0 0.9375 0.08125 0.022828 0.027821
0 0.102344 0.108333 0.026729 0.029672
0 0.142969 0.122917 0.025086 0.031874
0 0.013281 0.125 0.020566 0.026042
0 0.9125 0.154167 0.022883 0.028677
0 0.353125 0.173958 0.026715 0.032642
0 0.175 0.205208 0.027588 0.038618
0 0.305469 0.207292 0.028598 0.034664
0 0.378125 0.245833 0.029581 0.038197
0 0.664062 0.266667 0.023103 0.02886
0 0.169531 0.280208 0.024631 0.032058
0 0.580469 0.283333 0.024897 0.032298
0 0.425781 0.297917 0.032546 0.038932
0 0.046094 0.3125 0.02597 0.036688
0 0.454688 0.317708 0.022883 0.028677
0 0.790625 0.394792 0.021038 0.029672
0 0.653906 0.414583 0.019401 0.028319
0 0.510156 0.427083 0.027513 0.038402
0 0.09375 0.426042 0.023026 0.028919
0 0.639844 0.4375 0.027693 0.035834
0 0.848437 0.453125 0.022937 0.028155
0 0.457031 0.460417 0.029726 0.03343
0 0.225781 0.461458 0.023654 0.029634
0 0.200781 0.483333 0.02466 0.031871
0 0.491406 0.494792 0.027624 0.03239
0 0.528125 0.630208 0.020627 0.027503
0 0.91875 0.692708 0.02095 0.027383
0 0.019531 0.698958 0.028038 0.036198
0 0.510156 0.694792 0.020938 0.027401
0 0.421875 0.74375 0.020676 0.026744
0 0.007294 0.746875 0.014587 0.02664
0 0.439063 0.763542 0.029458 0.035323
0 0.552344 0.790625 0.032086 0.038817
0 0.354687 0.815625 0.027276 0.037584
0 0.445312 0.815625 0.020341 0.025073
0 0.386719 0.890625 0.024736 0.037004
0 0.382031 0.902083 0.01733 0.02503
0 0.607812 0.90625 0.023931 0.031351
0 0.648438 0.987336 0.02393 0.025328