0 0.196094 0.007339 0.018773 0.014679
0 0.055469 0.013542 0.018756 0.022285
0 0.244531 0.025 0.021161 0.025349
0 0.821875 0.05625 0.031318 0.040529
0 0.914062 0.067708 0.034732 0.041427
0 0.666406 0.071875 0.018999 0.02628
0 0.93125 0.072917 0.020801 0.028133
0 0.254688 0.083333 0.022828 0.027821
0 0.13125 0.085417 0.026124 0.031426
0 0.95625 0.090625 0.020046 0.026244
0 0.623437 0.094792 0.024309 0.031325
0 0.278906 0.104167 0.021989 0.028877
0 0.775781 0.126042 0.025552 0.033182
0 0.716406 0.195833 0.025124 0.02956
0 0.209375 0.210417 0.019531 0.026042
0 0.257031 0.221875 0.021198 0.026257
0 0.652344 0.234375 0.022111 0.027748
0 0.969531 0.247917 0.02168 0.028193
0 0.5875 0.25 0.019792 0.025321
0 0.119531 0.273958 0.022393 0.030491
0 0.63125 0.304167 0.024309 0.031325
0 0.146094 0.319792 0.018773 0.023107
0 0.503906 0.33125 0.021819 0.028356
0 0.778125 0.353125 0.019574 0.023676
0 0.567187 0.36875 0.019574 0.023676
0 0.808594 0.3875 0.025211 0.033309
0 0.369531 0.394792 0.017759 0.024215
0 0.607812 0.407292 0.019992 0.026974
0 0.270313 0.413542 0.020537 0.027934
0 0.571094 0.41875 0.024043 0.032841
0 0.282031 0.428125 0.024436 0.029089
0 0.667969 0.434375 0.021479 0.027243
0 0.582031 0.4375 0.021211 0.031348
0 0.767188 0.495833 0.022971 0.028458
0 0.425 0.507292 0.026195 0.032242
0 0.648438 0.534375 0.022893 0.03006
0 0.696875 0.533333 0.020676 0.026744
0 0.217969 0.540625 0.020566 0.026042
0 0.755469 0.572917 0.021796 0.030069
0 0.283594 0.577083 0.020811 0.029482
0 0.357812 0.61875 0.019792 0.025321
0 0.208594 0.629167 0.020566 0.026042
0 0.467969 0.635417 0.027816 0.035248
0 0.380469 0.633333 0.017438 0.024063
0 0.399219 0.645833 0.021999 0.028864
0 0.669531 0.65 0.021796 0.02989
0 0.319531 0.6625 0.021542 0.027554
0 0.535937 0.68125 0.019909 0.025929
0 0.810156 0.694792 0.031366 0.040844
0 0.525 0.709375 0.021247 0.027272
0 0.39375 0.723958 0.019574 0.023676
0 0.253125 0.745833 0.023654 0.029634
0 0.278906 0.770833 0.021819 0.028356
0 0.072656 0.773958 0.022006 0.030167
0 0.348438 0.775 0.020328 0.024087
0 0.239063 0.835417 0.026299 0.033348
0 0.19375 0.8375 0.018773 0.023107
0 0.148438 0.847917 0.022883 0.028677
0 0.56875 0.864583 0.024707 0.033327
0 0.951562 0.882292 0.022776 0.032111
0 0.798438 0.884375 0.022365 0.0337
0 0.700781 0.884375 0.018773 0.023107
0 0.663281 0.891667 0.024847 0.031127
0 0.752344 0.903125 0.02475 0.031228
0 0.011719 0.903125 0.021989 0.028877
0 0.039844 0.969792 0.029385 0.033876
0 0.339844 0.96875 0.021796 0.030069
0 0.782813 0.977083 0.032508 0.044928
0 0.294531 0.973958 0.018773 0.023107
0 0.905469 0.976042 0.018161 0.023679
0 0.114844 0.982292 0.021819 0.028356
0 0.138281 0.983333 0.021796 0.02989