0 0.734375 0.021875 0.026441 0.033085
0 0.114844 0.033333 0.019531 0.026042
0 0.028906 0.033333 0.020416 0.025301
0 0.009625 0.054167 0.01925 0.035478
0 0.605469 0.065625 0.03139 0.040148
0 0.914844 0.085417 0.02168 0.028193
0 0.4 0.1 0.020479 0.026286
0 0.082031 0.120833 0.028525 0.036048
0 0.332031 0.127083 0.025541 0.033198
0 0.709375 0.136458 0.022689 0.025403
0 0.803906 0.14375 0.020697 0.026524
0 0.780469 0.146875 0.024436 0.029089
0 0.572656 0.16875 0.021198 0.026257
0 0.822656 0.16875 0.021339 0.026862
0 0.774219 0.207292 0.022393 0.030491
0 0.871094 0.21875 0.021796 0.030069
0 0.428125 0.219792 0.022729 0.02728
0 0.900781 0.232292 0.02306 0.029195
0 0.825781 0.245833 0.020328 0.024087
0 0.892188 0.25625 0.026742 0.033612
0 0.763281 0.269792 0.028373 0.036894
0 0.45 0.273958 0.02984 0.037433
0 0.085156 0.277083 0.021479 0.027243
0 0.19375 0.291667 0.018756 0.022285
0 0.235156 0.296875 0.025348 0.03196
0 0.389844 0.295833 0.024516 0.030178
0 0.416406 0.333333 0.028853 0.03738
0 0.65625 0.334375 0.023771 0.032677
0 0.248438 0.335417 0.019925 0.025905
0 0.889844 0.345833 0.025753 0.033716
0 0.579688 0.347917 0.018442 0.024589
0 0.340625 0.3625 0.024976 0.033622
0 0.755469 0.372917 0.025208 0.034751
0 0.436719 0.401042 0.030704 0.035247
0 0.761719 0.407292 0.026299 0.033348
0 0.776563 0.429167 0.022756 0.02825
0 0.613281 0.434375 0.024107 0.034015
0 0.939844 0.44375 0.021198 0.026257
0 0.30625 0.453125 0.021131 0.02449
0 0.987869 0.502083 0.024262 0.031874
0 0.344531 0.54375 0.026665 0.036981
0 0.175 0.554167 0.023771 0.032677
0 0.702344 0.558333 0.018939 0.024442
0 0.385156 0.5625 0.025273 0.030852
0 0.725781 0.565625 0.024418 0.030455
0 0.558594 0.567708 0.020566 0.026042
0 0.684375 0.577083 0.022242 0.030281
0 0.532031 0.620833 0.021796 0.02989
0 0.674219 0.633333 0.024496 0.029918
0 0.827344 0.642708 0.026251 0.035002
0 0.717187 0.652083 0.019909 0.025929
0 0.970313 0.673958 0.022729 0.02728
0 0.311719 0.7 0.024359 0.033115
0 0.977344 0.710417 0.021314 0.02663
0 0.942969 0.761458 0.02217 0.02922
0 0.867969 0.779167 0.025781 0.032981
0 0.128906 0.777083 0.020441 0.025129
0 0.219531 0.804167 0.021314 0.02663
0 0.957812 0.821875 0.022911 0.031609
0 0.528125 0.825 0.028929 0.038572
0 0.566406 0.840625 0.028158 0.034718
0 0.016406 0.845833 0.025345 0.030561
0 0.280469 0.846875 0.021563 0.029929
0 0.544531 0.863542 0.028598 0.034664
0 0.403125 0.873958 0.033101 0.040087
0 0.667969 0.908333 0.02569 0.03355
0 0.532031 0.913542 0.020676 0.026744
0 0.174219 0.952083 0.028349 0.032232
0 0.323437 0.964583 0.028021 0.035684