0 0.828125 0.010864 0.023097 0.021727
0 0.360156 0.077083 0.024383 0.028296
0 0.592187 0.11875 0.022495 0.030475
0 0.610938 0.129167 0.025957 0.03004
0 0.395313 0.167708 0.021727 0.028969
0 0.632812 0.18125 0.018756 0.022285
0 0.905469 0.198958 0.02563 0.038294
0 0.890625 0.202083 0.023227 0.029506
0 0.678906 0.25625 0.018561 0.025359
0 0.939844 0.261458 0.022365 0.0337
0 0.357031 0.291667 0.021546 0.027548
0 0.589844 0.308333 0.022489 0.033625
0 0.926562 0.329167 0.020422 0.025409
0 0.729688 0.364583 0.023028 0.030998
0 0.45 0.389583 0.018773 0.023107
0 0.545312 0.4125 0.020566 0.026042
0 0.358594 0.416667 0.023259 0.032779
0 0.117969 0.420833 0.018876 0.02557
0 0.355469 0.427083 0.020801 0.028133
0 0.778125 0.435417 0.022937 0.028155
0 0.648438 0.4625 0.026308 0.031809
0 0.428125 0.461458 0.01971 0.025332
0 0.565625 0.472917 0.022995 0.032052
0 0.486719 0.482292 0.024564 0.030774
0 0.816406 0.501042 0.024133 0.036816
0 0.4125 0.525 0.025191 0.02884
0 0.801562 0.523958 0.018921 0.024472
0 0.671094 0.55 0.0257 0.033535
0 0.651563 0.634375 0.023461 0.030231
0 0.408594 0.644792 0.018773 0.023107
0 0.220312 0.709375 0.022828 0.027821
0 0.878906 0.7375 0.023706 0.037759
0 0.674219 0.763542 0.018756 0.022285
0 0.732031 0.81875 0.022828 0.030437
0 0.359375 0.832292 0.023288 0.037655
0 0.471875 0.845833 0.023432 0.030501
0 0.636719 0.859375 0.025002 0.031555
0 0.73125 0.914583 0.019909 0.025929
0 0.202344 0.935417 0.021479 0.027243