0 0.2125 0.038542 0.02099 0.030596
0 0.065625 0.144792 0.018354 0.025228
0 0.484375 0.15 0.018991 0.026389
0 0.523438 0.198958 0.019543 0.023126
0 0.258594 0.204167 0.018756 0.022285
0 0.507031 0.302083 0.018756 0.022285
0 0.628125 0.40625 0.022356 0.031944
0 0.447656 0.410417 0.018008 0.02309
0 0.702344 0.432292 0.021339 0.026862
0 0.116406 0.45 0.020566 0.026042
0 0.764844 0.497917 0.025116 0.032498
0 0.628125 0.583333 0.022856 0.029993
0 0.290625 0.59375 0.021656 0.028229
0 0.451562 0.653125 0.020046 0.026244
0 0.741406 0.658333 0.018939 0.024442
0 0.761719 0.658333 0.01882 0.024173
0 0.196875 0.729167 0.019683 0.026728
0 0.492188 0.7375 0.018008 0.02309
0 0.666406 0.751042 0.02139 0.029072
0 0.176563 0.797917 0.019534 0.022292
0 0.045312 0.927083 0.020537 0.027934