0 0.964063 0.060417 0.024309 0.031325
0 0.922656 0.075 0.021267 0.029091
0 0.707812 0.089583 0.024981 0.037873
0 0.750781 0.088542 0.024652 0.030465
0 0.664844 0.139583 0.021479 0.027243
0 0.666406 0.161458 0.027729 0.032708
0 0.467969 0.204167 0.019638 0.024534
0 0.885938 0.207292 0.019992 0.026974
0 0.439063 0.275 0.027942 0.04061
0 0.689844 0.344792 0.024975 0.031796
0 0.252344 0.417708 0.018331 0.025253
0 0.654687 0.441667 0.028144 0.039386
0 0.916406 0.461458 0.020566 0.026042
0 0.675781 0.547917 0.02799 0.035397
0 0.257031 0.546875 0.022418 0.029062
0 0.329688 0.589583 0.018331 0.025253
0 0.463281 0.611458 0.018561 0.025359
0 0.714844 0.634375 0.023437 0.034009
0 0.065625 0.704167 0.023232 0.0323
0 0.092188 0.748958 0.028404 0.039509