0 0.730469 0.039583 0.021989 0.028877
0 0.55625 0.280208 0.025982 0.033258
0 0.56875 0.317708 0.019558 0.02407
0 0.085156 0.35625 0.025273 0.030852
0 0.846094 0.395833 0.018999 0.02628
0 0.879687 0.395833 0.019792 0.025321
0 0.763281 0.4 0.018008 0.02309
0 0.392969 0.407292 0.0223 0.028345
0 0.370312 0.420833 0.018406 0.026178
0 0.225 0.467708 0.022766 0.03074
0 0.701562 0.472917 0.019792 0.025321
0 0.205469 0.475 0.021161 0.025349
0 0.99043 0.601042 0.019141 0.027421
0 0.096094 0.675 0.025345 0.030561
0 0.240625 0.870833 0.022759 0.032415
0 0.108594 0.932292 0.02545 0.035034