0 0.792188 0.027083 0.02186 0.033562
0 0.45625 0.1 0.023475 0.026349
0 0.471094 0.1625 0.023161 0.029971
0 0.049219 0.160417 0.020339 0.023705
0 0.78125 0.166667 0.018773 0.023107
0 0.65 0.173958 0.019534 0.022292
0 0.299219 0.180208 0.021701 0.028014
0 0.1875 0.3 0.023841 0.029258
0 0.98125 0.3125 0.020416 0.025301
0 0.682813 0.3625 0.023778 0.030992
0 0.8625 0.360417 0.019638 0.024534
0 0.444531 0.395833 0.021176 0.031534
0 0.353125 0.413542 0.026474 0.032764
0 0.678906 0.466667 0.021542 0.027554
0 0.132031 0.619792 0.022099 0.027768
0 0.691406 0.625 0.025002 0.031555
0 0.803125 0.641667 0.023319 0.029672
0 0.458594 0.665625 0.027563 0.031327
0 0.982031 0.669792 0.024258 0.025926
0 0.496094 0.730208 0.027487 0.029578