0 0.642188 0.012795 0.019693 0.02559
0 0.392969 0.019792 0.021176 0.031534
0 0.502344 0.01875 0.017438 0.024063
0 0.076563 0.034375 0.027132 0.035157
0 0.432031 0.041667 0.022662 0.039724
0 0.748437 0.04375 0.0197 0.025227
0 0.822656 0.047917 0.028021 0.035684
0 0.48125 0.06875 0.026195 0.032242
0 0.960156 0.078125 0.026123 0.035908
0 0.14375 0.073958 0.019627 0.024405
0 0.365625 0.086458 0.020866 0.027821
0 0.276562 0.101042 0.025905 0.033963
0 0.464062 0.102083 0.021038 0.029672
0 0.303125 0.109375 0.023702 0.033596
0 0.357031 0.109375 0.021542 0.027554
0 0.530469 0.115625 0.021796 0.02989
0 0.632031 0.120833 0.018939 0.024442
0 0.477344 0.144792 0.032466 0.03965
0 0.104688 0.175 0.029535 0.03938
0 0.835938 0.190625 0.029082 0.037672
0 0.734375 0.186458 0.01813 0.025093
0 0.200781 0.19375 0.025211 0.033309
0 0.51875 0.210417 0.027468 0.034971
0 0.557031 0.230208 0.018161 0.023679
0 0.047656 0.238542 0.026436 0.037088
0 0.540625 0.24375 0.018773 0.023107
0 0.209375 0.251042 0.02563 0.034173
0 0.036719 0.269792 0.021263 0.03135
0 0.767969 0.276042 0.020058 0.027568
0 0.6375 0.279167 0.023821 0.030088
0 0.690625 0.282292 0.029797 0.037136
0 0.653125 0.28125 0.019792 0.025321
0 0.328906 0.289583 0.020288 0.027694
0 0.610938 0.2875 0.018756 0.022285
0 0.696094 0.333333 0.029952 0.038191
0 0.991578 0.335417 0.016845 0.024405
0 0.915625 0.344792 0.026571 0.034874
0 0.692187 0.375 0.028373 0.036894
0 0.313281 0.389583 0.02124 0.030344
0 0.557813 0.398958 0.01802 0.023067
0 0.5875 0.425 0.023654 0.029634
0 0.530469 0.428125 0.026159 0.033642
0 0.645312 0.445833 0.029726 0.03343
0 0.576562 0.452083 0.018756 0.022285
0 0.469531 0.45625 0.018827 0.023629
0 0.646875 0.473958 0.020422 0.025409
0 0.880469 0.477083 0.021819 0.028356
0 0.953125 0.496875 0.027056 0.034291
0 0.554688 0.5375 0.018773 0.023107
0 0.446094 0.570833 0.019178 0.025168
0 0.1625 0.582292 0.02203 0.026707
0 0.782813 0.586458 0.023878 0.029636
0 0.760938 0.588542 0.023988 0.030346
0 0.846875 0.602083 0.029506 0.037314
0 0.023438 0.602083 0.018773 0.023107
0 0.044531 0.604167 0.020938 0.027401
0 0.732812 0.616667 0.022788 0.029292
0 0.545312 0.622917 0.022729 0.02728
0 0.80625 0.622917 0.021978 0.027245
0 0.771094 0.632292 0.03087 0.039181
0 0.276562 0.630208 0.019909 0.025929
0 0.399219 0.63125 0.021921 0.025381
0 0.578125 0.638542 0.021921 0.025381
0 0.648438 0.642708 0.019543 0.023126
0 0.985938 0.644792 0.022265 0.030253
0 0.4 0.659375 0.023456 0.028163
0 0.132812 0.6625 0.018773 0.023107
0 0.124219 0.68125 0.02203 0.026707
0 0.578906 0.692708 0.025424 0.031337
0 0.289062 0.697917 0.020371 0.024457
0 0.346094 0.707292 0.020441 0.025129
0 0.578125 0.716667 0.026281 0.032051
0 0.160938 0.735417 0.018784 0.026311
0 0.711719 0.736458 0.021701 0.028014
0 0.742969 0.755208 0.030094 0.037982
0 0.10625 0.783333 0.023103 0.02886
0 0.586719 0.794792 0.028964 0.036785
0 0.808594 0.808333 0.022922 0.031445
0 0.3125 0.816667 0.029289 0.036288
0 0.499219 0.813542 0.021542 0.027554
0 0.692187 0.815625 0.019627 0.024405
0 0.013319 0.821875 0.026639 0.032642
0 0.988889 0.839583 0.022221 0.031832
0 0.695312 0.876042 0.023741 0.031149
0 0.464062 0.876042 0.018939 0.024442
0 0.963281 0.886458 0.02306 0.029195
0 0.860156 0.919792 0.022128 0.030307
0 0.28125 0.946875 0.02077 0.027051
0 0.896094 0.946875 0.018773 0.023107
0 0.746875 0.95625 0.020627 0.027503
0 0.839844 0.979167 0.024975 0.031796
0 0.667969 0.978125 0.018008 0.02309