0 0.516406 0.01574 0.021726 0.031479
0 0.340625 0.041667 0.025252 0.029558
0 0.521875 0.079167 0.022729 0.02728
0 0.246094 0.102083 0.021161 0.025349
0 0.93125 0.1125 0.023232 0.0323
0 0.583594 0.119792 0.021264 0.026134
0 0.574219 0.19375 0.024847 0.031127
0 0.185156 0.216667 0.021915 0.02956
0 0.464844 0.222917 0.022254 0.02805
0 0.288281 0.259375 0.021761 0.031624
0 0.54375 0.280208 0.026712 0.033532
0 0.585938 0.297917 0.024436 0.029089
0 0.414062 0.31875 0.026613 0.04041
0 0.438281 0.342708 0.021198 0.026257
0 0.396094 0.372917 0.023952 0.034149
0 0.455469 0.423958 0.023227 0.029506
0 0.207813 0.429167 0.027624 0.03239
0 0.152344 0.436458 0.028387 0.035348
0 0.325 0.452083 0.024359 0.033115
0 0.103125 0.479167 0.024492 0.034303
0 0.288281 0.559375 0.021788 0.030078
0 0.2125 0.571875 0.026176 0.032033
0 0.684375 0.583333 0.023048 0.033058
0 0.278906 0.588542 0.02428 0.026751
0 0.667188 0.666667 0.023319 0.029672
0 0.740625 0.670833 0.023385 0.032449
0 0.303906 0.677083 0.021727 0.028969
0 0.973437 0.701042 0.023026 0.028919
0 0.407813 0.717708 0.018769 0.023116
0 0.246875 0.770833 0.023931 0.031351
0 0.939844 0.769792 0.018008 0.02309
0 0.500781 0.777083 0.024928 0.036255
0 0.8625 0.777083 0.021804 0.02852
0 0.185938 0.8125 0.023592 0.030549
0 0.278906 0.8625 0.024039 0.03066
0 0.944531 0.861458 0.022242 0.030281
0 0.365625 0.913542 0.025208 0.034751
0 0.15625 0.922917 0.01971 0.025332
0 0.853906 0.951042 0.0257 0.033535
0 0.369531 0.955208 0.018161 0.023679
0 0.5375 0.96875 0.023476 0.030208
0 0.272656 0.980208 0.025032 0.033377
0 0.229687 0.977083 0.019574 0.023676
0 0.545312 0.986438 0.026593 0.027124
0 0.195312 0.988861 0.02111 0.022279