0 0.5625 0.126042 0.020627 0.027503
0 0.98125 0.220833 0.026221 0.032529
0 0.689844 0.220833 0.021198 0.026257
0 0.251563 0.258333 0.018773 0.023107
0 0.353906 0.263542 0.025552 0.033182
0 0.366406 0.29375 0.023319 0.029672
0 0.550781 0.361458 0.018827 0.023629
0 0.149219 0.392708 0.018876 0.02557
0 0.386719 0.413542 0.024211 0.032811
0 0.636719 0.451042 0.018939 0.024442
0 0.164062 0.6375 0.026 0.030914
0 0.846875 0.720833 0.019925 0.025905
0 0.467187 0.73125 0.021259 0.028345
0 0.328906 0.865625 0.024539 0.034801
0 0.741406 0.952083 0.024535 0.029481
0 0.821094 0.983333 0.018442 0.024589
0 0.355469 0.986661 0.021819 0.026678
0 0.742969 0.988124 0.018442 0.023753