0 0.246094 0.075 0.019119 0.025492
0 0.24375 0.160417 0.019627 0.024405
0 0.515625 0.178125 0.022729 0.02728
0 0.551562 0.257292 0.026048 0.031808
0 0.880469 0.283333 0.021202 0.026349
0 0.778125 0.322917 0.023476 0.030208
0 0.335938 0.361458 0.029183 0.034247
0 0.878906 0.366667 0.027816 0.035248
0 0.388281 0.4125 0.021546 0.027548
0 0.392188 0.419792 0.022728 0.025973
0 0.798438 0.504167 0.0197 0.025227
0 0.985938 0.552083 0.022758 0.028319
0 0.217969 0.555208 0.022242 0.030281
0 0.194531 0.628125 0.021131 0.02449
0 0.144531 0.801042 0.020811 0.029482
0 0.217188 0.879167 0.022707 0.026328
0 0.653906 0.958333 0.027147 0.040307