0 0.658594 0.115625 0.021259 0.029733
0 0.878125 0.20625 0.025875 0.034086
0 0.770312 0.214583 0.023652 0.035581
0 0.910156 0.216667 0.020341 0.025073
0 0.101562 0.255208 0.027635 0.046342
0 0.458594 0.282292 0.024736 0.034375
0 0.628906 0.292708 0.021816 0.032581
0 0.503906 0.326042 0.024908 0.035484
0 0.553125 0.33125 0.021788 0.030078
0 0.014844 0.395833 0.021362 0.02664
0 0.416406 0.433333 0.021202 0.026349
0 0.898438 0.444792 0.022883 0.028677
0 0.046094 0.476042 0.021727 0.028969
0 0.363281 0.498958 0.021479 0.027243
0 0.247656 0.530208 0.021796 0.02989
0 0.0875 0.602083 0.023484 0.032424
0 0.628125 0.601042 0.023293 0.029834
0 0.441406 0.607292 0.020866 0.030437
0 0.564844 0.63125 0.020697 0.026524
0 0.378125 0.639583 0.019574 0.023676
0 0.219531 0.653125 0.021701 0.028014
0 0.510938 0.680208 0.025379 0.035044
0 0.510156 0.698958 0.023952 0.034149
0 0.59375 0.752083 0.021161 0.025349
0 0.260937 0.81875 0.022729 0.02728
0 0.844531 0.86875 0.018939 0.024442
0 0.346094 0.897917 0.021259 0.028345