0 0.596875 0.011719 0.020566 0.023438
0 0.489844 0.021875 0.020697 0.026524
0 0.861719 0.047917 0.01882 0.024173
0 0.610938 0.05 0.019638 0.024534
0 0.279687 0.05625 0.029391 0.035875
0 0.349219 0.055208 0.018756 0.022285
0 0.646875 0.059375 0.019683 0.026728
0 0.517969 0.069792 0.023796 0.029832
0 0.563281 0.070833 0.021339 0.026862
0 0.171094 0.076042 0.019574 0.023676
0 0.608594 0.080208 0.025727 0.032655
0 0.449219 0.089583 0.028336 0.033814
0 0.907031 0.0875 0.020938 0.027401
0 0.5375 0.088542 0.01882 0.024173
0 0.978125 0.101042 0.024084 0.035848
0 0.895312 0.1 0.018756 0.022285
0 0.354687 0.104167 0.021161 0.025349
0 0.626563 0.10625 0.020416 0.025301
0 0.949219 0.111458 0.028606 0.036385
0 0.036719 0.113542 0.024291 0.029293
0 0.583594 0.114583 0.018876 0.02557
0 0.129688 0.121875 0.026107 0.033377
0 0.414062 0.14375 0.026757 0.035038
0 0.98125 0.14375 0.019683 0.026728
0 0.221094 0.152083 0.018008 0.02309
0 0.625 0.167708 0.032247 0.039965
0 0.267188 0.1875 0.028233 0.038312
0 0.891406 0.185417 0.028021 0.035684
0 0.422656 0.190625 0.025243 0.032454
0 0.876563 0.195833 0.022876 0.031243
0 0.85625 0.197917 0.018756 0.022285
0 0.077344 0.204167 0.023758 0.031125
0 0.482031 0.214583 0.040149 0.040254
0 0.967187 0.211458 0.023654 0.030791
0 0.749219 0.213542 0.021339 0.026862
0 0.0125 0.215625 0.019574 0.023676
0 0.302344 0.221875 0.031634 0.037536
0 0.739062 0.219792 0.023293 0.029834
0 0.800781 0.220833 0.018939 0.024442
0 0.950781 0.240625 0.02217 0.02922
0 0.21875 0.257292 0.022111 0.027748
0 0.303125 0.285417 0.031116 0.045568
0 0.214062 0.275 0.018773 0.023107
0 0.129688 0.285417 0.029276 0.03606
0 0.620313 0.291667 0.024956 0.041857
0 0.501563 0.289583 0.021161 0.025349
0 0.739062 0.29375 0.020416 0.025301
0 0.046875 0.341667 0.026 0.030914
0 0.40625 0.35 0.01971 0.025332
0 0.759375 0.351042 0.019178 0.025168
0 0.467969 0.358333 0.022094 0.027539
0 0.509375 0.360417 0.019084 0.024921
0 0.25625 0.364583 0.018773 0.023107
0 0.961719 0.373958 0.025726 0.035186
0 0.6 0.376042 0.026966 0.033171
0 0.939063 0.371875 0.018876 0.02557
0 0.278906 0.379167 0.018939 0.024442
0 0.019531 0.380208 0.018756 0.022285
0 0.207031 0.380208 0.018756 0.022285
0 0.120313 0.392708 0.027816 0.035248
0 0.790625 0.397917 0.019638 0.024534
0 0.811719 0.405208 0.024476 0.034441
0 0.426563 0.414583 0.026783 0.036354
0 0.635938 0.416667 0.029185 0.036894
0 0.865625 0.417708 0.027663 0.036163
0 0.726562 0.419792 0.022047 0.026945
0 0.661719 0.432292 0.020566 0.026042
0 0.305469 0.440625 0.026823 0.032782
0 0.576562 0.440625 0.027605 0.033962
0 0.7875 0.438542 0.020697 0.026524
0 0.160156 0.444792 0.026975 0.032146
0 0.033594 0.452083 0.028005 0.034371
0 0.797656 0.453125 0.025454 0.035143
0 0.726562 0.451042 0.021819 0.028356
0 0.402344 0.453125 0.021243 0.027194
0 0.414844 0.457292 0.02203 0.026707
0 0.607031 0.461458 0.01882 0.024173
0 0.625781 0.476042 0.025541 0.034209
0 0.935156 0.482292 0.027164 0.038103
0 0.721875 0.480208 0.019925 0.025905
0 0.753906 0.5 0.017757 0.026099
0 0.628906 0.525 0.019627 0.024405
0 0.677344 0.538542 0.026 0.035478
0 0.51875 0.5375 0.022937 0.028155
0 0.792188 0.540625 0.020676 0.026744
0 0.710938 0.544792 0.019558 0.02407
0 0.957031 0.553125 0.026724 0.034099
0 0.402344 0.554167 0.022246 0.031817
0 0.588281 0.553125 0.021479 0.027243
0 0.603906 0.561458 0.02761 0.03662
0 0.522656 0.5625 0.028761 0.037014
0 0.903125 0.561458 0.019733 0.025046
0 0.978906 0.565625 0.018161 0.023679
0 0.35625 0.579167 0.028577 0.036218
0 0.714844 0.586458 0.019429 0.026567
0 0.338281 0.591667 0.024322 0.027345
0 0.582812 0.589583 0.018756 0.022285
0 0.671875 0.597917 0.026124 0.031426
0 0.7 0.598958 0.025161 0.030661
0 0.123438 0.607292 0.028094 0.038241
0 0.334375 0.601042 0.01971 0.025332
0 0.867188 0.611458 0.023223 0.035653
0 0.060937 0.60625 0.018939 0.024442
0 0.408594 0.614583 0.026711 0.032509
0 0.888281 0.617708 0.033487 0.038084
0 0.160156 0.630208 0.021198 0.026257
0 0.721875 0.633333 0.020676 0.026744
0 0.605469 0.634375 0.021314 0.02663
0 0.223438 0.639583 0.02317 0.029214
0 0.357031 0.645833 0.020341 0.025073
0 0.440625 0.655208 0.02317 0.029214
0 0.276562 0.655208 0.019925 0.025905
0 0.685937 0.676042 0.026 0.030914
0 0.51875 0.682292 0.03092 0.038255
0 0.148438 0.676042 0.018561 0.025359
0 0.286719 0.678125 0.01882 0.024173
0 0.063281 0.695833 0.036353 0.054669
0 0.744531 0.694792 0.031464 0.044609
0 0.125 0.701042 0.022996 0.028271
0 0.589063 0.7125 0.020387 0.028188
0 0.272656 0.720833 0.019925 0.025905
0 0.194531 0.722917 0.019574 0.023676
0 0.798438 0.727083 0.020801 0.028133
0 0.365625 0.730208 0.024679 0.030191
0 0.79375 0.733333 0.019119 0.025492
0 0.759375 0.740625 0.027513 0.035981
0 0.180469 0.754167 0.033894 0.040465
0 0.460938 0.754167 0.018161 0.023679
0 0.472656 0.763542 0.018773 0.023107
0 0.082031 0.769792 0.021479 0.027243
0 0.4 0.770833 0.020537 0.027934
0 0.377344 0.772917 0.021989 0.028877
0 0.960938 0.776042 0.023144 0.03231
0 0.767969 0.773958 0.021314 0.02663
0 0.186719 0.788542 0.02203 0.026707
0 0.626563 0.791667 0.020537 0.027934
0 0.282813 0.8 0.027003 0.034726
0 0.103125 0.817708 0.020566 0.026042
0 0.98125 0.832292 0.036736 0.04548
0 0.184375 0.825 0.025056 0.029313
0 0.167969 0.828125 0.027826 0.033764
0 0.325781 0.825 0.019531 0.026042
0 0.010937 0.828125 0.021323 0.026425
0 0.377344 0.839583 0.021701 0.028014
0 0.753125 0.841667 0.019531 0.027421
0 0.771875 0.844792 0.019925 0.025905
0 0.616406 0.882292 0.030592 0.045262
0 0.23125 0.876042 0.023055 0.030355
0 0.383594 0.873958 0.018756 0.022285
0 0.524219 0.911458 0.020231 0.026656
0 0.761719 0.916667 0.022209 0.029294
0 0.451562 0.930208 0.025522 0.031119
0 0.876563 0.932292 0.026376 0.032785
0 0.989564 0.932292 0.020873 0.032052
0 0.574219 0.934375 0.024736 0.034375
0 0.645312 0.953125 0.019733 0.025046
0 0.209375 0.95625 0.020341 0.025073
0 0.626563 0.9625 0.029625 0.0353
0 0.291406 0.976042 0.026283 0.033839
0 0.782031 0.979167 0.021999 0.028864