0 0.379688 0.029167 0.026048 0.031808
0 0.508594 0.034375 0.021796 0.030069
0 0.66875 0.041667 0.019638 0.024534
0 0.707031 0.046875 0.018921 0.024472
0 0.688281 0.047917 0.020046 0.026244
0 0.099219 0.060417 0.021819 0.028356
0 0.208594 0.072917 0.021618 0.02791
0 0.7 0.080208 0.025183 0.032816
0 0.379688 0.080208 0.021302 0.02814
0 0.100781 0.085417 0.019627 0.024405
0 0.654687 0.090625 0.019543 0.023126
0 0.728906 0.090625 0.019638 0.024534
0 0.399219 0.098958 0.021198 0.026257
0 0.36875 0.109375 0.027446 0.035786
0 0.06875 0.119792 0.019909 0.025929
0 0.421875 0.127083 0.027035 0.034038
0 0.966406 0.147917 0.024608 0.032281
0 0.069531 0.1625 0.019574 0.023676
0 0.610938 0.183333 0.023293 0.029834
0 0.394531 0.202083 0.022067 0.026726
0 0.422656 0.20625 0.018331 0.025253
0 0.627344 0.24375 0.025552 0.034516
0 0.332813 0.290625 0.019909 0.025929
0 0.542969 0.304167 0.027027 0.036869
0 0.167969 0.302083 0.021314 0.02663
0 0.572656 0.30625 0.028106 0.035108
0 0.753125 0.311458 0.019178 0.025168
0 0.224219 0.313542 0.018756 0.022285
0 0.234375 0.321875 0.029506 0.037314
0 0.209375 0.332292 0.027395 0.033844
0 0.495312 0.34375 0.023796 0.029832
0 0.266406 0.355208 0.021989 0.028877
0 0.657031 0.355208 0.020479 0.026286
0 0.33125 0.360417 0.019909 0.025929
0 0.780469 0.36875 0.020328 0.024087
0 0.511719 0.375 0.021239 0.025868
0 0.79375 0.377083 0.023293 0.029834
0 0.544531 0.3875 0.021239 0.025868
0 0.4625 0.402083 0.023432 0.030501
0 0.521875 0.401042 0.023319 0.029672
0 0.434375 0.40625 0.023654 0.029634
0 0.916406 0.414583 0.021479 0.027243
0 0.383594 0.417708 0.020566 0.026042
0 0.875781 0.422917 0.026608 0.034667
0 0.473438 0.425 0.023081 0.032753
0 0.683594 0.423958 0.018827 0.023629
0 0.010448 0.432292 0.020896 0.027243
0 0.910937 0.442708 0.023964 0.032621
0 0.059375 0.453125 0.023781 0.034173
0 0.2125 0.453125 0.022937 0.028155
0 0.310937 0.45625 0.019429 0.026567
0 0.144531 0.459375 0.019574 0.023676
0 0.842187 0.464583 0.023654 0.029634
0 0.421094 0.478125 0.025383 0.036527
0 0.864844 0.480208 0.023668 0.036768
0 0.370312 0.478125 0.022937 0.028155
0 0.705469 0.491667 0.022067 0.026726
0 0.130469 0.498958 0.021479 0.027243
0 0.448437 0.501042 0.02687 0.033711
0 0.873437 0.498958 0.020529 0.025786
0 0.146094 0.502083 0.024897 0.032298
0 0.248438 0.50625 0.018773 0.023107
0 0.100781 0.51875 0.025998 0.03813
0 0.136719 0.513542 0.021989 0.028877
0 0.288281 0.5125 0.021105 0.028403
0 0.540625 0.536458 0.033013 0.047281
0 0.797656 0.526042 0.018756 0.022285
0 0.207031 0.530208 0.018161 0.023679
0 0.033594 0.534375 0.019574 0.023676
0 0.326562 0.536458 0.019574 0.023676
0 0.323437 0.54375 0.021259 0.028345
0 0.669531 0.547917 0.021701 0.028014
0 0.89375 0.554167 0.0201 0.026364
0 0.621875 0.570833 0.026852 0.041418
0 0.889062 0.566667 0.018773 0.023107
0 0.849219 0.573958 0.021924 0.035564
0 0.803906 0.575 0.019627 0.024405
0 0.159375 0.586458 0.02095 0.027383
0 0.728125 0.5875 0.023026 0.028919
0 0.89375 0.585417 0.018756 0.022285
0 0.3125 0.592708 0.026048 0.031808
0 0.702344 0.591667 0.021362 0.02664
0 0.558594 0.594792 0.021618 0.02791
0 0.655469 0.601042 0.023227 0.029506
0 0.354687 0.601042 0.020566 0.026042
0 0.526563 0.610417 0.019574 0.023676
0 0.655469 0.616667 0.024847 0.031127
0 0.561719 0.617708 0.021314 0.02663
0 0.326562 0.626042 0.023493 0.032412
0 0.6125 0.627083 0.022815 0.027608
0 0.939063 0.634375 0.027605 0.033962
0 0.184375 0.633333 0.020801 0.028133
0 0.217969 0.658333 0.021362 0.02664
0 0.203125 0.672917 0.019909 0.025929
0 0.526563 0.679167 0.024631 0.032058
0 0.375781 0.698958 0.021362 0.02664
0 0.390625 0.713542 0.026195 0.032242
0 0.685937 0.713542 0.019733 0.025046
0 0.9 0.722917 0.019909 0.025929
0 0.053906 0.726042 0.018773 0.023107
0 0.682031 0.726042 0.018939 0.024442
0 0.657031 0.736458 0.020566 0.026042
0 0.302344 0.755208 0.021999 0.028864
0 0.885156 0.760417 0.022841 0.0357
0 0.421875 0.758333 0.0201 0.026364
0 0.384375 0.764583 0.026 0.030914
0 0.574219 0.76875 0.018939 0.024442
0 0.68125 0.784375 0.028975 0.035857
0 0.313281 0.794792 0.027905 0.034571
0 0.789062 0.794792 0.024837 0.032478
0 0.33125 0.796875 0.022128 0.030307
0 0.370312 0.798958 0.020328 0.024087
0 0.047656 0.826042 0.021032 0.031513
0 0.989075 0.853125 0.021849 0.031971
0 0.315625 0.860417 0.03022 0.037662
0 0.704688 0.858333 0.023654 0.029634
0 0.313281 0.880208 0.021819 0.028356
0 0.899219 0.890625 0.024946 0.031337
0 0.921094 0.90625 0.020341 0.025073
0 0.332031 0.913542 0.027239 0.036319
0 0.936719 0.915625 0.019429 0.026567
0 0.077344 0.916667 0.019574 0.023676
0 0.942187 0.920833 0.019909 0.025929
0 0.647656 0.929167 0.028145 0.036568
0 0.046094 0.928125 0.021819 0.028356
0 0.588281 0.932292 0.021314 0.02663
0 0.770312 0.938542 0.020046 0.026244
0 0.089844 0.946875 0.021796 0.030069
0 0.402344 0.947917 0.021701 0.028014
0 0.009312 0.957292 0.018625 0.031228
0 0.986719 0.960417 0.018939 0.024442
0 0.438281 0.972917 0.01902 0.024748
0 0.007641 0.977083 0.015282 0.024405
0 0.13125 0.979167 0.024377 0.029518
0 0.983594 0.980208 0.024623 0.030229
0 0.821094 0.980208 0.021989 0.028877
0 0.222656 0.987498 0.017353 0.025005
0 0.224219 0.991823 0.019534 0.016354