0 0.871875 0.01553 0.026757 0.031061
0 0.46875 0.026042 0.034496 0.042598
0 0.851562 0.019792 0.019574 0.023676
0 0.8875 0.039583 0.02743 0.037292
0 0.325 0.039583 0.019638 0.024534
0 0.686719 0.065625 0.034956 0.04442
0 0.328125 0.077083 0.030304 0.037003
0 0.987309 0.098958 0.025383 0.040003
0 0.794531 0.115625 0.034612 0.042341
0 0.86875 0.13125 0.020789 0.026845
0 0.449219 0.14375 0.021443 0.029582
0 0.79375 0.148958 0.030784 0.037679
0 0.767188 0.14375 0.020046 0.026244
0 0.075 0.148958 0.022111 0.027748
0 0.753906 0.153125 0.025982 0.033258
0 0.477344 0.158333 0.02287 0.028488
0 0.586719 0.172917 0.022418 0.029062
0 0.592187 0.169792 0.017759 0.024215
0 0.9125 0.188542 0.031001 0.038592
0 0.335156 0.190625 0.021198 0.026257
0 0.325781 0.194792 0.019574 0.023676
0 0.708594 0.207292 0.030072 0.039469
0 0.552344 0.205208 0.018939 0.024442
0 0.376563 0.254167 0.022868 0.029857
0 0.442188 0.251042 0.018773 0.023107
0 0.228906 0.258333 0.018773 0.023107
0 0.710156 0.275 0.030486 0.044407
0 0.754687 0.280208 0.02585 0.031338
0 0.527344 0.307292 0.033605 0.040634
0 0.719531 0.330208 0.020231 0.026656
0 0.891406 0.34375 0.027799 0.035009
0 0.144531 0.359375 0.028152 0.042179
0 0.435156 0.367708 0.026202 0.031339
0 0.547656 0.366667 0.023597 0.02855
0 0.780469 0.376042 0.035915 0.045207
0 0.557813 0.38125 0.018773 0.023107
0 0.36875 0.40625 0.032923 0.046408
0 0.341406 0.405208 0.017438 0.024063
0 0.260156 0.438542 0.020454 0.02833
0 0.160938 0.457292 0.026221 0.032529
0 0.483594 0.454167 0.018008 0.02309
0 0.867188 0.470833 0.023654 0.030791
0 0.523438 0.478125 0.019429 0.026567
0 0.19375 0.489583 0.027737 0.039104
0 0.610938 0.498958 0.028246 0.040293
0 0.642188 0.515625 0.029833 0.057459
0 0.628125 0.502083 0.019178 0.025168
0 0.716406 0.519792 0.031481 0.040352
0 0.651563 0.521875 0.017759 0.024215
0 0.416406 0.532292 0.021479 0.027243
0 0.476562 0.58125 0.031154 0.049624
0 0.363281 0.576042 0.026979 0.035446
0 0.535156 0.572917 0.021314 0.02663
0 0.866406 0.578125 0.021479 0.027243
0 0.383594 0.589583 0.021339 0.026862
0 0.492188 0.60625 0.018827 0.023629
0 0.599219 0.608333 0.021314 0.02663
0 0.267969 0.617708 0.026608 0.034667
0 0.915625 0.61875 0.025183 0.032816
0 0.334375 0.622917 0.023026 0.028919
0 0.701562 0.6375 0.024939 0.03981
0 0.417187 0.633333 0.019429 0.026567
0 0.59375 0.647917 0.033305 0.040648
0 0.828906 0.64375 0.025197 0.031603
0 0.635156 0.642708 0.022111 0.027748
0 0.511719 0.653125 0.026209 0.037837
0 0.265625 0.6625 0.029225 0.044723
0 0.435937 0.6625 0.027003 0.034726
0 0.692187 0.663542 0.031764 0.036673
0 0.874219 0.665625 0.027905 0.034571
0 0.575 0.680208 0.035633 0.04276
0 0.382812 0.707292 0.028338 0.042614
0 0.445312 0.701042 0.020046 0.026244
0 0.475781 0.704167 0.020416 0.025301
0 0.655469 0.729167 0.038511 0.050949
0 0.746875 0.729167 0.037141 0.047544
0 0.473438 0.721875 0.022186 0.028591
0 0.551562 0.730208 0.028049 0.040268
0 0.232813 0.729167 0.019909 0.025929
0 0.7 0.733333 0.018773 0.023107
0 0.270313 0.757292 0.023878 0.029636
0 0.230469 0.765625 0.019574 0.023676
0 0.760156 0.78125 0.028696 0.035787
0 0.930469 0.797917 0.026593 0.033416
0 0.235937 0.808333 0.031892 0.039969
0 0.375781 0.8125 0.022383 0.029621
0 0.869531 0.820833 0.02606 0.040226
0 0.735156 0.81875 0.018939 0.024442
0 0.766406 0.83125 0.028036 0.038744
0 0.844531 0.838542 0.028009 0.039948
0 0.340625 0.832292 0.018939 0.024442
0 0.217969 0.847917 0.029089 0.036562
0 0.122656 0.852083 0.033437 0.038729
0 0.253125 0.854167 0.030137 0.037693
0 0.535937 0.853125 0.01902 0.024748
0 0.367969 0.855208 0.018756 0.022285
0 0.739062 0.857292 0.019574 0.023676
0 0.251563 0.876042 0.034468 0.042315
0 0.114844 0.873958 0.022861 0.027439
0 0.969531 0.8875 0.023623 0.035791
0 0.453906 0.892708 0.02989 0.035805
0 0.296094 0.904167 0.021727 0.028969
0 0.502344 0.919792 0.027491 0.033647
0 0.825 0.930208 0.032888 0.041397
0 0.122656 0.953125 0.021701 0.028014
0 0.346875 0.963542 0.032462 0.036477
0 0.178906 0.969792 0.028772 0.039197
0 0.594531 0.965625 0.018773 0.023107
0 0.466406 0.96875 0.021479 0.027243
0 0.2875 0.972917 0.02317 0.029214
0 0.222656 0.978125 0.028771 0.035224
0 0.255469 0.978125 0.021339 0.026862
0 0.410938 0.983268 0.026279 0.033463