0 0.071094 0.025 0.027603 0.031194
0 0.347656 0.025 0.020441 0.025129
0 0.1875 0.03125 0.018029 0.025068
0 0.111719 0.036458 0.018756 0.022285
0 0.264844 0.041667 0.020441 0.025129
0 0.057813 0.05 0.023319 0.029672
0 0.509375 0.060417 0.025307 0.033133
0 0.474219 0.073958 0.018827 0.023629
0 0.614844 0.089583 0.019057 0.027229
0 0.445312 0.097917 0.020046 0.026244
0 0.267188 0.117708 0.029907 0.036794
0 0.486719 0.117708 0.021479 0.027243
0 0.151562 0.128125 0.019925 0.025905
0 0.804688 0.134375 0.024584 0.031012
0 0.490625 0.13125 0.017438 0.024063
0 0.220312 0.136458 0.021161 0.025349
0 0.113281 0.185417 0.021104 0.024098
0 0.284375 0.197917 0.026249 0.031562
0 0.40625 0.207292 0.019627 0.024405
0 0.913281 0.222917 0.026299 0.033348
0 0.817969 0.229167 0.018124 0.023544
0 0.907813 0.264583 0.022695 0.02514
0 0.313281 0.283333 0.021239 0.025868
0 0.023438 0.289583 0.019627 0.024405
0 0.613281 0.303125 0.025055 0.02666
0 0.171875 0.310417 0.023796 0.029832
0 0.249219 0.309375 0.025081 0.027379
0 0.309375 0.31875 0.023232 0.0323
0 0.142187 0.322917 0.025157 0.035606
0 0.425 0.35 0.020328 0.024087
0 0.913281 0.363542 0.027597 0.033767
0 0.334375 0.363542 0.020046 0.026244
0 0.610938 0.408333 0.023597 0.02855
0 0.360156 0.410417 0.02168 0.028193
0 0.548438 0.426042 0.026657 0.03595
0 0.853125 0.442708 0.02563 0.038294
0 0.24375 0.444792 0.023778 0.030992
0 0.123438 0.458333 0.020537 0.027934
0 0.576562 0.470833 0.020537 0.027934
0 0.588281 0.479167 0.02198 0.027324
0 0.532031 0.486458 0.023557 0.030821
0 0.726562 0.4875 0.026221 0.032529
0 0.075 0.5 0.022828 0.027821
0 0.382031 0.511458 0.018442 0.024589
0 0.864844 0.522917 0.024425 0.030612
0 0.047656 0.539583 0.021105 0.028403
0 0.722656 0.551042 0.021264 0.026134
0 0.046875 0.555208 0.022017 0.028277
0 0.25625 0.602083 0.019925 0.025905
0 0.090625 0.608333 0.019792 0.025321
0 0.453906 0.613542 0.021796 0.02989
0 0.514062 0.614583 0.020058 0.027568
0 0.927344 0.629167 0.034024 0.037283
0 0.324219 0.653125 0.021999 0.028864
0 0.714063 0.684375 0.023705 0.038635
0 0.735156 0.685417 0.022937 0.028155
0 0.119531 0.685417 0.021161 0.025349
0 0.072656 0.701042 0.018939 0.024442
0 0.382031 0.707292 0.025116 0.032498
0 0.982812 0.711458 0.019098 0.028216
0 0.701562 0.715625 0.019531 0.027421
0 0.926562 0.717708 0.023293 0.029834
0 0.59375 0.729167 0.028228 0.032699
0 0.75625 0.747917 0.019733 0.025046
0 0.836719 0.764583 0.023224 0.036781
0 0.222656 0.772917 0.021362 0.02664
0 0.142969 0.775 0.021314 0.02663
0 0.305469 0.789583 0.02217 0.02922
0 0.613281 0.808333 0.020441 0.025129
0 0.234375 0.81875 0.019925 0.025905
0 0.617188 0.830208 0.026008 0.033043
0 0.084375 0.838542 0.023796 0.029832
0 0.110937 0.839583 0.029791 0.030616
0 0.240625 0.8375 0.018161 0.023679
0 0.542188 0.842708 0.018406 0.026178
0 0.013281 0.853125 0.021701 0.028014
0 0.020313 0.855208 0.021542 0.029952
0 0.982812 0.864583 0.019633 0.024542
0 0.235937 0.870833 0.029203 0.032524
0 0.775 0.882292 0.026 0.035478
0 0.880469 0.891667 0.024229 0.024547
0 0.550781 0.905208 0.022625 0.029341
0 0.228125 0.933333 0.023654 0.029634
0 0.208594 0.960417 0.024946 0.031337
0 0.314063 0.963542 0.022995 0.032052
0 0.0625 0.979167 0.025084 0.031877
0 0.832812 0.983333 0.023385 0.032449
0 0.204687 0.986068 0.026668 0.027864
0 0.951562 0.986581 0.022883 0.026838