0 0.736719 0.009226 0.019627 0.018453
0 0.021875 0.015056 0.028771 0.030112
0 0.032031 0.011127 0.019574 0.022255
0 0.950781 0.010595 0.018827 0.021189
0 0.085156 0.016863 0.027736 0.033727
0 0.769531 0.017254 0.028021 0.034508
0 0.939844 0.01291 0.021362 0.02582
0 0.264062 0.026042 0.022828 0.027821
0 0.803906 0.025 0.018008 0.02309
0 0.089844 0.028125 0.019178 0.025168
0 0.794531 0.041667 0.027953 0.038013
0 0.285156 0.045833 0.017438 0.024063
0 0.301563 0.047917 0.0201 0.026364
0 0.253125 0.051042 0.018827 0.023629
0 0.747656 0.058333 0.024263 0.040809
0 0.610156 0.055208 0.018773 0.023107
0 0.460938 0.057292 0.019574 0.023676
0 0.557031 0.059375 0.021161 0.025349
0 0.244531 0.072917 0.033067 0.045141
0 0.128906 0.073958 0.030455 0.040088
0 0.289844 0.069792 0.021362 0.02664
0 0.201563 0.069792 0.019574 0.023676
0 0.8125 0.071875 0.019733 0.025046
0 0.489063 0.075 0.023556 0.02766
0 0.346094 0.076042 0.019084 0.024921
0 0.865625 0.079167 0.018029 0.025068
0 0.721094 0.080208 0.018939 0.024442
0 0.623437 0.097917 0.041254 0.053322
0 0.142969 0.0875 0.020328 0.024087
0 0.601562 0.096875 0.028853 0.03738
0 0.546094 0.09375 0.021161 0.025349
0 0.845313 0.111458 0.033386 0.052993
0 0.8875 0.109375 0.030106 0.039186
0 0.264844 0.10625 0.019627 0.024405
0 0.90625 0.10625 0.018939 0.024442
0 0.127344 0.117708 0.035463 0.038912
0 0.177344 0.129167 0.028686 0.042546
0 0.553906 0.128125 0.025842 0.036561
0 0.400781 0.123958 0.022788 0.02699
0 0.085156 0.123958 0.018827 0.023629
0 0.107031 0.123958 0.018756 0.022285
0 0.367969 0.125 0.019558 0.02407
0 0.649219 0.130208 0.021314 0.02663
0 0.08125 0.1375 0.019531 0.027421
0 0.722656 0.148958 0.032154 0.038213
0 0.839844 0.14375 0.019627 0.024405
0 0.819531 0.146875 0.019446 0.026546
0 0.042969 0.153125 0.027279 0.037581
0 0.096875 0.147917 0.020371 0.024457
0 0.767969 0.154167 0.023447 0.026119
0 0.889062 0.153125 0.019733 0.025046
0 0.707812 0.154167 0.01882 0.024173
0 0.908594 0.155208 0.018161 0.023679
0 0.701562 0.161458 0.028106 0.035108
0 0.7875 0.163542 0.035676 0.038581
0 0.382031 0.160417 0.017438 0.024063
0 0.748437 0.176042 0.032228 0.054721
0 0.25 0.171875 0.03444 0.040153
0 0.373437 0.164583 0.019012 0.028214
0 0.886719 0.171875 0.027522 0.031911
0 0.211719 0.170833 0.023183 0.031878
0 0.649219 0.169792 0.018561 0.025359
0 0.1375 0.175 0.0201 0.026364
0 0.720313 0.177083 0.020371 0.024457
0 0.178125 0.184375 0.02732 0.035414
0 0.01875 0.179167 0.018773 0.023107
0 0.896875 0.184375 0.029183 0.034247
0 0.585156 0.186458 0.02854 0.036758
0 0.517969 0.183333 0.020328 0.024087
0 0.867969 0.1875 0.024436 0.029089
0 0.453125 0.1875 0.019909 0.025929
0 0.834375 0.190625 0.029307 0.034742
0 0.672656 0.190625 0.024377 0.029518
0 0.097656 0.191667 0.018561 0.025359
0 0.204687 0.197917 0.023741 0.031149
0 0.078906 0.214583 0.028246 0.052239
0 0.709375 0.203125 0.022707 0.026328
0 0.854688 0.202083 0.019925 0.025905
0 0.825 0.204167 0.023556 0.02766
0 0.209375 0.208333 0.019909 0.025929
0 0.051562 0.209375 0.020697 0.026524
0 0.3125 0.208333 0.019574 0.023676
0 0.224219 0.210417 0.021978 0.027245
0 0.505469 0.215625 0.027605 0.033962
0 0.707031 0.213542 0.023491 0.027306
0 0.803125 0.220833 0.022815 0.027608
0 0.417969 0.221875 0.023097 0.028871
0 0.744531 0.220833 0.021161 0.025349
0 0.957031 0.220833 0.018939 0.024442
0 0.284375 0.229167 0.02886 0.039728
0 0.760156 0.222917 0.020328 0.024087
0 0.766406 0.226042 0.018999 0.02628
0 0.338281 0.228125 0.024371 0.028101
0 0.427344 0.227083 0.021239 0.025868
0 0.722656 0.226042 0.018756 0.022285
0 0.811719 0.233333 0.037741 0.036755
0 0.052344 0.233333 0.019178 0.025168
0 0.698438 0.23125 0.018756 0.022285
0 0.727344 0.232292 0.018161 0.023679
0 0.503125 0.235417 0.018773 0.023107
0 0.221875 0.242708 0.027472 0.035676
0 0.175 0.241667 0.018773 0.023107
0 0.975781 0.242708 0.021314 0.02663
0 0.276562 0.24375 0.0197 0.025227
0 0.683594 0.254167 0.027049 0.042186
0 0.746094 0.253125 0.034669 0.042803
0 0.154688 0.251042 0.019909 0.025929
0 0.079687 0.252083 0.019574 0.023676
0 0.309375 0.253125 0.022707 0.026328
0 0.577344 0.254167 0.020441 0.025129
0 0.242188 0.260417 0.022766 0.03074
0 0.8125 0.259375 0.019574 0.023676
0 0.053906 0.26875 0.0328 0.046215
0 0.070312 0.2625 0.019627 0.024405
0 0.371094 0.265625 0.024467 0.034451
0 0.809375 0.269792 0.01971 0.025332
0 0.6 0.272917 0.02588 0.029593
0 0.299219 0.280208 0.034102 0.039312
0 0.716406 0.278125 0.022489 0.033625
0 0.190625 0.280208 0.020046 0.026244
0 0.692969 0.280208 0.018773 0.023107
0 0.776563 0.285417 0.033693 0.035933
0 0.896875 0.284375 0.018769 0.023116
0 0.795312 0.285417 0.017317 0.024011
0 0.105469 0.296875 0.028556 0.04266
0 0.507812 0.296875 0.029429 0.035032
0 0.258594 0.29375 0.021701 0.028014
0 0.298438 0.303125 0.027188 0.041456
0 0.573438 0.301042 0.029014 0.035575
0 0.752344 0.294792 0.02032 0.023137
0 0.5375 0.296875 0.019992 0.026974
0 0.552344 0.302083 0.030827 0.038244
0 0.189062 0.298958 0.021198 0.026257
0 0.700781 0.3 0.02203 0.026707
0 0.771094 0.309375 0.052442 0.041724
0 0.454688 0.307292 0.029429 0.035032
0 0.907031 0.309375 0.026901 0.032323
0 0.036719 0.310417 0.022227 0.031837
0 0.324219 0.307292 0.018161 0.023679
0 0.739844 0.308333 0.018939 0.024442
0 0.505469 0.314583 0.018331 0.025253
0 0.692187 0.31875 0.023556 0.02766
0 0.529687 0.322917 0.025982 0.033258
0 0.295312 0.325 0.0201 0.026364
0 0.141406 0.334375 0.025048 0.026775
0 0.3 0.334375 0.019792 0.025321
0 0.860156 0.34375 0.027703 0.039899
0 0.550781 0.339583 0.027448 0.028969
0 0.234375 0.344792 0.024166 0.030959
0 0.405469 0.346875 0.029623 0.036902
0 0.572656 0.342708 0.021161 0.025349
0 0.990178 0.344792 0.019644 0.027934
0 0.74375 0.345833 0.018029 0.025068
0 0.126562 0.346875 0.01971 0.025332
0 0.907813 0.345833 0.018846 0.02378
0 0.135937 0.352083 0.025781 0.032981
0 0.453125 0.351042 0.020058 0.027568
0 0.486719 0.348958 0.018161 0.023679
0 0.769531 0.3625 0.025183 0.032816
0 0.030469 0.360417 0.021239 0.025868
0 0.940625 0.363542 0.020288 0.027694
0 0.79375 0.364583 0.01971 0.025332
0 0.829688 0.365625 0.023521 0.026804
0 0.457813 0.367708 0.019429 0.026567
0 0.301563 0.372917 0.028073 0.035159
0 0.205469 0.378125 0.035601 0.042288
0 0.264844 0.373958 0.02397 0.033798
0 0.685937 0.370833 0.018161 0.023679
0 0.607031 0.377083 0.032104 0.03564
0 0.328125 0.373958 0.019925 0.025905
0 0.367969 0.379167 0.023952 0.034149
0 0.728906 0.378125 0.021796 0.02989
0 0.80625 0.378125 0.022883 0.028677
0 0.167187 0.380208 0.026159 0.03105
0 0.66875 0.380208 0.020479 0.026286
0 0.6875 0.380208 0.019992 0.026974
0 0.772656 0.384375 0.029697 0.033357
0 0.3375 0.38125 0.021161 0.025349
0 0.715625 0.382292 0.020046 0.026244
0 0.872656 0.3875 0.018304 0.026169
0 0.347656 0.398958 0.033875 0.041094
0 0.459375 0.394792 0.022729 0.02728
0 0.051562 0.397917 0.020328 0.024087
0 0.4 0.407292 0.023786 0.032659
0 0.235156 0.405208 0.020566 0.026042
0 0.625781 0.405208 0.018008 0.02309
0 0.896094 0.411458 0.027965 0.034071
0 0.509375 0.415625 0.028336 0.033814
0 0.13125 0.4125 0.021161 0.025349
0 0.146094 0.413542 0.023607 0.028741
0 0.058594 0.41875 0.021105 0.028403
0 0.542969 0.417708 0.018561 0.025359
0 0.747656 0.417708 0.018161 0.023679
0 0.661719 0.420833 0.023718 0.029015
0 0.120313 0.421875 0.019714 0.027305
0 0.488281 0.420833 0.02426 0.027326
0 0.595313 0.422917 0.024309 0.031325
0 0.08125 0.428125 0.021542 0.027554
0 0.078125 0.4875 0.100458 0.141757
0 0.169531 0.44375 0.029451 0.046683
0 0.323437 0.442708 0.033071 0.039125
0 0.495312 0.438542 0.01971 0.025332
0 0.388281 0.441667 0.02077 0.027051
0 0.889844 0.442708 0.021563 0.029929
0 0.416406 0.444792 0.021479 0.027243
0 0.392188 0.455208 0.020058 0.027568
0 0.510156 0.458333 0.02679 0.03209
0 0.146875 0.457292 0.023931 0.031351
0 0.428906 0.457292 0.024494 0.031715
0 0.905469 0.45625 0.017438 0.024063
0 0.483594 0.460417 0.026923 0.031899
0 0.035937 0.463542 0.024494 0.031715
0 0.60625 0.464583 0.019627 0.024405
0 0.522656 0.465625 0.018161 0.023679
0 0.5625 0.465625 0.019909 0.025929
0 0.622656 0.46875 0.017759 0.024215
0 0.690625 0.478125 0.020745 0.031408
0 0.423438 0.479167 0.026299 0.033348
0 0.055469 0.478125 0.018354 0.025228
0 0.358594 0.483333 0.02732 0.035414
0 0.473438 0.48125 0.026061 0.032032
0 0.120313 0.489583 0.029951 0.038596
0 0.167187 0.488542 0.023471 0.0311
0 0.179688 0.485417 0.019638 0.024534
0 0.625 0.486458 0.020676 0.026744
0 0.508594 0.488542 0.025056 0.029313
0 0.428125 0.495833 0.028005 0.034371
0 0.283594 0.492708 0.019429 0.026567
0 0.19375 0.497917 0.019558 0.02407
0 0.345313 0.504167 0.024182 0.034926
0 0.671094 0.501042 0.01902 0.024748
0 0.389062 0.501042 0.018769 0.023116
0 0.617188 0.504167 0.018756 0.022285
0 0.855469 0.507292 0.021701 0.028014
0 0.6125 0.50625 0.018773 0.023107
0 0.285156 0.510417 0.02475 0.031228
0 0.928906 0.50625 0.018827 0.023629
0 0.673438 0.515625 0.037034 0.039292
0 0.365625 0.509375 0.019178 0.025168
0 0.571875 0.514583 0.026376 0.032785
0 0.1875 0.513542 0.018784 0.026311
0 0.526563 0.513542 0.018939 0.024442
0 0.124219 0.525 0.028686 0.042546
0 0.317188 0.516667 0.019638 0.024534
0 0.389844 0.515625 0.018827 0.023629
0 0.650781 0.528125 0.037341 0.040524
0 0.196094 0.523958 0.021542 0.027554
0 0.911719 0.526042 0.018921 0.024472
0 0.357812 0.529167 0.021894 0.026105
0 0.38125 0.532292 0.025841 0.035965
0 0.145313 0.5375 0.018756 0.022285
0 0.421875 0.545833 0.027036 0.038034
0 0.321094 0.546875 0.02479 0.031527
0 0.66875 0.547917 0.022756 0.02825
0 0.850781 0.558333 0.031 0.048289
0 0.30625 0.547917 0.018756 0.022285
0 0.438281 0.553125 0.030597 0.033915
0 0.482031 0.561458 0.052431 0.040828
0 0.101562 0.557292 0.02217 0.02922
0 0.350781 0.567708 0.034137 0.050618
0 0.186719 0.561458 0.026585 0.035972
0 0.55 0.557292 0.020046 0.026244
0 0.604688 0.557292 0.019792 0.025321
0 0.832812 0.558333 0.019574 0.023676
0 0.585938 0.5625 0.023964 0.032621
0 0.094531 0.560417 0.018769 0.023116
0 0.3125 0.5625 0.018921 0.024472
0 0.905469 0.564583 0.022128 0.030307
0 0.075 0.572917 0.029268 0.03763
0 0.304688 0.571875 0.026281 0.032051
0 0.273438 0.567708 0.019543 0.023126
0 0.335938 0.567708 0.020441 0.025129
0 0.432812 0.572917 0.020566 0.026042
0 0.591406 0.573958 0.021819 0.028356
0 0.025781 0.572917 0.01902 0.024748
0 0.511719 0.575 0.021339 0.026862
0 0.33125 0.576042 0.020566 0.026042
0 0.936719 0.584375 0.023597 0.02855
0 0.315625 0.583333 0.019574 0.023676
0 0.989638 0.588542 0.020724 0.034487
0 0.333594 0.585417 0.021546 0.027548
0 0.309375 0.585417 0.018756 0.022285
0 0.110937 0.592708 0.021978 0.027245
0 0.420312 0.594792 0.024182 0.034926
0 0.803125 0.602083 0.028606 0.036385
0 0.725 0.596875 0.019909 0.025929
0 0.326562 0.601042 0.022945 0.029561
0 0.338281 0.605208 0.022551 0.029062
0 0.077344 0.627083 0.055027 0.063698
0 0.653906 0.614583 0.026026 0.036828
0 0.850781 0.608333 0.018008 0.02309
0 0.121094 0.614583 0.024794 0.030839
0 0.10625 0.614583 0.021104 0.024098
0 0.353125 0.614583 0.022828 0.027821
0 0.485938 0.61875 0.022856 0.029993
0 0.475 0.620833 0.021978 0.027245
0 0.349219 0.634375 0.028167 0.04066
0 0.228906 0.630208 0.019909 0.025929
0 0.279687 0.632292 0.022111 0.027748
0 0.419531 0.632292 0.01971 0.025332
0 0.410156 0.639583 0.029719 0.032411
0 0.969531 0.6375 0.025543 0.032425
0 0.454688 0.639583 0.023556 0.02766
0 0.264062 0.641667 0.0201 0.026364
0 0.442188 0.640625 0.019178 0.025168
0 0.328906 0.655208 0.026273 0.033081
0 0.261719 0.655208 0.023565 0.027875
0 0.241406 0.661458 0.018756 0.022285
0 0.911719 0.663542 0.021479 0.027243
0 0.660156 0.663542 0.020341 0.025073
0 0.046875 0.665625 0.023512 0.02835
0 0.645312 0.670833 0.027031 0.037398
0 0.411719 0.673958 0.029623 0.036902
0 0.310937 0.672917 0.041467 0.037267
0 0.290625 0.675 0.021202 0.026349
0 0.328125 0.680208 0.019574 0.023676
0 0.20625 0.690625 0.024975 0.031796
0 0.078906 0.690625 0.021542 0.027554
0 0.486719 0.688542 0.021239 0.025868
0 0.64375 0.696875 0.023026 0.028919
0 0.432812 0.702083 0.022128 0.030307
0 0.249219 0.702083 0.02203 0.026707
0 0.776563 0.704167 0.023293 0.029834
0 0.317969 0.710417 0.034564 0.04058
0 0.46875 0.705208 0.025345 0.030561
0 0.132812 0.708333 0.025273 0.030852
0 0.697656 0.716667 0.025541 0.034209
0 0.757812 0.725 0.025474 0.036495
0 0.274219 0.73125 0.027538 0.039276
0 0.555469 0.729167 0.029962 0.035201
0 0.13125 0.725 0.018756 0.022285
0 0.653906 0.729167 0.023063 0.030344
0 0.446875 0.73125 0.027474 0.029548
0 0.288281 0.733333 0.019638 0.024534
0 0.133594 0.734375 0.02203 0.026707
0 0.914062 0.734375 0.018876 0.02557
0 0.969531 0.736458 0.018008 0.02309
0 0.2625 0.739583 0.021894 0.026105
0 0.171875 0.742708 0.019925 0.025905
0 0.007037 0.74375 0.014074 0.023107
0 0.3375 0.74375 0.018756 0.022285
0 0.6375 0.753125 0.022242 0.030281
0 0.604688 0.753125 0.019574 0.023676
0 0.678125 0.759375 0.024039 0.030661
0 0.946094 0.758333 0.019429 0.026567
0 0.545312 0.764583 0.029819 0.036593
0 0.36875 0.769792 0.027235 0.034462
0 0.578125 0.765625 0.019429 0.026567
0 0.046875 0.771875 0.027276 0.037584
0 0.910156 0.766667 0.018921 0.024472
0 0.524219 0.767708 0.019681 0.02538
0 0.804688 0.767708 0.017317 0.024011
0 0.314844 0.783333 0.031562 0.048272
0 0.171875 0.78125 0.027152 0.03818
0 0.767188 0.7875 0.023185 0.034666
0 0.609375 0.786458 0.021366 0.030493
0 0.042969 0.785417 0.019638 0.024534
0 0.154688 0.796875 0.029957 0.045951
0 0.442188 0.801042 0.024672 0.039896
0 0.629687 0.797917 0.025781 0.037005
0 0.829688 0.794792 0.019992 0.026974
0 0.094531 0.794792 0.018827 0.023629
0 0.225781 0.803125 0.029426 0.042129
0 0.272656 0.801042 0.026551 0.034902
0 0.139844 0.798958 0.019119 0.029231
0 0.260156 0.796875 0.018756 0.022285
0 0.471875 0.797917 0.020676 0.026744
0 0.519531 0.809375 0.046827 0.050933
0 0.459375 0.80625 0.029677 0.035693
0 0.765625 0.802083 0.018756 0.022285
0 0.159375 0.80625 0.018442 0.027169
0 0.757031 0.811458 0.03411 0.037732
0 0.395313 0.8125 0.025032 0.034809
0 0.092188 0.814583 0.025032 0.034809
0 0.179688 0.81875 0.03047 0.036282
0 0.735156 0.823958 0.027851 0.043442
0 0.2 0.81875 0.022017 0.028277
0 0.939844 0.832292 0.026964 0.044134
0 0.65625 0.826042 0.019693 0.028264
0 0.302344 0.83125 0.027472 0.035676
0 0.608594 0.85 0.039474 0.056814
0 0.985156 0.8375 0.021145 0.028907
0 0.326562 0.840625 0.01902 0.024748
0 0.924219 0.861458 0.025991 0.042129
0 0.04375 0.865625 0.02864 0.040139
0 0.311719 0.863542 0.031264 0.03855
0 0.561719 0.863542 0.020736 0.028573
0 0.147656 0.867708 0.018773 0.023107
0 0.346094 0.879167 0.028515 0.044051
0 0.726562 0.883333 0.018756 0.022285
0 0.178906 0.89375 0.019574 0.023676
0 0.425781 0.904167 0.025545 0.038899
0 0.0375 0.90625 0.018756 0.022285
0 0.522656 0.915625 0.030956 0.035561
0 0.107031 0.914583 0.023771 0.032677
0 0.280469 0.916667 0.018784 0.026311
0 0.990807 0.925 0.018387 0.029656
0 0.290625 0.928125 0.022551 0.029062
0 0.167969 0.934375 0.028005 0.034371
0 0.574219 0.944792 0.038397 0.060271
0 0.80625 0.944792 0.032178 0.034216
0 0.435156 0.960417 0.034434 0.044822
0 0.660937 0.958333 0.026724 0.034099
0 0.682031 0.959375 0.021038 0.029672
0 0.420312 0.969792 0.022756 0.02825
0 0.453906 0.969792 0.019531 0.027421
0 0.228125 0.977083 0.023345 0.03313
0 0.641406 0.977083 0.022376 0.031057