0 0.039062 0.009338 0.019693 0.018676
0 0.857031 0.012036 0.018354 0.024072
0 0.460938 0.065625 0.019733 0.025046
0 0.085156 0.102083 0.018939 0.024442
0 0.213281 0.115625 0.020313 0.025
0 0.204687 0.155208 0.020288 0.027694
0 0.060937 0.2 0.018354 0.027152
0 0.008183 0.29375 0.016367 0.02989
0 0.285156 0.290625 0.018827 0.023629
0 0.396094 0.347917 0.02032 0.023137
0 0.008546 0.355208 0.017093 0.025359
0 0.300781 0.564583 0.021618 0.02791
0 0.720313 0.588542 0.019558 0.02407
0 0.780469 0.697917 0.019593 0.02836
0 0.319531 0.755208 0.021264 0.026134
0 0.135156 0.775 0.018008 0.02309
0 0.190625 0.823958 0.020416 0.025301
0 0.753906 0.827083 0.019119 0.025492
0 0.036719 0.990956 0.019574 0.018088