0 0.367969 0.016667 0.018008 0.02309
0 0.332813 0.028125 0.019574 0.023676
0 0.763281 0.035417 0.025348 0.03196
0 0.901563 0.0625 0.022729 0.02728
0 0.789062 0.094792 0.018008 0.02309
0 0.336719 0.104167 0.022766 0.03074
0 0.824219 0.103125 0.019531 0.026042
0 0.653906 0.1125 0.021239 0.025868
0 0.060937 0.117708 0.026662 0.033778
0 0.489844 0.114583 0.021701 0.028014
0 0.719531 0.144792 0.021362 0.02664
0 0.889062 0.153125 0.019574 0.023676
0 0.755469 0.1625 0.02168 0.028193
0 0.723437 0.178125 0.023987 0.031479
0 0.421094 0.185417 0.018331 0.025253
0 0.870313 0.1875 0.023583 0.030562
0 0.470313 0.192708 0.019627 0.024405
0 0.253125 0.204167 0.022768 0.026762
0 0.14375 0.220833 0.022937 0.028155
0 0.972656 0.234375 0.02032 0.023137
0 0.470313 0.235417 0.018756 0.022285
0 0.725 0.266667 0.021314 0.02663
0 0.266406 0.265625 0.018124 0.023544
0 0.314844 0.288542 0.018008 0.02309
0 0.745313 0.290625 0.021104 0.024098
0 0.550781 0.294792 0.018827 0.023629
0 0.271875 0.311458 0.024377 0.029518
0 0.723437 0.321875 0.018827 0.023629
0 0.449219 0.323958 0.018008 0.02309
0 0.339062 0.332292 0.028404 0.039509
0 0.010937 0.330208 0.019543 0.023126
0 0.173437 0.346875 0.02761 0.03662
0 0.335938 0.35 0.019893 0.027596
0 0.211719 0.365625 0.018756 0.022285
0 0.067969 0.384375 0.018939 0.024442
0 0.667188 0.401042 0.024456 0.029374
0 0.377344 0.410417 0.021339 0.026862
0 0.739844 0.432292 0.021701 0.028014
0 0.138281 0.441667 0.030767 0.040331
0 0.926562 0.435417 0.019909 0.025929
0 0.250781 0.445833 0.018008 0.02309
0 0.90625 0.464583 0.020697 0.026524
0 0.294531 0.478125 0.018939 0.024442
0 0.239844 0.490625 0.02032 0.023137
0 0.927344 0.494792 0.018124 0.023544
0 0.321875 0.5 0.019792 0.025321
0 0.909375 0.505208 0.02018 0.026907
0 0.863281 0.520833 0.030001 0.037085
0 0.386719 0.538542 0.026218 0.03426
0 0.520312 0.539583 0.027266 0.035711
0 0.517969 0.566667 0.024348 0.028789
0 0.298438 0.565625 0.019792 0.025321
0 0.452344 0.567708 0.018773 0.023107
0 0.508594 0.58125 0.020371 0.024457
0 0.414844 0.582292 0.018773 0.023107
0 0.863281 0.589583 0.025993 0.03769
0 0.911719 0.583333 0.01894 0.025253
0 0.417969 0.595833 0.023319 0.029672
0 0.5125 0.59375 0.019733 0.025046
0 0.117188 0.596875 0.019925 0.025905
0 0.644531 0.609375 0.024496 0.029918
0 0.647656 0.619792 0.02143 0.027648
0 0.417187 0.628125 0.019574 0.023676
0 0.6 0.642708 0.021116 0.030583
0 0.725781 0.660417 0.021259 0.028345
0 0.917969 0.665625 0.018561 0.025359
0 0.078906 0.669792 0.021259 0.029733
0 0.73125 0.673958 0.029593 0.035651
0 0.471094 0.671875 0.019574 0.023676
0 0.889844 0.677083 0.021999 0.028864
0 0.965625 0.68125 0.023219 0.032221
0 0.546875 0.682292 0.019925 0.025905
0 0.910156 0.684375 0.024736 0.030494
0 0.180469 0.690625 0.021314 0.02663
0 0.789062 0.691667 0.020801 0.028133
0 0.564063 0.691667 0.018756 0.022285
0 0.250781 0.709375 0.018999 0.02628
0 0.401562 0.719792 0.03084 0.039947
0 0.935937 0.719792 0.027266 0.035711
0 0.208594 0.732292 0.018756 0.022285
0 0.678125 0.7375 0.018773 0.023107
0 0.240625 0.741667 0.023592 0.027503
0 0.664062 0.741667 0.019574 0.023676
0 0.561719 0.747917 0.018008 0.02309
0 0.803906 0.752083 0.017759 0.024215
0 0.708594 0.763542 0.018354 0.025228
0 0.45625 0.785417 0.019733 0.025046
0 0.276562 0.815625 0.026621 0.033198
0 0.753125 0.821875 0.032582 0.037135
0 0.517969 0.81875 0.017757 0.026099
0 0.603125 0.822917 0.019119 0.025492
0 0.886719 0.821875 0.018008 0.02309
0 0.703906 0.839583 0.02606 0.030638
0 0.338281 0.875 0.024291 0.029293
0 0.828125 0.898958 0.022707 0.026328
0 0.646875 0.902083 0.019909 0.025929
0 0.089844 0.904167 0.019768 0.025593
0 0.875 0.905208 0.019638 0.024534
0 0.630469 0.926042 0.035461 0.044017
0 0.739844 0.935417 0.025552 0.033182
0 0.841406 0.941667 0.027672 0.036151
0 0.729688 0.942708 0.022883 0.028677
0 0.550781 0.967708 0.028906 0.037105
0 0.845313 0.965625 0.024847 0.031127
0 0.375781 0.96875 0.021479 0.027243
0 0.53125 0.982742 0.029674 0.034516
0 0.652344 0.98125 0.024033 0.032854