0 0.840625 0.03125 0.018939 0.024442
0 0.835938 0.048958 0.025161 0.030661
0 0.235156 0.08125 0.026159 0.03105
0 0.43125 0.1 0.026421 0.03234
0 0.0625 0.117708 0.026124 0.031426
0 0.475781 0.11875 0.025124 0.02956
0 0.116406 0.135417 0.021479 0.027243
0 0.853125 0.1375 0.020046 0.026244
0 0.167969 0.163542 0.024232 0.03436
0 0.082031 0.179167 0.024496 0.029918
0 0.941406 0.18125 0.018939 0.024442
0 0.739062 0.207292 0.022047 0.026945
0 0.089844 0.210417 0.025543 0.032425
0 0.721875 0.214583 0.029287 0.033514
0 0.811719 0.21875 0.02838 0.035433
0 0.667969 0.24375 0.030064 0.041337
0 0.815625 0.276042 0.024878 0.035954
0 0.939844 0.289583 0.028247 0.034847
0 0.394531 0.289583 0.025424 0.031337
0 0.459375 0.347917 0.025197 0.031603
0 0.021875 0.379167 0.022971 0.028458
0 0.708594 0.4125 0.020046 0.026244
0 0.98125 0.419792 0.021258 0.033506
0 0.91875 0.429167 0.019733 0.025046
0 0.150781 0.501042 0.021339 0.026862
0 0.798438 0.515625 0.024736 0.034375
0 0.536719 0.51875 0.025243 0.032454
0 0.079687 0.532292 0.025984 0.029621
0 0.415625 0.533333 0.018773 0.023107
0 0.980469 0.545833 0.023259 0.032779
0 0.264062 0.58125 0.024381 0.03447
0 0.815625 0.589583 0.022758 0.030751
0 0.24375 0.594792 0.019627 0.024405
0 0.164062 0.623958 0.020328 0.024087
0 0.661719 0.636458 0.025032 0.034809
0 0.709375 0.636458 0.019909 0.025929
0 0.582812 0.639583 0.019925 0.025905
0 0.864062 0.641667 0.023493 0.032412
0 0.525 0.673958 0.026843 0.031498
0 0.169531 0.7 0.026966 0.033171
0 0.979688 0.713542 0.026848 0.034118
0 0.501563 0.713542 0.022756 0.02825
0 0.897656 0.751042 0.027209 0.035083
0 0.789844 0.761458 0.022566 0.031762
0 0.395313 0.808333 0.020046 0.026244
0 0.4125 0.844792 0.030362 0.038669
0 0.366406 0.85625 0.021819 0.028356
0 0.651563 0.867708 0.020046 0.026244
0 0.325 0.876042 0.021259 0.028345
0 0.389062 0.8875 0.025881 0.033362
0 0.54375 0.948958 0.025905 0.030541
0 0.453125 0.95625 0.02499 0.034586
0 0.702344 0.957292 0.025714 0.032015
0 0.910937 0.960417 0.021267 0.029091