0 0.946875 0.06875 0.020537 0.027934
0 0.7 0.078125 0.022858 0.027444
0 0.282031 0.135417 0.0197 0.025227
0 0.654687 0.230208 0.019733 0.025046
0 0.367969 0.265625 0.026304 0.031816
0 0.826562 0.289583 0.021239 0.025868
0 0.592969 0.321875 0.018756 0.022285
0 0.686719 0.346875 0.021119 0.029767
0 0.360156 0.369792 0.018939 0.024442
0 0.046094 0.440625 0.022613 0.03015
0 0.660156 0.46875 0.023556 0.02766
0 0.292969 0.50625 0.022265 0.030253
0 0.4125 0.526042 0.022858 0.027444
0 0.871875 0.626042 0.020537 0.027934
0 0.470313 0.629167 0.02018 0.026907
0 0.395313 0.660417 0.026308 0.031809
0 0.686719 0.671875 0.020697 0.026524
0 0.260156 0.677083 0.022776 0.032111
0 0.425781 0.713542 0.026812 0.035114
0 0.827344 0.779167 0.024928 0.036255
0 0.352344 0.795833 0.024679 0.030191
0 0.175781 0.890625 0.018756 0.022285