0 0.699219 0.008681 0.018991 0.017361
0 0.514844 0.0875 0.024976 0.033622
0 0.675 0.185417 0.020416 0.025301
0 0.05 0.190625 0.020046 0.026244
0 0.653125 0.2375 0.020676 0.026744
0 0.625 0.358333 0.030157 0.040209
0 0.013281 0.419792 0.023964 0.032621
0 0.987695 0.419792 0.02461 0.025119
0 0.415625 0.538542 0.019925 0.025905
0 0.579688 0.54375 0.019792 0.025321
0 0.025 0.567708 0.024928 0.036255
0 0.115625 0.582292 0.019792 0.025321
0 0.385156 0.601042 0.021314 0.02663
0 0.742969 0.717708 0.028606 0.036385
0 0.973437 0.744792 0.019972 0.028419
0 0.36875 0.75625 0.019792 0.025321
0 0.064062 0.784375 0.028222 0.039025
0 0.538281 0.975 0.025022 0.026377