0 0.253125 0.034375 0.024584 0.031012
0 0.849219 0.033333 0.025288 0.029673
0 0.664062 0.054167 0.023268 0.032258
0 0.083594 0.116667 0.024496 0.029918
0 0.229687 0.1375 0.022047 0.026945
0 0.107031 0.171875 0.01882 0.024173
0 0.05625 0.257292 0.020046 0.026244
0 0.180469 0.34375 0.027558 0.032833
0 0.828906 0.39375 0.024107 0.034015
0 0.039062 0.414583 0.024578 0.029591
0 0.889062 0.495833 0.026011 0.035464
0 0.755469 0.560417 0.024652 0.030465
0 0.258594 0.573958 0.021479 0.027243
0 0.594531 0.676042 0.021819 0.028356
0 0.771094 0.739583 0.021796 0.02989
0 0.353906 0.747917 0.022776 0.032111
0 0.771875 0.776042 0.028772 0.039197
0 0.285938 0.810417 0.023771 0.032677
0 0.202344 0.864583 0.023103 0.02886
0 0.3875 0.907292 0.029435 0.036442
0 0.535937 0.938542 0.023319 0.029672
0 0.749219 0.955208 0.023878 0.029636
0 0.0625 0.983333 0.019574 0.023676
0 0.519531 0.985417 0.021999 0.028864
0 0.242188 0.987104 0.022758 0.025792
0 0.91875 0.988648 0.023607 0.022704