0 0.495312 0.013057 0.019057 0.026115
0 0.940625 0.012726 0.019925 0.025452
0 0.236719 0.014583 0.021362 0.02664
0 0.509375 0.016667 0.019792 0.025321
0 0.316406 0.019792 0.024348 0.028789
0 0.296094 0.019792 0.018939 0.024442
0 0.861719 0.029167 0.021788 0.030078
0 0.7625 0.08125 0.023319 0.029672
0 0.203125 0.083333 0.022777 0.026557
0 0.597656 0.09375 0.018008 0.02309
0 0.008792 0.13125 0.017585 0.026114
0 0.610938 0.130208 0.019638 0.024534
0 0.691406 0.176042 0.018442 0.024589
0 0.3 0.196875 0.029658 0.037217
0 0.429688 0.19375 0.019574 0.023676
0 0.285156 0.198958 0.018939 0.024442
0 0.567187 0.205208 0.019925 0.025905
0 0.464062 0.255208 0.019925 0.025905
0 0.610938 0.257292 0.019733 0.025046
0 0.736719 0.290625 0.020328 0.024087
0 0.334375 0.346875 0.018756 0.022285
0 0.248438 0.372917 0.022675 0.027132
0 0.790625 0.414583 0.023432 0.030501
0 0.452344 0.486458 0.018939 0.024442
0 0.371875 0.4875 0.018756 0.022285
0 0.453125 0.494792 0.019733 0.025046
0 0.459375 0.505208 0.018769 0.023116
0 0.273438 0.519792 0.019543 0.023126
0 0.413281 0.561458 0.021259 0.028345
0 0.457031 0.623958 0.019178 0.025168
0 0.060937 0.658333 0.022937 0.028155
0 0.202344 0.692708 0.027753 0.034375
0 0.301563 0.697917 0.020416 0.025301
0 0.25 0.775 0.023139 0.033697
0 0.085938 0.841667 0.019868 0.025663
0 0.242969 0.876042 0.019574 0.023676
0 0.365625 0.951042 0.019733 0.025046
0 0.776563 0.967708 0.019543 0.023126