0 0.88125 0.009455 0.019792 0.01891
0 0.517188 0.030208 0.023731 0.033941
0 0.796094 0.061458 0.021239 0.025868
0 0.885938 0.209375 0.019574 0.023676
0 0.3125 0.232292 0.02545 0.035034
0 0.051562 0.304167 0.02317 0.029214
0 0.264844 0.410417 0.024847 0.031127
0 0.023438 0.480208 0.020493 0.029307
0 0.302344 0.585417 0.030577 0.032968
0 0.903125 0.615625 0.020938 0.027401
0 0.210938 0.68125 0.025095 0.028633
0 0.4 0.683333 0.019893 0.027596
0 0.05625 0.721875 0.021921 0.025381
0 0.828125 0.777083 0.037693 0.046856
0 0.694531 0.854167 0.025243 0.032454
0 0.302344 0.941667 0.021618 0.02791
0 0.488281 0.95 0.028416 0.03589