0 0.717187 0.069792 0.019574 0.023676
0 0.625 0.077083 0.02648 0.033546
0 0.85 0.127083 0.0201 0.026364
0 0.295312 0.136458 0.018442 0.024589
0 0.79375 0.160417 0.020509 0.032429
0 0.621094 0.179167 0.022788 0.02699
0 0.450781 0.183333 0.022152 0.027355
0 0.758594 0.211458 0.021701 0.028014
0 0.224219 0.23125 0.021239 0.025868
0 0.636719 0.2375 0.018876 0.02557
0 0.007321 0.263542 0.014642 0.025929
0 0.932031 0.295833 0.021339 0.026862
0 0.986719 0.294792 0.018773 0.023107
0 0.716406 0.311458 0.021131 0.02449
0 0.083594 0.3375 0.021479 0.027243
0 0.435937 0.340625 0.021816 0.032581
0 0.967969 0.342708 0.017353 0.027093
0 0.4125 0.346875 0.020416 0.025301
0 0.784375 0.354167 0.019638 0.024534
0 0.975781 0.369792 0.02032 0.023137
0 0.071875 0.411458 0.019909 0.025929
0 0.292187 0.441667 0.02168 0.028193
0 0.708594 0.446875 0.021479 0.027243
0 0.082031 0.5 0.021479 0.027243
0 0.521094 0.510417 0.018008 0.02309
0 0.064062 0.527083 0.0201 0.026364
0 0.300781 0.56875 0.028258 0.036196
0 0.309375 0.5875 0.020801 0.028133
0 0.33125 0.619792 0.019909 0.025929
0 0.930469 0.628125 0.022695 0.02514
0 0.68125 0.660417 0.023556 0.02766
0 0.396094 0.677083 0.018939 0.024442
0 0.98125 0.677083 0.019574 0.023676
0 0.317188 0.682292 0.020147 0.028452
0 0.835156 0.716667 0.020496 0.028281
0 0.976562 0.740625 0.019925 0.025905
0 0.058594 0.752083 0.021618 0.02791
0 0.419531 0.752083 0.019531 0.026042
0 0.525781 0.760417 0.020328 0.024087
0 0.090625 0.7625 0.019909 0.025929
0 0.260156 0.785417 0.022363 0.033702
0 0.321875 0.7875 0.028044 0.034063
0 0.742969 0.792708 0.01882 0.024173
0 0.992675 0.792708 0.01465 0.025905
0 0.2875 0.805208 0.025727 0.032655
0 0.233594 0.817708 0.021479 0.027243
0 0.114062 0.832292 0.029147 0.031829
0 0.330469 0.857292 0.021701 0.028014
0 0.419531 0.858333 0.0223 0.028345
0 0.407031 0.8625 0.018304 0.026169
0 0.535156 0.910417 0.025307 0.033133
0 0.73125 0.947917 0.026593 0.033416