0 0.012103 0.015761 0.024206 0.031523
0 0.770312 0.03125 0.019909 0.025929
0 0.354687 0.2 0.027142 0.034874
0 0.728125 0.298958 0.019909 0.025929
0 0.340625 0.328125 0.018876 0.02557
0 0.108594 0.365625 0.022128 0.030307
0 0.43125 0.49375 0.020416 0.025301
0 0.16875 0.51875 0.020416 0.025301
0 0.480469 0.558333 0.024496 0.029918
0 0.502344 0.64375 0.025002 0.031555
0 0.284375 0.659375 0.023908 0.033445
0 0.667969 0.778125 0.021542 0.029952
0 0.178125 0.803125 0.023592 0.030549
0 0.725 0.930208 0.023319 0.029672
0 0.70625 0.959375 0.024211 0.032811
0 0.53125 0.9625 0.025957 0.03004
0 0.053906 0.975 0.057904 0.041412