0 0.814063 0.047917 0.019733 0.025046
0 0.753906 0.167708 0.021239 0.025868
0 0.18125 0.279167 0.0197 0.025227
0 0.644531 0.303125 0.021161 0.025349
0 0.291406 0.348958 0.018827 0.023629
0 0.165625 0.434375 0.019792 0.025321
0 0.544531 0.61875 0.018939 0.024442
0 0.060937 0.655208 0.02095 0.027383
0 0.166406 0.690625 0.021819 0.028356
0 0.134375 0.702083 0.022128 0.030307
0 0.20625 0.792708 0.025283 0.035826
0 0.399219 0.8 0.021796 0.030069
0 0.658594 0.8125 0.023515 0.026818
0 0.724219 0.820833 0.01875 0.023958
0 0.04375 0.953125 0.019574 0.023676
0 0.739844 0.991612 0.02032 0.016777