0 0.088281 0.016327 0.024319 0.032654
0 0.245312 0.016667 0.023654 0.029634
0 0.569531 0.013542 0.018939 0.024442
0 0.810156 0.032292 0.023144 0.03231
0 0.244531 0.041667 0.018331 0.025253
0 0.108594 0.05625 0.024341 0.028597
0 0.333594 0.077083 0.019574 0.023676
0 0.430469 0.09375 0.024847 0.031127
0 0.552344 0.164583 0.019531 0.026042
0 0.860156 0.169792 0.018773 0.023107
0 0.7 0.179167 0.020479 0.026286
0 0.115625 0.24375 0.019693 0.024852
0 0.985156 0.247917 0.018442 0.024589
0 0.903906 0.263542 0.022758 0.030751
0 0.041406 0.271875 0.02032 0.023137
0 0.642969 0.275 0.025219 0.029986
0 0.209375 0.275 0.018773 0.023107
0 0.633594 0.348958 0.021339 0.026862
0 0.685937 0.365625 0.023758 0.031125
0 0.70625 0.44375 0.020416 0.025301
0 0.246094 0.44375 0.018939 0.024442
0 0.817187 0.460417 0.018773 0.023107
0 0.64375 0.470833 0.020046 0.026244
0 0.934375 0.472917 0.023461 0.030231
0 0.138281 0.476042 0.021202 0.026349
0 0.320312 0.539583 0.020566 0.027421
0 0.074219 0.578125 0.02118 0.025185
0 0.561719 0.601042 0.021339 0.026862
0 0.304688 0.620833 0.025183 0.032816
0 0.05 0.645833 0.019792 0.025321
0 0.142187 0.657292 0.026228 0.036624
0 0.014844 0.680208 0.025032 0.034809
0 0.466406 0.745833 0.018096 0.024127
0 0.572656 0.7625 0.021339 0.026862
0 0.142187 0.779167 0.019792 0.025321
0 0.942187 0.783333 0.018773 0.023107
0 0.221094 0.80625 0.021819 0.028356
0 0.569531 0.865625 0.024359 0.033115
0 0.317188 0.889583 0.026987 0.033441
0 0.384375 0.885417 0.020134 0.027719
0 0.55625 0.913542 0.018756 0.022285
0 0.869531 0.977083 0.018442 0.024589