0 0.129688 0.030208 0.018784 0.026311
0 0.172656 0.091667 0.032185 0.040534
0 0.691406 0.089583 0.027612 0.032177
0 0.933594 0.147917 0.01902 0.024748
0 0.203125 0.316667 0.025162 0.036319
0 0.877344 0.319792 0.021339 0.026862
0 0.622656 0.411458 0.018773 0.023107
0 0.475781 0.465625 0.021542 0.027554
0 0.421875 0.480208 0.031356 0.037647
0 0.188281 0.4875 0.021239 0.025868
0 0.733594 0.501042 0.025611 0.031936
0 0.722656 0.519792 0.021896 0.030747
0 0.55 0.565625 0.02625 0.033969
0 0.084375 0.570833 0.026642 0.029619
0 0.026562 0.664583 0.0197 0.025227
0 0.478906 0.740625 0.02924 0.03539
0 0.644531 0.848958 0.025333 0.031738
0 0.7 0.903125 0.023583 0.030562
0 0.366406 0.923958 0.027235 0.034462
0 0.636719 0.927083 0.021546 0.027548
0 0.028125 0.985417 0.018161 0.023679