0 0.178906 0.030208 0.021542 0.027554
0 0.246875 0.0375 0.022868 0.029857
0 0.432031 0.052083 0.028924 0.035536
0 0.404687 0.055208 0.020676 0.026744
0 0.6125 0.067708 0.017301 0.024027
0 0.442188 0.073958 0.020479 0.026286
0 0.817969 0.101042 0.018773 0.023107
0 0.482031 0.148958 0.018331 0.025253
0 0.580469 0.164583 0.018939 0.024442
0 0.16875 0.166667 0.020422 0.025409
0 0.985938 0.238542 0.019909 0.025929
0 0.623437 0.271875 0.0257 0.033535
0 0.067187 0.330208 0.018939 0.024442
0 0.392969 0.330208 0.018008 0.02309
0 0.05625 0.339583 0.01971 0.025332
0 0.064844 0.342708 0.018161 0.023679
0 0.676562 0.452083 0.022758 0.026784
0 0.664844 0.486458 0.022758 0.030751
0 0.592969 0.5625 0.017759 0.024215
0 0.582031 0.570833 0.020328 0.024087
0 0.108594 0.583333 0.022128 0.030307
0 0.25 0.5875 0.018773 0.023107
0 0.726562 0.589583 0.018442 0.024589
0 0.642188 0.6125 0.023293 0.029834
0 0.571875 0.629167 0.018756 0.022285
0 0.085156 0.641667 0.020328 0.024087
0 0.057031 0.678125 0.0223 0.028345
0 0.165625 0.682292 0.019768 0.025593
0 0.813281 0.734375 0.017317 0.024011
0 0.511719 0.778125 0.020441 0.025129
0 0.024219 0.801042 0.020339 0.023705
0 0.473438 0.866667 0.018756 0.022285
0 0.390625 0.89375 0.023103 0.02886
0 0.921875 0.892708 0.019733 0.025046