0 0.167969 0.011636 0.018827 0.023273
0 0.875 0.042708 0.019925 0.025905
0 0.991183 0.047917 0.017634 0.026762
0 0.539844 0.145833 0.018442 0.024589
0 0.166406 0.171875 0.019638 0.024534
0 0.627344 0.219792 0.018939 0.024442
0 0.661719 0.276042 0.018442 0.024589
0 0.585156 0.310417 0.021339 0.026862
0 0.150781 0.340625 0.021131 0.02449
0 0.252344 0.367708 0.021161 0.025349
0 0.632812 0.410417 0.01971 0.025332
0 0.633594 0.416667 0.016702 0.023976
0 0.160938 0.447917 0.020371 0.024457
0 0.244531 0.451042 0.021119 0.029767
0 0.024219 0.453125 0.021788 0.030078
0 0.969531 0.573958 0.024291 0.029293
0 0.608594 0.676042 0.018124 0.023544
0 0.5875 0.791667 0.019909 0.025929
0 0.95625 0.854167 0.017438 0.024063
0 0.708594 0.873958 0.024336 0.03118
0 0.757031 0.888542 0.018331 0.025253
0 0.810156 0.901042 0.019574 0.023676
0 0.603906 0.966667 0.018561 0.025359
0 0.871875 0.972917 0.022983 0.028439