0 0.051562 0.113542 0.019792 0.025321
0 0.515625 0.1375 0.020058 0.027568
0 0.578125 0.160417 0.027672 0.036151
0 0.847656 0.216667 0.023451 0.027139
0 0.319531 0.275 0.021479 0.027243
0 0.121094 0.461458 0.018827 0.023629
0 0.386719 0.470833 0.019832 0.026443
0 0.776563 0.489583 0.024418 0.030455
0 0.278125 0.494792 0.024988 0.032589
0 0.739062 0.582292 0.022828 0.027821
0 0.613281 0.597917 0.021339 0.026862
0 0.544531 0.623958 0.020537 0.027934
0 0.352344 0.70625 0.021804 0.02852
0 0.422656 0.710417 0.018561 0.025359
0 0.780469 0.744792 0.02143 0.027648
0 0.197656 0.820833 0.018939 0.024442
0 0.533594 0.85 0.021239 0.025868
0 0.321875 0.853125 0.021887 0.025097
0 0.632812 0.888542 0.023654 0.029634
0 0.384375 0.89375 0.023607 0.028741
0 0.660156 0.985417 0.021542 0.027554