0 0.36875 0.038542 0.020328 0.024087
0 0.350781 0.041667 0.021314 0.02663
0 0.657031 0.088542 0.024496 0.029918
0 0.158594 0.157292 0.022995 0.032052
0 0.594531 0.167708 0.024436 0.029089
0 0.042188 0.16875 0.022937 0.028155
0 0.482031 0.171875 0.023491 0.027306
0 0.925781 0.194792 0.018048 0.02325
0 0.092969 0.198958 0.019574 0.023676
0 0.153125 0.225 0.022128 0.030307
0 0.448437 0.24375 0.026124 0.031426
0 0.421094 0.253125 0.024679 0.030191
0 0.635156 0.269792 0.018876 0.02557
0 0.785937 0.320833 0.022758 0.030751
0 0.222656 0.365625 0.021131 0.02449
0 0.276562 0.423958 0.023097 0.028871
0 0.504687 0.4375 0.024383 0.028296
0 0.517188 0.438542 0.022828 0.027821
0 0.303906 0.50625 0.022111 0.027748
0 0.366406 0.525 0.02606 0.030638
0 0.616406 0.594792 0.021788 0.030078
0 0.886719 0.608333 0.018939 0.024442
0 0.910156 0.630208 0.018773 0.023107
0 0.803906 0.657292 0.021618 0.02791
0 0.698438 0.777083 0.025836 0.027678
0 0.28125 0.873958 0.021969 0.030384
0 0.213281 0.9 0.021796 0.030069
0 0.695312 0.919792 0.026124 0.031426
0 0.861719 0.925 0.021999 0.028864
0 0.057813 0.930208 0.020328 0.024087
0 0.882812 0.95625 0.025162 0.034253