0 0.696875 0.04375 0.019909 0.025929
0 0.700781 0.104167 0.036926 0.036549
0 0.33125 0.207292 0.026901 0.032323
0 0.799219 0.234375 0.026171 0.033834
0 0.814063 0.25625 0.026376 0.032785
0 0.721094 0.314583 0.027606 0.040538
0 0.061719 0.357292 0.030554 0.034608
0 0.385937 0.411458 0.02867 0.035498
0 0.808594 0.435417 0.032344 0.043126
0 0.114062 0.45 0.024107 0.034015
0 0.5 0.486458 0.024359 0.033115
0 0.065625 0.54375 0.029442 0.038301
0 0.548438 0.570833 0.029528 0.037575
0 0.18125 0.58125 0.02929 0.034497
0 0.959375 0.586458 0.020231 0.026656
0 0.565625 0.594792 0.01894 0.025253
0 0.7875 0.60625 0.019792 0.025321
0 0.030469 0.617708 0.018756 0.022285
0 0.817969 0.633333 0.025846 0.036313
0 0.499219 0.710417 0.029941 0.041906
0 0.791406 0.723958 0.023385 0.032449
0 0.942969 0.728125 0.027753 0.032981
0 0.607812 0.758333 0.025881 0.033362
0 0.654687 0.776042 0.023931 0.031351
0 0.202344 0.801042 0.019909 0.025929
0 0.232813 0.851042 0.022254 0.02805
0 0.265625 0.870833 0.024629 0.040766
0 0.011451 0.915625 0.022902 0.031906