0 0.915625 0.025 0.018756 0.022285
0 0.676562 0.032292 0.021648 0.029332
0 0.060937 0.048958 0.025348 0.03196
0 0.403125 0.054167 0.021887 0.025097
0 0.224219 0.06875 0.01875 0.022917
0 0.780469 0.06875 0.017982 0.022269
0 0.401562 0.09375 0.019178 0.025168
0 0.75625 0.096875 0.022675 0.027132
0 0.93125 0.098958 0.018921 0.024472
0 0.964063 0.103125 0.020774 0.032412
0 0.729688 0.1 0.01733 0.02503
0 0.803906 0.113542 0.023402 0.030544
0 0.492969 0.121875 0.025235 0.036655
0 0.688281 0.119792 0.019574 0.023676
0 0.038281 0.128125 0.020566 0.026042
0 0.4125 0.129167 0.020529 0.025786
0 0.785156 0.132292 0.025938 0.031646
0 0.61875 0.153125 0.020932 0.028824
0 0.375 0.163542 0.018939 0.024442
0 0.739844 0.166667 0.021202 0.026349
0 0.923438 0.173958 0.023908 0.033445
0 0.617188 0.180208 0.025307 0.033133
0 0.325 0.189583 0.021198 0.026257
0 0.9625 0.205208 0.024024 0.034748
0 0.865625 0.214583 0.028903 0.034969
0 0.95 0.217708 0.01733 0.02503
0 0.595313 0.234375 0.019543 0.023126
0 0.836719 0.239583 0.023778 0.030992
0 0.46875 0.245833 0.021689 0.030701
0 0.742188 0.252083 0.018773 0.023107
0 0.584375 0.254167 0.019446 0.026546
0 0.339844 0.291667 0.022656 0.031302
0 0.889062 0.288542 0.017982 0.022269
0 0.905469 0.295833 0.023461 0.030231
0 0.35 0.295833 0.019543 0.023126
0 0.789062 0.3125 0.034399 0.046103
0 0.675781 0.315625 0.019693 0.028264
0 0.028906 0.327083 0.024652 0.030465
0 0.267188 0.327083 0.021563 0.029929
0 0.289062 0.328125 0.020811 0.029482
0 0.689844 0.335417 0.02095 0.027383
0 0.707812 0.342708 0.026488 0.036993
0 0.23125 0.340625 0.024348 0.028789
0 0.76875 0.344792 0.02198 0.027324
0 0.214062 0.353125 0.01902 0.024748
0 0.45 0.354167 0.018769 0.023116
0 0.8625 0.360417 0.018304 0.026169
0 0.155469 0.364583 0.021894 0.026105
0 0.922656 0.372917 0.0184 0.026183
0 0.667969 0.39375 0.021896 0.030747
0 0.685937 0.401042 0.019558 0.02407
0 0.827344 0.407292 0.020231 0.026656
0 0.3125 0.40625 0.018124 0.023544
0 0.217188 0.430208 0.023451 0.027139
0 0.884375 0.430208 0.021648 0.029332
0 0.089844 0.442708 0.019627 0.024405
0 0.878906 0.45 0.023514 0.031908
0 0.696094 0.454167 0.021978 0.027245
0 0.197656 0.459375 0.021443 0.029582
0 0.597656 0.457292 0.018442 0.024589
0 0.560937 0.485417 0.021618 0.02791
0 0.895312 0.510417 0.018691 0.025445
0 0.35 0.528125 0.027663 0.031935
0 0.35 0.541667 0.021302 0.02814
0 0.646875 0.548958 0.022017 0.028277
0 0.428906 0.55 0.018029 0.025068
0 0.235156 0.557292 0.02032 0.023137
0 0.188281 0.565625 0.024405 0.031389
0 0.989844 0.564583 0.020231 0.026656
0 0.917969 0.575 0.023224 0.036781
0 0.892188 0.572917 0.017982 0.022269
0 0.955469 0.590625 0.022725 0.033819
0 0.382812 0.590625 0.018008 0.02309
0 0.2 0.615625 0.021658 0.029319
0 0.297656 0.621875 0.028914 0.031284
0 0.192188 0.654167 0.024425 0.030612
0 0.0125 0.65625 0.024436 0.029089
0 0.874219 0.65625 0.023476 0.030208
0 0.214062 0.661458 0.025343 0.032814
0 0.483594 0.684375 0.017835 0.025128
0 0.924219 0.719792 0.017301 0.024027
0 0.582031 0.736458 0.032102 0.040983
0 0.764062 0.745833 0.022152 0.027355
0 0.854688 0.751042 0.02099 0.030596
0 0.014844 0.752083 0.019119 0.025492
0 0.570312 0.757292 0.018561 0.025359
0 0.795312 0.772917 0.021202 0.026349
0 0.676562 0.775 0.022254 0.031093
0 0.815625 0.782292 0.020811 0.029482
0 0.186719 0.790625 0.01882 0.024173
0 0.9375 0.79375 0.021689 0.030701
0 0.929688 0.805208 0.01902 0.024748
0 0.580469 0.809375 0.019693 0.028264
0 0.776563 0.810417 0.020231 0.026656
0 0.297656 0.828125 0.027488 0.033524
0 0.807813 0.830208 0.018939 0.024442
0 0.278125 0.847917 0.025345 0.030561
0 0.299219 0.85625 0.019574 0.023676
0 0.410156 0.864583 0.019531 0.026042
0 0.274219 0.905208 0.026389 0.034301
0 0.926562 0.915625 0.023741 0.031149
0 0.696875 0.928125 0.024267 0.03169
0 0.515625 0.941667 0.018304 0.026169
0 0.841406 0.94375 0.023654 0.029634
0 0.911719 0.948958 0.023847 0.0333
0 0.391406 0.947917 0.019446 0.026546
0 0.419531 0.954167 0.025003 0.032842
0 0.101562 0.975 0.027401 0.03896
0 0.445312 0.978125 0.023227 0.029506
0 0.528125 0.979167 0.017721 0.025103
0 0.9125 0.983333 0.019119 0.025492
0 0.933594 0.986049 0.021645 0.027902