0 0.692187 0.025 0.023768 0.032356
0 0.378125 0.022917 0.018756 0.022285
0 0.024219 0.032292 0.021161 0.025349
0 0.2 0.0375 0.02393 0.031906
0 0.904687 0.069792 0.020566 0.026042
0 0.416406 0.071875 0.018773 0.023107
0 0.277344 0.08125 0.021946 0.026299
0 0.653906 0.110417 0.019627 0.024405
0 0.917188 0.114583 0.02095 0.027383
0 0.767188 0.117708 0.019792 0.025321
0 0.682813 0.122917 0.020801 0.028133
0 0.585156 0.126042 0.021243 0.027194
0 0.596094 0.127083 0.021259 0.029733
0 0.540625 0.141667 0.022971 0.028458
0 0.107031 0.145833 0.020328 0.024087
0 0.102344 0.151042 0.020416 0.025301
0 0.567969 0.155208 0.021339 0.026862
0 0.453906 0.158333 0.021161 0.025349
0 0.086719 0.183333 0.021989 0.028877
0 0.48125 0.192708 0.023607 0.028741
0 0.745313 0.198958 0.023491 0.027306
0 0.10625 0.201042 0.020416 0.025301
0 0.800781 0.203125 0.018773 0.023107
0 0.470313 0.211458 0.020676 0.026744
0 0.549219 0.226042 0.021339 0.026862
0 0.975 0.233333 0.020147 0.028452
0 0.710938 0.234375 0.022707 0.026328
0 0.550781 0.252083 0.020328 0.024087
0 0.847656 0.252083 0.02032 0.023137
0 0.292969 0.270833 0.022094 0.027539
0 0.5375 0.272917 0.019925 0.025905
0 0.897656 0.28125 0.021239 0.025868
0 0.224219 0.291667 0.021989 0.028877
0 0.770312 0.298958 0.019792 0.025321
0 0.328125 0.302083 0.019909 0.025929
0 0.917188 0.348958 0.020676 0.026744
0 0.6375 0.35 0.018939 0.024442
0 0.602344 0.35625 0.021362 0.02664
0 0.242969 0.383333 0.021239 0.025868
0 0.564844 0.407292 0.021701 0.028014
0 0.634375 0.411458 0.022937 0.028155
0 0.788281 0.420833 0.021542 0.027554
0 0.123438 0.432292 0.019909 0.025929
0 0.674219 0.472917 0.021243 0.027194
0 0.828906 0.475 0.021479 0.027243
0 0.446094 0.48125 0.021479 0.027243
0 0.492969 0.511458 0.021427 0.026982
0 0.833594 0.517708 0.018939 0.024442
0 0.650781 0.559375 0.020371 0.024457
0 0.520312 0.559375 0.020566 0.026042
0 0.778125 0.561458 0.019733 0.025046
0 0.377344 0.564583 0.021259 0.028345
0 0.689844 0.578125 0.02032 0.023137
0 0.489844 0.579167 0.019574 0.023676
0 0.557813 0.610417 0.019339 0.027372
0 0.85 0.622917 0.019762 0.028269
0 0.694531 0.661458 0.021796 0.030069
0 0.624219 0.664583 0.02434 0.033657
0 0.778125 0.667708 0.019792 0.025321
0 0.444531 0.684375 0.021804 0.02852
0 0.119531 0.684375 0.0197 0.025227
0 0.421875 0.691667 0.019733 0.025046
0 0.134375 0.7125 0.020046 0.026244
0 0.667188 0.7375 0.023227 0.029506
0 0.321875 0.748958 0.019792 0.025321
0 0.811719 0.752083 0.024341 0.028597
0 0.25625 0.772917 0.020801 0.028133
0 0.159375 0.780208 0.018561 0.025359
0 0.972656 0.785417 0.020328 0.024087
0 0.392969 0.792708 0.02003 0.029373
0 0.085938 0.835417 0.022883 0.028677
0 0.814844 0.841667 0.018442 0.024589
0 0.689844 0.84375 0.018939 0.024442
0 0.032813 0.85625 0.019768 0.025593
0 0.05 0.871875 0.019534 0.022292
0 0.629687 0.896875 0.019909 0.025929
0 0.725781 0.94375 0.021243 0.027194
0 0.392969 0.973958 0.021198 0.026257
0 0.917188 0.975 0.019909 0.025929
0 0.63125 0.982292 0.020676 0.026744