0 0.353906 0.015091 0.027172 0.030181
0 0.355469 0.05625 0.022507 0.030572
0 0.913281 0.073958 0.025343 0.032814
0 0.535156 0.101042 0.026376 0.032785
0 0.040625 0.128125 0.027761 0.038348
0 0.507812 0.171875 0.02168 0.028193
0 0.252344 0.194792 0.027558 0.032833
0 0.410156 0.24375 0.022017 0.028277
0 0.333594 0.305208 0.024476 0.034441
0 0.64375 0.391667 0.026742 0.033612
0 0.01875 0.390625 0.028192 0.030563
0 0.090625 0.467708 0.028606 0.036385
0 0.422656 0.473958 0.021161 0.025349
0 0.814063 0.497917 0.020416 0.025301
0 0.278125 0.503125 0.019638 0.024534
0 0.508594 0.514583 0.025487 0.036236
0 0.107813 0.525 0.025726 0.035186
0 0.376563 0.557292 0.02989 0.035805
0 0.6 0.572917 0.026816 0.035184
0 0.017188 0.625 0.019574 0.023676
0 0.079687 0.632292 0.019178 0.025168
0 0.242188 0.658333 0.019574 0.023676
0 0.83125 0.765625 0.023952 0.034149
0 0.125781 0.808333 0.021542 0.029952
0 0.977344 0.823958 0.019429 0.026567
0 0.84375 0.851042 0.023503 0.033898
0 0.595313 0.858333 0.020046 0.026244
0 0.859375 0.86875 0.020416 0.025301
0 0.010937 0.882292 0.020441 0.025129
0 0.11875 0.89375 0.023557 0.030821
0 0.066406 0.95625 0.027522 0.031911