0 0.414844 0.014001 0.023026 0.028001
0 0.536719 0.0375 0.020422 0.025409
0 0.985156 0.078125 0.027601 0.031199
0 0.442188 0.116667 0.02018 0.026907
0 0.501563 0.190625 0.024669 0.036072
0 0.239063 0.24375 0.020432 0.028638
0 0.836719 0.276042 0.024631 0.032058
0 0.892188 0.314583 0.020517 0.029536
0 0.396875 0.320833 0.022937 0.028155
0 0.817969 0.328125 0.022883 0.028677
0 0.574219 0.333333 0.019627 0.024405
0 0.517188 0.372917 0.017438 0.024063
0 0.296094 0.391667 0.025957 0.03004
0 0.569531 0.419792 0.021362 0.02664
0 0.773438 0.438542 0.019733 0.025046
0 0.667969 0.451042 0.024289 0.026634
0 0.067187 0.453125 0.018939 0.024442
0 0.332031 0.469792 0.02428 0.026751
0 0.892969 0.48125 0.022017 0.028277
0 0.860938 0.483333 0.019792 0.025321
0 0.620313 0.522917 0.026705 0.033543
0 0.136719 0.555208 0.021314 0.02663
0 0.046094 0.557292 0.021976 0.025927
0 0.199219 0.563542 0.022254 0.02805
0 0.226562 0.577083 0.022861 0.027439
0 0.70625 0.591667 0.020811 0.029482
0 0.584375 0.590625 0.019574 0.023676
0 0.441406 0.594792 0.021105 0.028403
0 0.694531 0.604167 0.021362 0.02664
0 0.538281 0.617708 0.01882 0.024173
0 0.657031 0.630208 0.021479 0.027243
0 0.333594 0.644792 0.018773 0.023107
0 0.657031 0.665625 0.033643 0.03191
0 0.8 0.698958 0.019558 0.02407
0 0.805469 0.703125 0.018561 0.025359
0 0.966406 0.733333 0.019768 0.025593
0 0.845313 0.754167 0.030402 0.038426
0 0.11875 0.761458 0.019531 0.027421
0 0.5625 0.810417 0.026 0.035478
0 0.101562 0.870833 0.020676 0.026744
0 0.742969 0.878125 0.025552 0.034516
0 0.958594 0.889583 0.018827 0.023629
0 0.982031 0.948958 0.020328 0.024087