0 0.963281 0.01728 0.027446 0.03456
0 0.565625 0.019792 0.028906 0.037105
0 0.79375 0.047917 0.025161 0.030661
0 0.489844 0.059375 0.021239 0.025868
0 0.7125 0.085417 0.029528 0.037575
0 0.891406 0.091667 0.02168 0.028193
0 0.985668 0.1 0.028664 0.032524
0 0.864844 0.116667 0.025086 0.031874
0 0.217969 0.116667 0.025197 0.031603
0 0.282813 0.120833 0.027472 0.035676
0 0.042188 0.136458 0.024736 0.030494
0 0.398438 0.140625 0.024635 0.033885
0 0.340625 0.163542 0.023781 0.028969
0 0.386719 0.167708 0.021243 0.027194
0 0.678906 0.176042 0.030667 0.036811
0 0.790625 0.179167 0.022883 0.028677
0 0.414062 0.191667 0.025217 0.033302
0 0.901563 0.23125 0.023097 0.028871
0 0.253125 0.248958 0.020566 0.026042
0 0.585156 0.261458 0.031907 0.042946
0 0.388281 0.283333 0.029906 0.044424
0 0.520312 0.275 0.019792 0.025321
0 0.532813 0.304167 0.027787 0.032649
0 0.301563 0.303125 0.021313 0.028417
0 0.314063 0.320833 0.018161 0.023679
0 0.255469 0.336458 0.031382 0.045968
0 0.64375 0.338542 0.02981 0.039124
0 0.842969 0.341667 0.033826 0.04249
0 0.591406 0.342708 0.021161 0.025349
0 0.43125 0.35625 0.021978 0.027245
0 0.629687 0.36875 0.023319 0.029672
0 0.719531 0.367708 0.023583 0.030562
0 0.78125 0.371875 0.030047 0.037046
0 0.3875 0.371875 0.024897 0.032298
0 0.575 0.379167 0.018773 0.023107
0 0.305469 0.391667 0.027486 0.042118
0 0.328125 0.388542 0.029888 0.033406
0 0.71875 0.402083 0.017438 0.024063
0 0.957812 0.405208 0.022945 0.029561
0 0.888281 0.416667 0.020422 0.025409
0 0.403125 0.420833 0.026041 0.030394
0 0.711719 0.435417 0.034915 0.055575
0 0.96875 0.427083 0.028247 0.033675
0 0.911719 0.432292 0.022242 0.030281
0 0.010284 0.4375 0.020568 0.035817
0 0.166406 0.457292 0.040876 0.045993
0 0.141406 0.451042 0.026268 0.03569
0 0.492188 0.457292 0.023456 0.028163
0 0.408594 0.4625 0.020566 0.026042
0 0.8375 0.485417 0.0197 0.025227
0 0.505469 0.523958 0.022216 0.029845
0 0.149219 0.541667 0.027822 0.038672
0 0.345313 0.544792 0.01971 0.025332
0 0.290625 0.55625 0.023476 0.030208
0 0.860938 0.564583 0.031014 0.039956
0 0.522656 0.56875 0.029089 0.036562
0 0.359375 0.576042 0.031444 0.037822
0 0.454688 0.577083 0.023796 0.029832
0 0.592187 0.588542 0.033132 0.041054
0 0.158594 0.597917 0.028106 0.035108
0 0.401562 0.603125 0.035253 0.042126
0 0.684375 0.60625 0.019893 0.027596
0 0.580469 0.61875 0.031977 0.040595
0 0.88125 0.6375 0.029276 0.03606
0 0.408594 0.640625 0.024975 0.031796
0 0.940625 0.644792 0.022937 0.028155
0 0.425 0.65625 0.023654 0.029634
0 0.011808 0.659375 0.023616 0.036212
0 0.711719 0.6625 0.026779 0.031865
0 0.461719 0.685417 0.03184 0.042887
0 0.600781 0.729167 0.031576 0.039759
0 0.889844 0.726042 0.020811 0.029482
0 0.157031 0.753125 0.027061 0.042973
0 0.370312 0.753125 0.024496 0.029918
0 0.578125 0.769792 0.033303 0.03964
0 0.59375 0.769792 0.019925 0.025905
0 0.139063 0.772917 0.019574 0.023676
0 0.432812 0.803125 0.029952 0.038191
0 0.799219 0.811458 0.02834 0.035716
0 0.776563 0.823958 0.032643 0.041964
0 0.110937 0.853125 0.031927 0.041208
0 0.760156 0.88125 0.025423 0.033664
0 0.35625 0.883333 0.023597 0.02855
0 0.754687 0.889583 0.018048 0.02325
0 0.75625 0.895833 0.021894 0.026105
0 0.383594 0.917708 0.028906 0.037105
0 0.661719 0.922917 0.031341 0.043448
0 0.427344 0.919792 0.018773 0.023107
0 0.430469 0.922917 0.01882 0.024173
0 0.05625 0.934375 0.026275 0.033933
0 0.825781 0.946875 0.033723 0.037898
0 0.692969 0.959375 0.036588 0.04592
0 0.63125 0.963542 0.019558 0.02407