0 0.774219 0.010853 0.020676 0.021706
0 0.926562 0.076042 0.018827 0.023629
0 0.824219 0.107292 0.018773 0.023107
0 0.210156 0.133333 0.021198 0.026257
0 0.164062 0.153125 0.020416 0.025301
0 0.652344 0.16875 0.021546 0.027548
0 0.348438 0.2125 0.020697 0.026524
0 0.550781 0.248958 0.027491 0.033647
0 0.295312 0.2875 0.023964 0.032621
0 0.417969 0.303125 0.018756 0.022285
0 0.359375 0.339583 0.027028 0.034532
0 0.624219 0.390625 0.030619 0.034873
0 0.548438 0.465625 0.019925 0.025905
0 0.584375 0.485417 0.022039 0.026501
0 0.828125 0.498958 0.022758 0.030751
0 0.822656 0.607292 0.018939 0.024442
0 0.460938 0.615625 0.01971 0.025332
0 0.880469 0.654167 0.021362 0.02664
0 0.146094 0.6625 0.021302 0.02814
0 0.199219 0.720833 0.021727 0.028969
0 0.810937 0.751042 0.019909 0.025929
0 0.192188 0.755208 0.020441 0.025129
0 0.219531 0.771875 0.018773 0.023107
0 0.765625 0.807292 0.022111 0.027748
0 0.199219 0.916667 0.021239 0.025868
0 0.254688 0.969792 0.020046 0.026244
0 0.727344 0.975 0.021161 0.025349
0 0.684375 0.986858 0.020058 0.026284