0 0.680469 0.039583 0.021423 0.027163
0 0.958594 0.072917 0.022815 0.027608
0 0.602344 0.082292 0.021333 0.026872
0 0.675 0.208333 0.021329 0.030643
0 0.040625 0.21875 0.020416 0.025301
0 0.186719 0.234375 0.022346 0.029794
0 0.265625 0.26875 0.022152 0.027355
0 0.103125 0.295833 0.027446 0.035786
0 0.417187 0.330208 0.020789 0.026845
0 0.315625 0.442708 0.023521 0.026804
0 0.741406 0.463542 0.024079 0.030374
0 0.944531 0.461458 0.021876 0.022301
0 0.655469 0.5 0.021701 0.028014
0 0.841406 0.584375 0.018029 0.025068
0 0.817187 0.61875 0.019693 0.028264
0 0.116406 0.676042 0.021176 0.031534
0 0.291406 0.682292 0.021119 0.029767
0 0.453906 0.790625 0.022717 0.033827
0 0.277344 0.796875 0.020938 0.027401
0 0.28125 0.839583 0.023583 0.030562
0 0.15625 0.938542 0.020676 0.026744
0 0.825781 0.953125 0.021247 0.027272