0 0.161719 0.054167 0.018008 0.02309
0 0.766406 0.16875 0.021479 0.027243
0 0.035156 0.183333 0.021999 0.028864
0 0.403125 0.254167 0.019627 0.024405
0 0.20625 0.291667 0.020371 0.024457
0 0.161719 0.303125 0.022495 0.030475
0 0.979688 0.30625 0.019531 0.026042
0 0.597656 0.353125 0.024736 0.034375
0 0.064844 0.366667 0.021239 0.025868
0 0.448437 0.365625 0.020328 0.024087
0 0.853125 0.4125 0.020058 0.027568
0 0.171094 0.428125 0.018773 0.023107
0 0.466406 0.471875 0.018939 0.024442
0 0.177344 0.507292 0.018161 0.023679
0 0.942969 0.554167 0.018876 0.02557
0 0.957031 0.6375 0.021999 0.028864
0 0.382812 0.645833 0.0201 0.026364
0 0.378906 0.655208 0.021239 0.025868
0 0.389844 0.660417 0.020479 0.026286
0 0.932031 0.6625 0.022017 0.028277
0 0.979688 0.711458 0.019543 0.023126
0 0.774219 0.720833 0.02168 0.028193
0 0.534375 0.769792 0.023028 0.030998
0 0.285156 0.79375 0.021618 0.02791
0 0.783594 0.801042 0.018773 0.023107
0 0.580469 0.819792 0.019627 0.024405
0 0.522656 0.825 0.020046 0.026244
0 0.817187 0.977083 0.022729 0.02728
0 0.521875 0.986874 0.020627 0.026252