0 0.542188 0.220833 0.023319 0.029672
0 0.541406 0.283333 0.024988 0.032589
0 0.447656 0.313542 0.024975 0.031796
0 0.376563 0.34375 0.018773 0.023107
0 0.430469 0.352083 0.026686 0.031536
0 0.696094 0.358333 0.020209 0.029396
0 0.294531 0.466667 0.018999 0.02628
0 0.709375 0.50625 0.023026 0.028919
0 0.567969 0.536458 0.018939 0.024442
0 0.226562 0.597917 0.02306 0.029195
0 0.105469 0.646875 0.026114 0.032925
0 0.878125 0.705208 0.022971 0.028458
0 0.44375 0.741667 0.026642 0.029619
0 0.582812 0.842708 0.022374 0.031728
0 0.261719 0.896875 0.024847 0.031127