0 0.585156 0.012983 0.025552 0.025966
0 0.259375 0.08125 0.026101 0.032719
0 0.078125 0.083333 0.020551 0.027917
0 0.057031 0.134375 0.025084 0.031877
0 0.614062 0.203125 0.025219 0.029986
0 0.196875 0.245833 0.022758 0.030751
0 0.560156 0.244792 0.021804 0.02852
0 0.15625 0.257292 0.023319 0.029672
0 0.460938 0.277083 0.023232 0.0323
0 0.319531 0.345833 0.020341 0.025073
0 0.615625 0.357292 0.023028 0.030998
0 0.403125 0.410417 0.026593 0.033416
0 0.313281 0.488542 0.027192 0.03652
0 0.453125 0.519792 0.026297 0.034785
0 0.360938 0.54375 0.024242 0.035869
0 0.0125 0.627083 0.023538 0.032216
0 0.890625 0.6375 0.022781 0.032106
0 0.103125 0.692708 0.019574 0.023676
0 0.121094 0.733333 0.025487 0.036236
0 0.802344 0.76875 0.023268 0.032258
0 0.950781 0.855208 0.023607 0.028741
0 0.192188 0.89375 0.017757 0.026099
0 0.182031 0.925 0.028053 0.033965
0 0.589063 0.947917 0.023476 0.030208