0 0.15625 0.015925 0.027028 0.031849
0 0.132812 0.036458 0.022768 0.026762
0 0.627344 0.046875 0.018756 0.022285
0 0.699219 0.08125 0.021727 0.028969
0 0.560937 0.1125 0.030304 0.037003
0 0.423438 0.148958 0.01902 0.024748
0 0.126562 0.196875 0.023702 0.033596
0 0.84375 0.192708 0.017759 0.024215
0 0.378906 0.254167 0.021161 0.025349
0 0.283594 0.292708 0.02168 0.028193
0 0.658594 0.301042 0.019585 0.030226
0 0.594531 0.311458 0.029142 0.038408
0 0.535156 0.31875 0.028606 0.036385
0 0.74375 0.340625 0.026421 0.033117
0 0.567187 0.342708 0.02393 0.031906
0 0.917188 0.373958 0.022883 0.028677
0 0.311719 0.397917 0.018331 0.025253
0 0.458594 0.397917 0.01902 0.024748
0 0.459375 0.41875 0.020288 0.027694
0 0.169531 0.451042 0.018773 0.023107
0 0.03125 0.520833 0.026383 0.034189
0 0.654687 0.517708 0.019909 0.025929
0 0.0125 0.527083 0.019909 0.025929
0 0.052344 0.538542 0.024436 0.029089
0 0.2625 0.547917 0.020537 0.027934
0 0.821094 0.55 0.021989 0.028877
0 0.870313 0.565625 0.0197 0.025227
0 0.832812 0.592708 0.028005 0.034371
0 0.907031 0.673958 0.018756 0.022285
0 0.116406 0.740625 0.019638 0.024534
0 0.33125 0.784375 0.01971 0.025332
0 0.707031 0.838542 0.018008 0.02309
0 0.205469 0.889583 0.021479 0.027243
0 0.200781 0.926042 0.021105 0.028403
0 0.016406 0.952083 0.025243 0.032454
0 0.011805 0.983485 0.023609 0.033029