0 0.391406 0.01875 0.021819 0.028356
0 0.251563 0.048958 0.026417 0.032442
0 0.622656 0.127083 0.025086 0.031874
0 0.450781 0.196875 0.024641 0.032044
0 0.205469 0.2625 0.027826 0.033764
0 0.321875 0.382292 0.020566 0.026042
0 0.226562 0.389583 0.02525 0.032349
0 0.194531 0.39375 0.034046 0.038481
0 0.591406 0.542708 0.024467 0.034451
0 0.871875 0.664583 0.019638 0.024534
0 0.31875 0.670833 0.02758 0.034919
0 0.278125 0.748958 0.022047 0.026945
0 0.514062 0.844792 0.024043 0.032841
0 0.764844 0.851042 0.02479 0.031527
0 0.158594 0.934375 0.018939 0.024442
0 0.427344 0.9625 0.021479 0.027243
0 0.554688 0.988014 0.02306 0.023972