0 0.603906 0.048958 0.018773 0.023107
0 0.719531 0.054167 0.019627 0.024405
0 0.614062 0.061458 0.023319 0.033718
0 0.79375 0.10625 0.023432 0.030501
0 0.888281 0.117708 0.021161 0.025349
0 0.028906 0.123958 0.021198 0.026257
0 0.032031 0.185417 0.024377 0.029518
0 0.653125 0.185417 0.020058 0.027568
0 0.584375 0.221875 0.020537 0.027934
0 0.675781 0.234375 0.027826 0.033764
0 0.23125 0.261458 0.020566 0.026042
0 0.635938 0.294792 0.022995 0.032052
0 0.070312 0.294792 0.023028 0.030998
0 0.235156 0.332292 0.021161 0.025349
0 0.155469 0.373958 0.027905 0.034571
0 0.249219 0.379167 0.021915 0.02956
0 0.683594 0.3875 0.024782 0.034677
0 0.201563 0.492708 0.018561 0.025359
0 0.708594 0.5375 0.024899 0.034055
0 0.605469 0.5625 0.019531 0.027421
0 0.982812 0.582292 0.023438 0.03125
0 0.807031 0.592708 0.024535 0.029481
0 0.132031 0.6 0.021259 0.028345
0 0.894531 0.605208 0.018921 0.024472
0 0.98847 0.654167 0.023059 0.027353
0 0.153906 0.678125 0.020566 0.026042
0 0.239063 0.708333 0.023597 0.02855
0 0.229687 0.717708 0.023385 0.032449
0 0.153906 0.744792 0.019638 0.024534
0 0.825 0.76875 0.023166 0.033837
0 0.355469 0.796875 0.018773 0.023107
0 0.170313 0.823958 0.019178 0.025168
0 0.759375 0.842708 0.023259 0.032779
0 0.032813 0.848958 0.02168 0.028193
0 0.172656 0.847917 0.021161 0.025349
0 0.334375 0.922917 0.026593 0.033416
0 0.726562 0.926042 0.022937 0.028155
0 0.733594 0.984842 0.02569 0.030317