0 0.360938 0.017708 0.019574 0.023676
0 0.092969 0.036458 0.024837 0.032478
0 0.223438 0.082292 0.023476 0.030208
0 0.336719 0.086458 0.018161 0.023679
0 0.016406 0.09375 0.020422 0.025409
0 0.986878 0.128125 0.026245 0.031005
0 0.674219 0.129167 0.026048 0.031808
0 0.194531 0.184375 0.021038 0.029672
0 0.429688 0.2 0.026048 0.031808
0 0.059375 0.204167 0.020416 0.025301
0 0.860156 0.21875 0.025156 0.030503
0 0.155469 0.288542 0.024384 0.02969
0 0.01875 0.323958 0.026571 0.034874
0 0.028125 0.386458 0.022937 0.028155
0 0.910937 0.417708 0.023654 0.029634
0 0.234375 0.44375 0.025957 0.03004
0 0.072656 0.454167 0.019909 0.025929
0 0.814063 0.459375 0.024508 0.031695
0 0.514062 0.464583 0.0201 0.026364
0 0.057813 0.50625 0.022766 0.03074
0 0.075 0.538542 0.027056 0.034291
0 0.185938 0.634375 0.023654 0.030791
0 0.038281 0.651042 0.018827 0.023629
0 0.017188 0.659375 0.023718 0.029015
0 0.557031 0.669792 0.021819 0.028356
0 0.366406 0.713542 0.023654 0.029634
0 0.680469 0.720833 0.021819 0.028356
0 0.985156 0.738542 0.024481 0.03562
0 0.308594 0.744792 0.020811 0.029482
0 0.503125 0.779167 0.026901 0.032323
0 0.133594 0.813542 0.022143 0.027371
0 0.169531 0.830208 0.027389 0.031367
0 0.453125 0.846875 0.023232 0.0323
0 0.148438 0.863542 0.035627 0.038588
0 0.390625 0.85625 0.019531 0.027421
0 0.285938 0.863542 0.026281 0.032051
0 0.099219 0.880208 0.020938 0.027401
0 0.7 0.904167 0.019638 0.024534
0 0.179688 0.910417 0.020676 0.026744
0 0.04375 0.9625 0.018773 0.023107
0 0.397656 0.978125 0.018756 0.022285