0 0.827344 0.040625 0.019178 0.025168
0 0.985938 0.055208 0.019627 0.024405
0 0.957031 0.079167 0.020479 0.026286
0 0.536719 0.160417 0.021339 0.026862
0 0.803906 0.159375 0.021131 0.02449
0 0.546094 0.189583 0.026061 0.032032
0 0.271875 0.217708 0.019925 0.025905
0 0.015625 0.228125 0.021119 0.029767
0 0.417187 0.229167 0.025935 0.028892
0 0.377344 0.292708 0.020441 0.025129
0 0.0875 0.394792 0.019792 0.025321
0 0.140625 0.452083 0.019627 0.024405
0 0.052344 0.458333 0.019714 0.027305
0 0.24375 0.458333 0.022669 0.026114
0 0.702344 0.482292 0.022047 0.026945
0 0.458594 0.494792 0.021202 0.026349
0 0.888281 0.521875 0.018331 0.025253
0 0.799219 0.623958 0.020341 0.025073
0 0.961719 0.633333 0.021989 0.028877
0 0.103906 0.647917 0.02168 0.028193
0 0.670312 0.654167 0.018161 0.023679
0 0.988215 0.659375 0.02357 0.033596
0 0.4375 0.719792 0.025957 0.03004
0 0.025781 0.734375 0.018161 0.023679
0 0.897656 0.775 0.018939 0.024442
0 0.6875 0.783333 0.019768 0.025593
0 0.717187 0.845833 0.023319 0.029672
0 0.303906 0.888542 0.02486 0.031
0 0.297656 0.908333 0.024652 0.030465
0 0.197656 0.979167 0.021479 0.027243