0 0.195312 0.047917 0.018161 0.023679
0 0.289844 0.052083 0.021727 0.028969
0 0.658594 0.051042 0.018161 0.023679
0 0.160156 0.0625 0.021546 0.027548
0 0.745313 0.067708 0.019792 0.025321
0 0.876563 0.073958 0.021894 0.026105
0 0.553906 0.076042 0.024692 0.030786
0 0.419531 0.08125 0.021819 0.028356
0 0.710156 0.080208 0.019178 0.025168
0 0.489063 0.092708 0.019792 0.025321
0 0.589063 0.098958 0.020046 0.026244
0 0.890625 0.151042 0.018008 0.02309
0 0.045312 0.172917 0.019925 0.025905
0 0.667188 0.175 0.019574 0.023676
0 0.964844 0.195833 0.021542 0.027554
0 0.673438 0.202083 0.0201 0.026364
0 0.0625 0.203125 0.019768 0.025593
0 0.597656 0.217708 0.0197 0.025227
0 0.177344 0.222917 0.01882 0.024173
0 0.400781 0.236458 0.021202 0.026349
0 0.20625 0.280208 0.020288 0.027694
0 0.610938 0.278125 0.019925 0.025905
0 0.677344 0.278125 0.018827 0.023629
0 0.080469 0.297917 0.021999 0.028864
0 0.459375 0.314583 0.020046 0.026244
0 0.139844 0.31875 0.021314 0.02663
0 0.807031 0.33125 0.021667 0.027913
0 0.013281 0.339583 0.019574 0.023676
0 0.820312 0.340625 0.021314 0.02663
0 0.710156 0.341667 0.021161 0.025349
0 0.082031 0.375 0.018008 0.02309
0 0.451562 0.384375 0.022707 0.026328
0 0.021875 0.386458 0.020328 0.024087
0 0.645312 0.422917 0.023556 0.02766
0 0.332813 0.440625 0.019909 0.025929
0 0.722656 0.445833 0.021161 0.025349
0 0.809375 0.45 0.019534 0.022292
0 0.859375 0.466667 0.022707 0.026328
0 0.161719 0.479167 0.021618 0.02791
0 0.675 0.478125 0.019909 0.025929
0 0.133594 0.489583 0.021302 0.02814
0 0.639844 0.492708 0.021198 0.026257
0 0.911719 0.529167 0.026105 0.0312
0 0.671094 0.547917 0.021339 0.026862
0 0.808594 0.551042 0.018939 0.024442
0 0.722656 0.575 0.023161 0.029971
0 0.485938 0.591667 0.022883 0.028677
0 0.510938 0.592708 0.019627 0.024405
0 0.475781 0.6 0.020328 0.024087
0 0.679688 0.640625 0.019925 0.025905
0 0.508594 0.646875 0.021804 0.02852
0 0.474219 0.661458 0.020328 0.024087
0 0.728906 0.679167 0.018827 0.023629
0 0.238281 0.704167 0.02118 0.025185
0 0.847656 0.723958 0.021105 0.028403
0 0.74375 0.732292 0.020091 0.02753
0 0.571875 0.733333 0.018769 0.023116
0 0.653125 0.7375 0.019925 0.025905
0 0.814844 0.792708 0.018161 0.023679
0 0.917188 0.804167 0.019792 0.025321
0 0.027344 0.807292 0.021161 0.025349
0 0.904687 0.855208 0.020676 0.026744
0 0.06875 0.883333 0.023293 0.029834
0 0.630469 0.914583 0.028628 0.043584
0 0.865625 0.958333 0.023192 0.02956
0 0.448437 0.989211 0.019627 0.021578