0 0.284375 0.048958 0.017317 0.024011
0 0.078906 0.057292 0.01882 0.024173
0 0.778125 0.076042 0.01902 0.024748
0 0.353125 0.1 0.018324 0.026151
0 0.172656 0.171875 0.017317 0.024011
0 0.4 0.195833 0.017982 0.022269
0 0.334375 0.205208 0.017345 0.026058
0 0.327344 0.234375 0.022828 0.027821
0 0.828906 0.255208 0.019733 0.025046
0 0.40625 0.270833 0.02018 0.026907
0 0.699219 0.269792 0.017721 0.025103
0 0.696094 0.344792 0.017317 0.024011
0 0.151562 0.367708 0.018384 0.029201
0 0.205469 0.401042 0.019574 0.023676
0 0.225 0.4375 0.018342 0.027161
0 0.428125 0.436458 0.018939 0.024442
0 0.19375 0.598958 0.021656 0.028229
0 0.596875 0.635417 0.018324 0.026151
0 0.25 0.676042 0.018442 0.024589
0 0.186719 0.720833 0.019992 0.026974
0 0.035156 0.728125 0.018442 0.024589
0 0.107031 0.778125 0.017438 0.024063
0 0.010937 0.858333 0.017757 0.026099
0 0.321875 0.878125 0.018442 0.024589
0 0.38125 0.911458 0.018442 0.024589
0 0.360156 0.951042 0.018442 0.024589