0 0.394531 0.008941 0.021161 0.017883
0 0.153125 0.011408 0.026159 0.022816
0 0.613281 0.016667 0.028196 0.029106
0 0.304688 0.021875 0.033155 0.037021
0 0.029687 0.021875 0.025086 0.031874
0 0.555469 0.04375 0.027272 0.038988
0 0.102344 0.058333 0.019638 0.024534
0 0.707812 0.061458 0.023055 0.030355
0 0.559375 0.067708 0.025452 0.03652
0 0.629687 0.075 0.018756 0.022285
0 0.338281 0.095833 0.028598 0.034664
0 0.0625 0.104167 0.023597 0.02855
0 0.861719 0.10625 0.018939 0.024442
0 0.341406 0.128125 0.02143 0.027648
0 0.619531 0.135417 0.021701 0.028014
0 0.692969 0.147917 0.027539 0.034393
0 0.547656 0.152083 0.026418 0.038362
0 0.458594 0.159375 0.028378 0.036954
0 0.201563 0.158333 0.021921 0.025381
0 0.646094 0.164583 0.028853 0.03738
0 0.989298 0.160417 0.021404 0.030475
0 0.191406 0.173958 0.027905 0.034571
0 0.5125 0.171875 0.023319 0.029672
0 0.351562 0.1875 0.023821 0.030088
0 0.700781 0.198958 0.024975 0.031796
0 0.682813 0.211458 0.022995 0.032052
0 0.228125 0.2125 0.023796 0.029832
0 0.284375 0.225 0.019534 0.022292
0 0.398438 0.228125 0.020537 0.027934
0 0.778125 0.229167 0.020676 0.026744
0 0.667188 0.230208 0.02203 0.026707
0 0.985156 0.232292 0.021479 0.027243
0 0.8375 0.234375 0.020801 0.028133
0 0.748437 0.246875 0.026862 0.034014
0 0.86875 0.25 0.026791 0.034443
0 0.628125 0.25 0.020697 0.026524
0 0.404687 0.259375 0.018876 0.02557
0 0.758594 0.263542 0.018442 0.024589
0 0.79375 0.275 0.030746 0.04707
0 0.85 0.269792 0.019638 0.024534
0 0.385156 0.278125 0.023654 0.029634
0 0.605469 0.280208 0.021479 0.027243
0 0.364063 0.292708 0.019925 0.025905
0 0.553125 0.302083 0.0299 0.037009
0 0.475 0.308333 0.038396 0.044205
0 0.730469 0.3 0.025161 0.030661
0 0.753125 0.308333 0.023438 0.03125
0 0.097656 0.321875 0.021479 0.027243
0 0.740625 0.326042 0.020697 0.026524
0 0.267188 0.330208 0.031285 0.030617
0 0.425781 0.336458 0.029243 0.03786
0 0.200781 0.3375 0.026779 0.031865
0 0.738281 0.338542 0.021618 0.02791
0 0.410938 0.34375 0.024326 0.027335
0 0.871094 0.344792 0.018442 0.024589
0 0.2625 0.348958 0.0184 0.026183
0 0.75625 0.352083 0.026874 0.031128
0 0.395313 0.358333 0.029228 0.035147
0 0.340625 0.359375 0.020416 0.025301
0 0.955469 0.364583 0.021796 0.02989
0 0.471875 0.365625 0.022883 0.028677
0 0.370312 0.367708 0.020697 0.026524
0 0.747656 0.367708 0.018773 0.023107
0 0.547656 0.372917 0.021339 0.026862
0 0.916406 0.384375 0.023804 0.033777
0 0.342969 0.382292 0.018773 0.023107
0 0.2375 0.389583 0.023556 0.02766
0 0.008064 0.395833 0.016129 0.028677
0 0.404687 0.398958 0.023097 0.028871
0 0.269531 0.4 0.025219 0.029986
0 0.427344 0.408333 0.022216 0.029845
0 0.221094 0.407292 0.021198 0.026257
0 0.326562 0.417708 0.038333 0.040794
0 0.379688 0.411458 0.020537 0.027934
0 0.397656 0.421875 0.030704 0.035247
0 0.839844 0.420833 0.020432 0.028638
0 0.528906 0.427083 0.025289 0.031092
0 0.920312 0.430208 0.027467 0.038364
0 0.582031 0.429167 0.01998 0.028483
0 0.428906 0.432292 0.022254 0.031093
0 0.560937 0.4375 0.019574 0.023676
0 0.577344 0.445833 0.023706 0.037759
0 0.671094 0.445833 0.031429 0.039921
0 0.355469 0.441667 0.020441 0.025129
0 0.81875 0.451042 0.020676 0.026744
0 0.292187 0.455208 0.020676 0.026744
0 0.26875 0.460417 0.028577 0.036218
0 0.989752 0.459375 0.020496 0.033777
0 0.426563 0.4625 0.025982 0.033258
0 0.464844 0.467708 0.017658 0.024165
0 0.772656 0.473958 0.023771 0.032677
0 0.417187 0.485417 0.020058 0.027568
0 0.888281 0.504167 0.02545 0.035034
0 0.444531 0.508333 0.026376 0.032785
0 0.114062 0.521875 0.029183 0.034247
0 0.234375 0.530208 0.021119 0.029767
0 0.976562 0.536458 0.025851 0.031388
0 0.358594 0.542708 0.025219 0.029986
0 0.183594 0.551042 0.027671 0.037831
0 0.414062 0.546875 0.020479 0.026286
0 0.382812 0.55625 0.018029 0.025068
0 0.397656 0.55625 0.020566 0.026042
0 0.370312 0.569792 0.030216 0.047476
0 0.722656 0.557292 0.019638 0.024534
0 0.166406 0.567708 0.020566 0.026042
0 0.386719 0.571875 0.020566 0.026042
0 0.6 0.575 0.027854 0.033377
0 0.410156 0.585417 0.032573 0.041203
0 0.900781 0.584375 0.029276 0.03606
0 0.297656 0.582292 0.021819 0.028356
0 0.152344 0.590625 0.018773 0.023107
0 0.304688 0.611458 0.024716 0.034598
0 0.04375 0.622917 0.018773 0.023107
0 0.20625 0.623958 0.019925 0.025905
0 0.421094 0.625 0.019574 0.023676
0 0.528906 0.629167 0.02198 0.027324
0 0.586719 0.629167 0.019178 0.025168
0 0.140625 0.638542 0.030516 0.039313
0 0.342187 0.633333 0.020676 0.026744
0 0.771094 0.641667 0.022911 0.031609
0 0.509375 0.653125 0.028038 0.036198
0 0.610938 0.65625 0.027525 0.035305
0 0.78125 0.659375 0.019429 0.026567
0 0.345313 0.6625 0.021247 0.027272
0 0.2375 0.671875 0.024124 0.031439
0 0.24375 0.680208 0.023385 0.032449
0 0.189062 0.703125 0.020697 0.026524
0 0.557031 0.708333 0.021198 0.026257
0 0.517188 0.733333 0.020058 0.027568
0 0.246875 0.740625 0.019909 0.025929
0 0.25625 0.753125 0.023821 0.030088
0 0.635156 0.75625 0.021198 0.026257
0 0.598437 0.759375 0.019792 0.025321
0 0.042188 0.765625 0.025938 0.031646
0 0.851562 0.769792 0.019909 0.025929
0 0.271875 0.776042 0.025877 0.028184
0 0.35625 0.79375 0.022815 0.027608
0 0.666406 0.807292 0.019627 0.024405
0 0.521094 0.820833 0.020328 0.024087
0 0.993354 0.832292 0.013293 0.023107
0 0.892969 0.840625 0.021339 0.026862
0 0.816406 0.848958 0.025188 0.032253
0 0.125 0.870833 0.023931 0.031351
0 0.882031 0.869792 0.020566 0.026042
0 0.496094 0.897917 0.031774 0.038004
0 0.667969 0.892708 0.017658 0.024165
0 0.072656 0.905208 0.026828 0.03127
0 0.522656 0.911458 0.023654 0.029634
0 0.21875 0.951042 0.025905 0.030541
0 0.26875 0.977083 0.02143 0.027648
0 0.976562 0.98493 0.026621 0.03014
0 0.278906 0.982292 0.018773 0.023107