0 0.824219 0.035417 0.022818 0.028574
0 0.440625 0.040625 0.022995 0.032052
0 0.232813 0.072917 0.022758 0.030751
0 0.461719 0.076042 0.018756 0.022285
0 0.249219 0.098958 0.022325 0.028159
0 0.288281 0.125 0.022464 0.028723
0 0.1125 0.129167 0.024039 0.030661
0 0.252344 0.152083 0.021362 0.02664
0 0.803906 0.158333 0.020058 0.027568
0 0.119531 0.164583 0.024975 0.031796
0 0.11875 0.173958 0.020566 0.026042
0 0.201563 0.190625 0.022945 0.029561
0 0.734375 0.241667 0.023115 0.031409
0 0.435937 0.309375 0.025806 0.027353
0 0.664844 0.31875 0.020328 0.024087
0 0.828906 0.338542 0.022128 0.030307
0 0.210156 0.363542 0.025162 0.036319
0 0.710156 0.3625 0.021972 0.031659
0 0.379688 0.413542 0.020566 0.026042
0 0.584375 0.44375 0.019574 0.023676
0 0.403125 0.458333 0.022937 0.028155
0 0.307031 0.46875 0.025243 0.032454
0 0.890625 0.478125 0.019832 0.026443
0 0.285156 0.502083 0.024975 0.031796
0 0.557813 0.50625 0.025806 0.027353
0 0.73125 0.505208 0.01902 0.024748
0 0.895312 0.508333 0.018756 0.022285
0 0.473438 0.526042 0.019733 0.025046
0 0.3875 0.575 0.019792 0.025321
0 0.15625 0.589583 0.024467 0.034451
0 0.451562 0.5875 0.024341 0.028597
0 0.239063 0.585417 0.019733 0.025046
0 0.196094 0.626042 0.022776 0.032111
0 0.467187 0.641667 0.020364 0.024472
0 0.534375 0.671875 0.021198 0.026257
0 0.375781 0.676042 0.026101 0.032719
0 0.133594 0.690625 0.021701 0.028014
0 0.411719 0.719792 0.024436 0.029089
0 0.548438 0.719792 0.020046 0.026244
0 0.375781 0.734375 0.021701 0.028014
0 0.257812 0.791667 0.021302 0.02814
0 0.267188 0.795833 0.021302 0.02814
0 0.975781 0.811458 0.02087 0.028194
0 0.955469 0.817708 0.021819 0.028356
0 0.829688 0.8625 0.023244 0.031704
0 0.029687 0.880208 0.019733 0.025046
0 0.119531 0.976042 0.027698 0.03918
0 0.853125 0.970833 0.020566 0.027421
0 0.94375 0.988013 0.025916 0.023975
0 0.276562 0.987789 0.019909 0.024423