0 0.561719 0.013253 0.021701 0.026507
0 0.544531 0.020833 0.021339 0.026862
0 0.096875 0.021875 0.01882 0.024173
0 0.139063 0.044792 0.019638 0.024534
0 0.223438 0.067708 0.024516 0.030178
0 0.249219 0.067708 0.021119 0.029767
0 0.401562 0.094792 0.028277 0.039547
0 0.979688 0.09375 0.020801 0.028133
0 0.690625 0.109375 0.028922 0.037014
0 0.897656 0.111458 0.021796 0.030069
0 0.628125 0.136458 0.026376 0.032785
0 0.990103 0.159375 0.019795 0.032621
0 0.466406 0.161458 0.018773 0.023107
0 0.783594 0.184375 0.024262 0.033667
0 0.384375 0.197917 0.029863 0.034842
0 0.886719 0.198958 0.021618 0.02791
0 0.123438 0.210417 0.022815 0.027608
0 0.080469 0.222917 0.027753 0.034375
0 0.524219 0.236458 0.02479 0.031527
0 0.753906 0.271875 0.018773 0.023107
0 0.267188 0.290625 0.02393 0.031906
0 0.346094 0.290625 0.021618 0.02791
0 0.765625 0.307292 0.022883 0.028677
0 0.847656 0.326042 0.021689 0.030701
0 0.702344 0.338542 0.02516 0.035307
0 0.987696 0.369792 0.024608 0.04038
0 0.770312 0.365625 0.021259 0.028345
0 0.28125 0.373958 0.022883 0.028677
0 0.564844 0.416667 0.021479 0.027243
0 0.016406 0.444792 0.026966 0.033171
0 0.854688 0.483333 0.023538 0.032216
0 0.895312 0.4875 0.022094 0.027539
0 0.924219 0.503125 0.021804 0.02852
0 0.7375 0.515625 0.023538 0.032216
0 0.553125 0.539583 0.023432 0.030501
0 0.344531 0.55 0.020697 0.026524
0 0.292187 0.560417 0.024018 0.034278
0 0.259375 0.570833 0.026189 0.036773
0 0.336719 0.567708 0.021701 0.028014
0 0.13125 0.572917 0.026569 0.028181
0 0.967187 0.585417 0.020676 0.026744
0 0.967969 0.605208 0.025414 0.032846
0 0.860938 0.638542 0.021656 0.028229
0 0.278125 0.639583 0.020566 0.026042
0 0.263281 0.65625 0.018008 0.02309
0 0.892969 0.686458 0.017658 0.024165
0 0.302344 0.74375 0.027784 0.032654
0 0.510938 0.760417 0.019925 0.025905
0 0.6375 0.786458 0.018939 0.024442
0 0.836719 0.857292 0.022959 0.039724
0 0.303125 0.855208 0.022128 0.030307
0 0.584375 0.855208 0.023026 0.028919
0 0.072656 0.88125 0.021542 0.027554
0 0.379688 0.898958 0.019792 0.025321
0 0.353125 0.907292 0.018561 0.025359
0 0.525781 0.933333 0.030739 0.036168
0 0.772656 0.934375 0.026302 0.034779
0 0.73125 0.9625 0.023906 0.033448
0 0.197656 0.966667 0.024496 0.029918
0 0.283594 0.990244 0.018939 0.019513