0 0.360156 0.023958 0.022227 0.031837
0 0.721094 0.0625 0.021796 0.02989
0 0.867969 0.064583 0.021239 0.025868
0 0.504687 0.064583 0.018773 0.023107
0 0.329688 0.108333 0.01882 0.024173
0 0.219531 0.219792 0.019638 0.024534
0 0.785156 0.317708 0.02752 0.039646
0 0.35625 0.327083 0.018756 0.022285
0 0.89375 0.347917 0.020479 0.026286
0 0.376563 0.348958 0.020416 0.025301
0 0.55625 0.360417 0.027028 0.034532
0 0.8625 0.373958 0.019868 0.025663
0 0.320312 0.373958 0.020328 0.024087
0 0.896094 0.411458 0.021161 0.025349
0 0.966406 0.429167 0.021161 0.025349
0 0.60625 0.523958 0.019925 0.025905
0 0.68125 0.528125 0.019733 0.025046
0 0.052344 0.626042 0.021198 0.026257
0 0.663281 0.633333 0.024319 0.034057
0 0.185938 0.6625 0.022464 0.028723
0 0.340625 0.667708 0.026389 0.034301
0 0.653906 0.679167 0.021198 0.026257
0 0.497656 0.692708 0.024975 0.031796
0 0.88125 0.694792 0.024584 0.031012
0 0.692969 0.736458 0.025243 0.032454
0 0.153125 0.789583 0.020046 0.026244
0 0.065625 0.889583 0.02995 0.041998
0 0.385937 0.919792 0.018331 0.025253
0 0.471875 0.969792 0.017345 0.026058