0 0.430469 0.018222 0.028856 0.036445
0 0.591406 0.01875 0.021542 0.027554
0 0.986719 0.078125 0.02143 0.027648
0 0.338281 0.164583 0.028262 0.03619
0 0.89375 0.165625 0.019574 0.023676
0 0.66875 0.169792 0.017759 0.024215
0 0.939063 0.173958 0.023161 0.029971
0 0.217188 0.3 0.027446 0.035786
0 0.79375 0.328125 0.018827 0.023629
0 0.760938 0.361458 0.024043 0.032841
0 0.842187 0.370833 0.023597 0.02855
0 0.638281 0.370833 0.018008 0.02309
0 0.567187 0.383333 0.019592 0.025156
0 0.564063 0.390625 0.019574 0.023676
0 0.860156 0.395833 0.021556 0.031475
0 0.630469 0.4 0.029747 0.036502
0 0.196875 0.427083 0.021894 0.026105
0 0.882812 0.44375 0.019792 0.025321
0 0.764062 0.498958 0.026376 0.032785
0 0.636719 0.527083 0.030777 0.037099
0 0.115625 0.563542 0.019574 0.023676
0 0.924219 0.594792 0.02479 0.031527
0 0.764062 0.604167 0.019792 0.025321
0 0.35625 0.686458 0.026987 0.033441
0 0.609375 0.703125 0.026979 0.035446
0 0.679688 0.75 0.019909 0.025929
0 0.364063 0.929167 0.027279 0.037581