0 0.536719 0.025 0.024535 0.029481
0 0.303906 0.183333 0.023447 0.026119
0 0.522656 0.194792 0.021264 0.026134
0 0.457813 0.197917 0.018827 0.023629
0 0.767188 0.214583 0.018816 0.028149
0 0.592969 0.270833 0.02077 0.027051
0 0.260156 0.28125 0.022393 0.030491
0 0.653906 0.2875 0.021161 0.025349
0 0.661719 0.360417 0.021161 0.025349
0 0.727344 0.458333 0.021701 0.028014
0 0.738281 0.60625 0.01813 0.025093
0 0.388281 0.664583 0.021618 0.02791
0 0.509375 0.6875 0.022883 0.028677
0 0.986719 0.872917 0.019574 0.023676
0 0.765625 0.885417 0.019714 0.027305
0 0.888281 0.915625 0.020328 0.024087
0 0.494531 0.961458 0.018827 0.023629
0 0.460156 0.980208 0.018008 0.02309