0 0.907813 0.014304 0.023538 0.028608
0 0.328906 0.019792 0.024635 0.033885
0 0.8125 0.033333 0.026048 0.031808
0 0.290625 0.061458 0.028691 0.041226
0 0.846094 0.064583 0.020938 0.027401
0 0.226562 0.069792 0.019574 0.023676
0 0.847656 0.075 0.021796 0.02989
0 0.832812 0.090625 0.025196 0.039696
0 0.234375 0.090625 0.021542 0.029952
0 0.935937 0.096875 0.022781 0.032106
0 0.311719 0.104167 0.020058 0.027568
0 0.14375 0.105208 0.018939 0.024442
0 0.921875 0.148958 0.026775 0.030454
0 0.970313 0.152083 0.020566 0.026042
0 0.823438 0.166667 0.019633 0.024542
0 0.673438 0.175 0.029044 0.035673
0 0.16875 0.186458 0.029512 0.040406
0 0.264844 0.195833 0.021978 0.027245
0 0.526563 0.2 0.017438 0.024063
0 0.219531 0.223958 0.018773 0.023107
0 0.215625 0.236458 0.020801 0.028133
0 0.920312 0.238542 0.024794 0.030839
0 0.7625 0.269792 0.029465 0.034659
0 0.00939 0.313542 0.018781 0.035457
0 0.325 0.320833 0.027672 0.036151
0 0.846094 0.322917 0.025086 0.031874
0 0.628125 0.367708 0.029382 0.043075
0 0.730469 0.372917 0.030491 0.0431
0 0.389844 0.369792 0.028262 0.03619
0 0.326562 0.371875 0.02714 0.033665
0 0.588281 0.398958 0.024291 0.029293
0 0.128906 0.416667 0.03117 0.039058
0 0.217969 0.407292 0.018008 0.02309
0 0.895312 0.4125 0.029095 0.032278
0 0.860938 0.41875 0.020676 0.026744
0 0.405469 0.425 0.02739 0.033936
0 0.176563 0.460417 0.019574 0.023676
0 0.96875 0.511458 0.026593 0.033416
0 0.514844 0.5375 0.028864 0.035994
0 0.380469 0.544792 0.021479 0.027243
0 0.527344 0.555208 0.029619 0.041462
0 0.053906 0.559375 0.02516 0.035307
0 0.552344 0.563542 0.021105 0.028403
0 0.605469 0.565625 0.021339 0.026862
0 0.824219 0.594792 0.022067 0.026726
0 0.963281 0.602083 0.025197 0.031603
0 0.535156 0.632292 0.020231 0.026656
0 0.447656 0.66875 0.020328 0.024087
0 0.234375 0.678125 0.023878 0.029636
0 0.490625 0.703125 0.028531 0.033849
0 0.404687 0.721875 0.024516 0.030178
0 0.372656 0.75625 0.027887 0.035516
0 0.08125 0.786458 0.02003 0.029373
0 0.53125 0.786458 0.019925 0.025905
0 0.3 0.807292 0.02714 0.033665
0 0.254688 0.80625 0.020479 0.026286
0 0.845313 0.805208 0.018561 0.025359
0 0.164844 0.813542 0.028021 0.035684
0 0.417969 0.825 0.018008 0.02309
0 0.596875 0.829167 0.019792 0.025321
0 0.176563 0.829167 0.019574 0.023676
0 0.949219 0.838542 0.018161 0.023679
0 0.108594 0.85 0.020422 0.025409
0 0.309375 0.860417 0.031481 0.040352
0 0.394531 0.888542 0.027965 0.034071
0 0.478906 0.896875 0.028924 0.035536
0 0.628906 0.896875 0.028215 0.035868
0 0.821875 0.896875 0.025915 0.033268
0 0.610938 0.908333 0.032573 0.041203
0 0.357812 0.910417 0.027141 0.034876
0 0.491406 0.913542 0.018773 0.023107
0 0.465625 0.916667 0.021921 0.025381
0 0.460938 0.93125 0.026273 0.033081
0 0.590625 0.927083 0.019893 0.027596
0 0.100781 0.948958 0.020328 0.024087
0 0.125 0.960417 0.02739 0.036256
0 0.584375 0.965625 0.026966 0.033171
0 0.964844 0.965625 0.020566 0.026042
0 0.685156 0.989462 0.020058 0.021076