0 0.136719 0.057292 0.024336 0.03118
0 0.107813 0.102083 0.018756 0.022285
0 0.523438 0.119792 0.027025 0.038878
0 0.888281 0.170833 0.018773 0.023107
0 0.370312 0.179167 0.027001 0.031906
0 0.322656 0.220833 0.024508 0.031695
0 0.364063 0.25 0.026 0.035478
0 0.222656 0.248958 0.019638 0.024534
0 0.008205 0.254167 0.016409 0.022285
0 0.208594 0.267708 0.023607 0.028741
0 0.295312 0.296875 0.019178 0.025168
0 0.328125 0.307292 0.024584 0.031012
0 0.5125 0.315625 0.03083 0.038882
0 0.369531 0.326042 0.020627 0.027503
0 0.4 0.357292 0.037768 0.066007
0 0.691406 0.353125 0.023878 0.029636
0 0.115625 0.360417 0.028628 0.040951
0 0.353125 0.354167 0.019558 0.02407
0 0.430469 0.377083 0.0184 0.026183
0 0.582031 0.396875 0.018561 0.025359
0 0.68125 0.419792 0.019178 0.025168
0 0.186719 0.475 0.024274 0.028304
0 0.1375 0.484375 0.028043 0.037016
0 0.85 0.538542 0.01802 0.023067
0 0.35 0.547917 0.021946 0.026299
0 0.528906 0.564583 0.018331 0.025253
0 0.238281 0.571875 0.01902 0.024748
0 0.835938 0.580208 0.020627 0.027503
0 0.828125 0.590625 0.018801 0.024039
0 0.329688 0.602083 0.017721 0.025103
0 0.441406 0.601042 0.018846 0.02378
0 0.53125 0.60625 0.017757 0.026099
0 0.228906 0.610417 0.023475 0.026349
0 0.564063 0.622917 0.018773 0.023107
0 0.616406 0.652083 0.016724 0.028126
0 0.828125 0.653125 0.023583 0.030562
0 0.444531 0.683333 0.021902 0.027122
0 0.467187 0.690625 0.019401 0.028319
0 0.498437 0.701042 0.020697 0.026524
0 0.284375 0.7375 0.021172 0.028874
0 0.007969 0.764583 0.015938 0.027401
0 0.844531 0.785417 0.021701 0.028014
0 0.558594 0.825 0.032454 0.039409
0 0.440625 0.83125 0.022227 0.031837
0 0.708594 0.894792 0.0274 0.043794
0 0.071875 0.889583 0.023491 0.027306
0 0.734375 0.915625 0.026571 0.034874
0 0.600781 0.927083 0.018939 0.024442
0 0.580469 0.974256 0.045578 0.051489
0 0.872656 0.966667 0.02479 0.031527
0 0.871094 0.984699 0.02914 0.030602