0 0.433594 0.021875 0.018008 0.02309
0 0.336719 0.064583 0.024436 0.029089
0 0.492188 0.076042 0.023097 0.028871
0 0.965625 0.240625 0.025957 0.03004
0 0.310156 0.278125 0.022995 0.032052
0 0.322656 0.288542 0.023597 0.02855
0 0.748437 0.296875 0.023097 0.028871
0 0.827344 0.334375 0.021339 0.026862
0 0.142187 0.390625 0.023344 0.031678
0 0.33125 0.408333 0.026101 0.032719
0 0.836719 0.409375 0.023476 0.030208
0 0.50625 0.483333 0.026479 0.036699
0 0.235156 0.489583 0.021339 0.026862
0 0.674219 0.495833 0.025042 0.032134
0 0.109375 0.5125 0.027149 0.037383
0 0.161719 0.535417 0.021479 0.027243
0 0.845313 0.536458 0.020566 0.026042
0 0.565625 0.557292 0.026729 0.029672
0 0.357812 0.5625 0.026779 0.031865
0 0.015625 0.675 0.018756 0.022285
0 0.085156 0.74375 0.028378 0.036954
0 0.385937 0.795833 0.021202 0.026349
0 0.369531 0.840625 0.027678 0.033246
0 0.15 0.88125 0.02413 0.031832
0 0.649219 0.908333 0.021701 0.028014