0 0.413281 0.00982 0.021999 0.01964
0 0.084375 0.04375 0.018161 0.023679
0 0.933594 0.094792 0.023319 0.029672
0 0.264062 0.196875 0.02095 0.027383
0 0.703906 0.20625 0.024496 0.029918
0 0.700781 0.303125 0.026787 0.037786
0 0.860938 0.330208 0.018769 0.023116
0 0.335156 0.3375 0.019574 0.023676
0 0.888281 0.357292 0.020341 0.025073
0 0.720313 0.402083 0.019925 0.025905
0 0.128125 0.4375 0.023654 0.029634
0 0.820312 0.467708 0.025589 0.035797
0 0.825 0.510417 0.020416 0.025301
0 0.797656 0.542708 0.021362 0.02664
0 0.696875 0.59375 0.023026 0.028919
0 0.385156 0.597917 0.02393 0.031906
0 0.026562 0.611458 0.026593 0.033416
0 0.2 0.635417 0.022495 0.030475
0 0.727344 0.659375 0.024496 0.029918
0 0.801562 0.691667 0.026189 0.036773
0 0.067187 0.691667 0.0197 0.025227
0 0.470313 0.696875 0.021816 0.032581
0 0.38125 0.705208 0.024107 0.034015
0 0.315625 0.733333 0.027485 0.030855
0 0.266406 0.78125 0.024256 0.036034
0 0.374219 0.789583 0.0223 0.033506
0 0.371094 0.802083 0.023192 0.02956
0 0.175781 0.836458 0.025171 0.029147
0 0.533594 0.878125 0.025219 0.029986
0 0.26875 0.888542 0.026491 0.032644
0 0.205469 0.929167 0.021804 0.02852
0 0.375781 0.967708 0.018939 0.024442
0 0.360156 0.982292 0.019074 0.032316
0 0.745313 0.982292 0.01971 0.025332