0 0.09375 0.010062 0.022111 0.020124
0 0.199219 0.013542 0.018756 0.022285
0 0.785156 0.022917 0.025327 0.040945
0 0.439844 0.020833 0.022766 0.03074
0 0.341406 0.020833 0.018939 0.024442
0 0.524219 0.023958 0.020441 0.025129
0 0.589063 0.029167 0.026623 0.028618
0 0.695312 0.0375 0.01971 0.025332
0 0.951562 0.042708 0.02692 0.036212
0 0.489844 0.041667 0.025322 0.03032
0 0.667188 0.055208 0.035554 0.044821
0 0.600781 0.05 0.027468 0.032673
0 0.1875 0.048958 0.021946 0.026299
0 0.220312 0.048958 0.01882 0.024173
0 0.925 0.052083 0.023293 0.029834
0 0.186719 0.060417 0.018331 0.025253
0 0.857812 0.071875 0.025928 0.037207
0 0.18125 0.071875 0.031361 0.03394
0 0.148438 0.06875 0.018048 0.02325
0 0.15625 0.079167 0.029839 0.037693
0 0.276562 0.079167 0.02217 0.02922
0 0.180469 0.086458 0.020154 0.028445
0 0.707031 0.086458 0.02143 0.027648
0 0.394531 0.0875 0.020697 0.026524
0 0.882031 0.086458 0.018561 0.025359
0 0.167969 0.092708 0.030559 0.032033
0 0.983594 0.090625 0.021819 0.028356
0 0.847656 0.091667 0.024436 0.029089
0 0.178125 0.117708 0.055779 0.078261
0 0.822656 0.095833 0.021339 0.026862
0 0.430469 0.096875 0.018773 0.023107
0 0.525 0.103125 0.026071 0.036362
0 0.784375 0.096875 0.018939 0.024442
0 0.782031 0.107292 0.022152 0.027355
0 0.840625 0.11875 0.028444 0.050255
0 0.091406 0.114583 0.025322 0.03032
0 0.575 0.113542 0.022828 0.027821
0 0.640625 0.1125 0.018756 0.022285
0 0.828125 0.119792 0.026 0.035478
0 0.697656 0.121875 0.018161 0.023679
0 0.961719 0.125 0.020566 0.026042
0 0.417969 0.129167 0.020566 0.026042
0 0.614062 0.130208 0.022758 0.030751
0 0.798438 0.144792 0.038793 0.055595
0 0.815625 0.135417 0.02032 0.023137
0 0.446094 0.147917 0.03284 0.04569
0 0.357031 0.153125 0.027491 0.037182
0 0.263281 0.166667 0.045862 0.051717
0 0.534375 0.15625 0.024083 0.030368
0 0.638281 0.154167 0.02143 0.027648
0 0.767969 0.161458 0.028181 0.039371
0 0.895312 0.1625 0.022268 0.032512
0 0.510156 0.16875 0.033609 0.043941
0 0.828125 0.16875 0.02317 0.029214
0 0.03125 0.189583 0.022868 0.029857
0 0.807031 0.195833 0.019178 0.025168
0 0.880469 0.2 0.02217 0.02922
0 0.94375 0.202083 0.018939 0.024442
0 0.182812 0.221875 0.019683 0.026728
0 0.683594 0.222917 0.021314 0.02663
0 0.9875 0.228125 0.022242 0.030281
0 0.130469 0.234375 0.026775 0.030454
0 0.916406 0.236458 0.020566 0.026042
0 0.767188 0.238542 0.019574 0.023676
0 0.450781 0.242708 0.021198 0.026257
0 0.075781 0.25 0.028313 0.036639
0 0.15 0.282292 0.019768 0.025593
0 0.484375 0.283333 0.0223 0.028345
0 0.54375 0.291667 0.020789 0.026845
0 0.421094 0.301042 0.032979 0.040777
0 0.277344 0.314583 0.02714 0.033665
0 0.792969 0.317708 0.022656 0.031302
0 0.674219 0.323958 0.021796 0.02989
0 0.967187 0.329167 0.024039 0.030661
0 0.644531 0.339583 0.032847 0.041798
0 0.925781 0.342708 0.020566 0.026042
0 0.219531 0.345833 0.025086 0.031874
0 0.691406 0.35625 0.019693 0.024852
0 0.430469 0.361458 0.019638 0.024534
0 0.522656 0.372917 0.021339 0.026862
0 0.855469 0.377083 0.021796 0.030069
0 0.916406 0.3875 0.02168 0.028193
0 0.117969 0.405208 0.029386 0.041159
0 0.3625 0.411458 0.028906 0.037105
0 0.380469 0.408333 0.017301 0.024027
0 0.988281 0.411458 0.019574 0.023676
0 0.709375 0.414583 0.0201 0.026364
0 0.422656 0.426042 0.027582 0.039893
0 0.888281 0.420833 0.024679 0.030191
0 0.610938 0.433333 0.018773 0.023107
0 0.815625 0.4375 0.020932 0.028824
0 0.660937 0.442708 0.026376 0.032785
0 0.526563 0.440625 0.019733 0.025046
0 0.833594 0.444792 0.018773 0.023107
0 0.716406 0.452083 0.018921 0.024472
0 0.766406 0.45625 0.01882 0.024173
0 0.415625 0.466667 0.032823 0.042718
0 0.540625 0.463542 0.018939 0.024442
0 0.535937 0.471875 0.024225 0.030977
0 0.049219 0.470833 0.020566 0.026042
0 0.947656 0.471875 0.020328 0.024087
0 0.257031 0.480208 0.018773 0.023107
0 0.923438 0.483333 0.019792 0.025321
0 0.389844 0.4875 0.021542 0.029952
0 0.8125 0.494792 0.037476 0.045499
0 0.033594 0.507292 0.030632 0.039728
0 0.621094 0.504167 0.021243 0.027194
0 0.555469 0.515625 0.029928 0.041663
0 0.078125 0.517708 0.031247 0.039903
0 0.603125 0.5125 0.023821 0.030088
0 0.503906 0.513542 0.022254 0.02805
0 0.592187 0.5125 0.018008 0.02309
0 0.478906 0.515625 0.018756 0.022285
0 0.473438 0.51875 0.017438 0.024063
0 0.255469 0.522917 0.024447 0.033091
0 0.376563 0.535417 0.023227 0.029506
0 0.538281 0.54375 0.029075 0.041525
0 0.85625 0.548958 0.019683 0.026728
0 0.691406 0.551042 0.020566 0.026042
0 0.978906 0.557292 0.018756 0.022285
0 0.705469 0.580208 0.024396 0.034961
0 0.840625 0.577083 0.0211 0.027734
0 0.975781 0.579167 0.020811 0.029482
0 0.877344 0.584375 0.021999 0.028864
0 0.984375 0.582292 0.019909 0.025929
0 0.54375 0.594792 0.025956 0.040738
0 0.374219 0.592708 0.022111 0.027748
0 0.694531 0.590625 0.018773 0.023107
0 0.672656 0.598958 0.021479 0.027243
0 0.688281 0.630208 0.03729 0.046875
0 0.991944 0.619792 0.016112 0.023679
0 0.346094 0.629167 0.030121 0.039283
0 0.064844 0.63125 0.025219 0.029986
0 0.923438 0.6375 0.023259 0.032779
0 0.817969 0.658333 0.025905 0.033963
0 0.53125 0.663542 0.01971 0.025332
0 0.202344 0.66875 0.018939 0.024442
0 0.13125 0.670833 0.018827 0.023629
0 0.826562 0.671875 0.019909 0.025929
0 0.671875 0.680208 0.019543 0.023126
0 0.907031 0.685417 0.018331 0.025253
0 0.13125 0.689583 0.018008 0.02309
0 0.9 0.704167 0.027467 0.038364
0 0.117188 0.719792 0.028075 0.039787
0 0.100781 0.716667 0.018921 0.024472
0 0.736719 0.720833 0.020566 0.026042
0 0.674219 0.742708 0.018773 0.023107
0 0.675 0.752083 0.019638 0.024534
0 0.436719 0.764583 0.036346 0.046423
0 0.628125 0.765625 0.029519 0.04089
0 0.203125 0.766667 0.020566 0.026042
0 0.939844 0.79375 0.034572 0.044145
0 0.028906 0.788542 0.027965 0.034071
0 0.4375 0.797917 0.021887 0.025097
0 0.919531 0.801042 0.021339 0.026862
0 0.277344 0.807292 0.02544 0.030994
0 0.263281 0.803125 0.01875 0.022917
0 0.767188 0.811458 0.019638 0.024534
0 0.275 0.822917 0.028413 0.036496
0 0.051562 0.822917 0.026715 0.032642
0 0.115625 0.822917 0.028449 0.032782
0 0.242188 0.830208 0.030086 0.038025
0 0.677344 0.835417 0.021999 0.028864
0 0.546094 0.836458 0.021479 0.027243
0 0.977344 0.839583 0.022017 0.028277
0 0.304688 0.855208 0.027525 0.035305
0 0.515625 0.85 0.021542 0.027554
0 0.448437 0.872917 0.028262 0.03619
0 0.017969 0.884375 0.028158 0.034718
0 0.547656 0.885417 0.020371 0.024457
0 0.616406 0.89375 0.021239 0.025868
0 0.510156 0.894792 0.020371 0.024457
0 0.367188 0.904167 0.021894 0.026105
0 0.498437 0.904167 0.019792 0.025321
0 0.94375 0.911458 0.022937 0.028155
0 0.738281 0.915625 0.02077 0.027051
0 0.375 0.916667 0.020416 0.025301
0 0.434375 0.922917 0.029605 0.038657
0 0.940625 0.922917 0.02306 0.029195
0 0.826562 0.935417 0.023786 0.032659
0 0.135937 0.935417 0.02606 0.030638
0 0.498437 0.96875 0.026048 0.031808
0 0.350781 0.96875 0.022625 0.029341
0 0.521094 0.979167 0.020537 0.027934