0 0.711719 0.013339 0.021819 0.026678
0 0.926562 0.073958 0.019627 0.024405
0 0.363281 0.109375 0.018756 0.022285
0 0.351562 0.134375 0.02095 0.027383
0 0.517969 0.172917 0.021819 0.028356
0 0.688281 0.196875 0.017721 0.025103
0 0.987862 0.266667 0.024277 0.032498
0 0.294531 0.335417 0.022729 0.02728
0 0.617969 0.352083 0.019574 0.023676
0 0.509375 0.395833 0.021701 0.028014
0 0.690625 0.423958 0.030031 0.040041
0 0.4875 0.427083 0.02743 0.037292
0 0.614062 0.469792 0.019574 0.023676
0 0.632031 0.522917 0.018442 0.024589
0 0.029687 0.539583 0.022729 0.02728
0 0.616406 0.55 0.020676 0.026744
0 0.988281 0.59375 0.021618 0.02791
0 0.602344 0.729167 0.021239 0.025868
0 0.707031 0.911458 0.021804 0.02852
0 0.908594 0.95625 0.021314 0.02663