0 0.304688 0.017708 0.019627 0.024405
0 0.703125 0.041667 0.020537 0.027934
0 0.525781 0.061458 0.027369 0.026821
0 0.379688 0.098958 0.021161 0.025349
0 0.371875 0.116667 0.020676 0.026744
0 0.688281 0.11875 0.020441 0.025129
0 0.172656 0.1375 0.021314 0.02663
0 0.360938 0.164583 0.025836 0.027678
0 0.796094 0.173958 0.026828 0.03127
0 0.071094 0.19375 0.020328 0.024087
0 0.124219 0.227083 0.021819 0.028356
0 0.414844 0.252083 0.020328 0.024087
0 0.009379 0.25625 0.018758 0.024087
0 0.484375 0.291667 0.023319 0.029672
0 0.038281 0.291667 0.0197 0.025227
0 0.038281 0.301042 0.022226 0.031538
0 0.750781 0.379167 0.025042 0.032134
0 0.110156 0.382292 0.018442 0.024589
0 0.770312 0.4375 0.027678 0.033246
0 0.785156 0.438542 0.020566 0.026042
0 0.238281 0.45 0.021339 0.026862
0 0.380469 0.463542 0.025162 0.036319
0 0.192188 0.4625 0.023493 0.032412
0 0.192969 0.480208 0.022254 0.031093
0 0.354687 0.483333 0.026637 0.037182
0 0.75 0.496875 0.017759 0.024215
0 0.742969 0.5 0.021339 0.026862
0 0.921094 0.517708 0.026221 0.032529
0 0.396094 0.535417 0.019178 0.025168
0 0.369531 0.560417 0.018561 0.025359
0 0.839844 0.58125 0.022128 0.030307
0 0.921875 0.59375 0.020866 0.027821
0 0.932031 0.609375 0.027331 0.039247
0 0.733594 0.633333 0.021961 0.03167
0 0.630469 0.639583 0.0197 0.025227
0 0.245312 0.654167 0.023144 0.03231
0 0.708594 0.65625 0.025477 0.035
0 0.699219 0.661458 0.022551 0.029062
0 0.432031 0.690625 0.018939 0.024442
0 0.821875 0.763542 0.020479 0.026286
0 0.874219 0.767708 0.019178 0.025168
0 0.489063 0.822917 0.019733 0.025046
0 0.755469 0.827083 0.021339 0.026862
0 0.083594 0.833333 0.020416 0.025301
0 0.857812 0.885417 0.024425 0.030612
0 0.602344 0.889583 0.020231 0.026656
0 0.342969 0.897917 0.021761 0.031624
0 0.428906 0.91875 0.021314 0.02663
0 0.73125 0.95625 0.018561 0.025359
0 0.570312 0.982292 0.023592 0.030549
0 0.6125 0.983333 0.018756 0.022285