0 0.2 0.029167 0.025949 0.029877
0 0.221875 0.06875 0.025934 0.031502
0 0.05 0.0875 0.02276 0.031984
0 0.064062 0.136458 0.029369 0.035583
0 0.084375 0.142708 0.023055 0.028598
0 0.691406 0.176042 0.018773 0.023107
0 0.507031 0.1875 0.021796 0.030069
0 0.54375 0.19375 0.023484 0.032424
0 0.683594 0.205208 0.022393 0.030491
0 0.267969 0.2125 0.025957 0.03004
0 0.625 0.225 0.026 0.030914
0 0.683594 0.238542 0.024679 0.030191
0 0.073438 0.247917 0.019574 0.023676
0 0.371094 0.257292 0.021727 0.028969
0 0.452344 0.288542 0.018939 0.024442
0 0.560156 0.369792 0.027408 0.028239
0 0.153125 0.373958 0.023521 0.026804
0 0.959375 0.376042 0.02099 0.030596
0 0.644531 0.382292 0.024539 0.029349
0 0.607812 0.442708 0.022861 0.027439
0 0.921875 0.470833 0.023268 0.032258
0 0.548438 0.472917 0.023583 0.030562
0 0.460156 0.475 0.024946 0.031337
0 0.669531 0.484375 0.018773 0.023107
0 0.575781 0.509375 0.024652 0.030465
0 0.490625 0.539583 0.023538 0.032216
0 0.388281 0.559375 0.028021 0.035684
0 0.277344 0.563542 0.025273 0.030852
0 0.986719 0.5625 0.021427 0.026982
0 0.746875 0.579167 0.024516 0.030178
0 0.698438 0.588542 0.022254 0.02805
0 0.671094 0.616667 0.024733 0.030499
0 0.272656 0.615625 0.018756 0.022285
0 0.011719 0.647917 0.021314 0.02663
0 0.315625 0.707292 0.023139 0.033697
0 0.773438 0.715625 0.019574 0.023676
0 0.7125 0.757292 0.023583 0.030562
0 0.767969 0.776042 0.021198 0.026257
0 0.674219 0.789583 0.021542 0.027554
0 0.185156 0.823958 0.025129 0.029733
0 0.285938 0.884375 0.022466 0.036608
0 0.182031 0.911458 0.018773 0.023107
0 0.317188 0.919792 0.023607 0.028741
0 0.453906 0.933333 0.023781 0.034173
0 0.334375 0.946875 0.026127 0.030678
0 0.179688 0.953125 0.023385 0.032449
0 0.789844 0.98125 0.025162 0.036319