0 0.034375 0.020833 0.020441 0.025129
0 0.477344 0.067708 0.025183 0.032816
0 0.438281 0.092708 0.020579 0.030481
0 0.853906 0.111458 0.022152 0.027355
0 0.951562 0.117708 0.020566 0.026042
0 0.942969 0.125 0.024652 0.030465
0 0.029687 0.135417 0.024225 0.030977
0 0.564844 0.147917 0.024516 0.030178
0 0.201563 0.269792 0.030013 0.036999
0 0.379688 0.290625 0.019638 0.024534
0 0.985938 0.295833 0.026081 0.030374
0 0.1875 0.301042 0.023139 0.033697
0 0.374219 0.401042 0.022118 0.031853
0 0.135937 0.441667 0.020288 0.027694
0 0.988281 0.514583 0.020288 0.027694
0 0.184375 0.595833 0.022006 0.035464
0 0.245312 0.621875 0.023248 0.030703
0 0.510938 0.663542 0.019534 0.022292
0 0.171875 0.671875 0.025857 0.028661
0 0.515625 0.672917 0.022731 0.029504
0 0.469531 0.6875 0.02276 0.031984
0 0.857031 0.70625 0.027382 0.037122
0 0.221094 0.729167 0.024436 0.029089
0 0.513281 0.740625 0.025676 0.036405
0 0.61875 0.766667 0.029369 0.035583
0 0.216406 0.83125 0.021658 0.029319
0 0.207813 0.861458 0.023592 0.030549
0 0.679688 0.928125 0.032942 0.036892
0 0.127344 0.930208 0.021542 0.027554
0 0.035937 0.932292 0.02032 0.023137