0 0.132812 0.040625 0.028506 0.035084
0 0.671875 0.0375 0.020676 0.026744
0 0.442188 0.046875 0.022111 0.027748
0 0.704688 0.052083 0.028176 0.03453
0 0.477344 0.061458 0.025171 0.029147
0 0.371875 0.075 0.028598 0.034664
0 0.103125 0.082292 0.020627 0.027503
0 0.557813 0.086458 0.023259 0.032779
0 0.282813 0.084375 0.020046 0.026244
0 0.942969 0.085417 0.01733 0.02503
0 0.128125 0.089583 0.022729 0.02728
0 0.926562 0.088542 0.022861 0.027439
0 0.479687 0.091667 0.021247 0.027272
0 0.067969 0.094792 0.024794 0.030839
0 0.863281 0.104167 0.02143 0.027648
0 0.782813 0.105208 0.019574 0.023676
0 0.0125 0.117708 0.018051 0.025047
0 0.821094 0.133333 0.019178 0.025168
0 0.717969 0.165625 0.02292 0.033794
0 0.875781 0.164583 0.017438 0.024063
0 0.383594 0.176042 0.025095 0.028633
0 0.432031 0.175 0.018773 0.023107
0 0.597656 0.192708 0.022138 0.032503
0 0.296094 0.202083 0.022254 0.02805
0 0.319531 0.205208 0.026624 0.028684
0 0.471875 0.238542 0.029287 0.033514
0 0.902344 0.2375 0.020479 0.026286
0 0.335156 0.25 0.021727 0.028969
0 0.574219 0.257292 0.031124 0.04107
0 0.714063 0.2625 0.027871 0.035612
0 0.519531 0.271875 0.021819 0.028356
0 0.947656 0.276042 0.023778 0.030992
0 0.603125 0.282292 0.031175 0.042754
0 0.067969 0.277083 0.018331 0.025253
0 0.920312 0.283333 0.021905 0.03439
0 0.026562 0.295833 0.026796 0.034437
0 0.082031 0.297917 0.02018 0.026907
0 0.082812 0.316667 0.020046 0.026244
0 0.755469 0.352083 0.023894 0.035927
0 0.5875 0.351042 0.024318 0.031312
0 0.013281 0.377083 0.024535 0.029481
0 0.128125 0.402083 0.028106 0.035108
0 0.689063 0.404167 0.020046 0.026244
0 0.452344 0.423958 0.017982 0.022269
0 0.907031 0.44375 0.021508 0.03051
0 0.075 0.452083 0.019909 0.025929
0 0.785156 0.475 0.021796 0.02989
0 0.96875 0.486458 0.020627 0.027503
0 0.946875 0.492708 0.023906 0.033448
0 0.378125 0.490625 0.021701 0.028014
0 0.192188 0.517708 0.020676 0.026744
0 0.039844 0.525 0.029409 0.039429
0 0.482812 0.538542 0.022883 0.028677
0 0.075 0.557292 0.027446 0.035786
0 0.275 0.55625 0.029435 0.036442
0 0.342969 0.566667 0.02431 0.030289
0 0.671094 0.589583 0.028924 0.035536
0 0.246875 0.605208 0.024309 0.031325
0 0.36875 0.6125 0.026598 0.029342
0 0.728906 0.613542 0.025781 0.032981
0 0.11875 0.620833 0.018008 0.02309
0 0.720313 0.620833 0.017982 0.022269
0 0.314844 0.629167 0.020801 0.028133
0 0.040625 0.636458 0.023055 0.028598
0 0.573438 0.640625 0.026048 0.031808
0 0.357812 0.678125 0.02095 0.027383
0 0.377344 0.717708 0.028563 0.035992
0 0.780469 0.711458 0.018773 0.023107
0 0.017188 0.751042 0.025799 0.031271
0 0.661719 0.755208 0.026966 0.033171
0 0.2625 0.797917 0.021198 0.026257
0 0.053125 0.798958 0.022768 0.026762
0 0.563281 0.817708 0.021198 0.026257
0 0.853906 0.827083 0.022006 0.030167
0 0.0875 0.827083 0.018827 0.023629
0 0.796875 0.846875 0.018331 0.025253
0 0.838281 0.85625 0.025058 0.034018
0 0.905469 0.859375 0.020801 0.028133
0 0.792188 0.863542 0.020627 0.027503
0 0.532813 0.869792 0.0197 0.025227
0 0.432812 0.9 0.019693 0.028264
0 0.076563 0.923958 0.026123 0.035908
0 0.860156 0.935417 0.020736 0.028573
0 0.683594 0.954167 0.020932 0.028824
0 0.010156 0.966667 0.019792 0.025321