0 0.752344 0.009968 0.019339 0.019936
0 0.953125 0.051042 0.018846 0.02378
0 0.080469 0.097917 0.019792 0.025321
0 0.069531 0.104167 0.025243 0.032454
0 0.59375 0.104167 0.021247 0.027272
0 0.778906 0.107292 0.022656 0.031302
0 0.09375 0.202083 0.020566 0.026042
0 0.035937 0.261458 0.021894 0.026105
0 0.882031 0.294792 0.021122 0.026093
0 0.850781 0.327083 0.026041 0.030394
0 0.783594 0.347917 0.027822 0.038672
0 0.475781 0.351042 0.021479 0.027243
0 0.632031 0.402083 0.020328 0.024087
0 0.133594 0.467708 0.023758 0.031125
0 0.466406 0.509375 0.018939 0.024442
0 0.464062 0.61875 0.020328 0.024087
0 0.539844 0.625 0.021701 0.028014
0 0.765625 0.63125 0.023293 0.029834
0 0.082812 0.634375 0.018827 0.023629
0 0.741406 0.636458 0.018939 0.024442
0 0.080469 0.719792 0.025806 0.027353
0 0.132031 0.74375 0.022707 0.026328
0 0.903906 0.788542 0.027883 0.036135