0 0.317188 0.019792 0.02291 0.037696
0 0.774219 0.01875 0.021146 0.027826
0 0.119531 0.023958 0.018773 0.023107
0 0.192188 0.034375 0.019627 0.024405
0 0.475 0.042708 0.01971 0.025332
0 0.217188 0.069792 0.023232 0.0323
0 0.650781 0.069792 0.024943 0.034642
0 0.342187 0.077083 0.018756 0.022285
0 0.486719 0.078125 0.018827 0.023629
0 0.542188 0.082292 0.018756 0.022285
0 0.688281 0.1125 0.020341 0.025073
0 0.601562 0.114583 0.019627 0.024405
0 0.9875 0.11875 0.020416 0.025301
0 0.700781 0.119792 0.021339 0.026862
0 0.721875 0.121875 0.019574 0.023676
0 0.630469 0.1375 0.028005 0.034371
0 0.527344 0.140625 0.018939 0.024442
0 0.421875 0.15 0.020537 0.027934
0 0.896094 0.151042 0.018442 0.024589
0 0.946094 0.167708 0.020566 0.027421
0 0.3625 0.196875 0.019638 0.024534
0 0.236719 0.222917 0.021701 0.028014
0 0.458594 0.226042 0.019178 0.025168
0 0.788281 0.233333 0.018939 0.024442
0 0.901563 0.247917 0.022669 0.026114
0 0.920312 0.260417 0.019992 0.026974
0 0.617969 0.278125 0.019178 0.025168
0 0.608594 0.280208 0.019574 0.023676
0 0.667188 0.29375 0.018048 0.02325
0 0.311719 0.29375 0.017982 0.022269
0 0.179688 0.3125 0.019574 0.023676
0 0.348438 0.320833 0.022912 0.031456
0 0.91875 0.326042 0.019925 0.025905
0 0.685156 0.329167 0.018827 0.023629
0 0.025781 0.344792 0.019638 0.024534
0 0.626563 0.360417 0.019627 0.024405
0 0.342187 0.377083 0.021302 0.02814
0 0.48125 0.398958 0.023074 0.031044
0 0.01875 0.395833 0.019534 0.022292
0 0.8 0.398958 0.019909 0.025929
0 0.567969 0.413542 0.025949 0.029877
0 0.028125 0.451042 0.018939 0.024442
0 0.921094 0.458333 0.021339 0.026862
0 0.191406 0.470833 0.021161 0.025349
0 0.739062 0.490625 0.020046 0.026244
0 0.582031 0.490625 0.020328 0.024087
0 0.220312 0.5 0.019574 0.023676
0 0.817187 0.5125 0.019792 0.025321
0 0.135156 0.516667 0.021542 0.027554
0 0.822656 0.519792 0.018442 0.024589
0 0.336719 0.522917 0.021819 0.028356
0 0.599219 0.540625 0.023542 0.03254
0 0.660937 0.535417 0.018756 0.022285
0 0.564063 0.561458 0.026417 0.032442
0 0.251563 0.575 0.019909 0.025929
0 0.721875 0.6 0.023385 0.032449
0 0.258594 0.613542 0.021788 0.030078
0 0.519531 0.628125 0.021202 0.026349
0 0.060937 0.639583 0.023771 0.032677
0 0.580469 0.640625 0.01882 0.024173
0 0.269531 0.65625 0.021362 0.02664
0 0.310156 0.6625 0.019531 0.026042
0 0.141406 0.665625 0.021427 0.026982
0 0.191406 0.672917 0.019627 0.024405
0 0.982812 0.672917 0.019638 0.024534
0 0.427344 0.673958 0.019574 0.023676
0 0.745313 0.722917 0.022828 0.027821
0 0.271875 0.721875 0.019925 0.025905
0 0.595313 0.732292 0.019792 0.025321
0 0.720313 0.733333 0.020866 0.027821
0 0.767188 0.733333 0.019429 0.026567
0 0.202344 0.739583 0.027826 0.033764
0 0.685937 0.744792 0.022858 0.027444
0 0.685156 0.751042 0.018442 0.024589
0 0.819531 0.751042 0.021104 0.024098
0 0.624219 0.770833 0.021618 0.02791
0 0.617969 0.770833 0.018008 0.02309
0 0.740625 0.790625 0.019909 0.025929
0 0.545312 0.805208 0.020676 0.026744
0 0.858594 0.804167 0.021546 0.027548
0 0.700781 0.813542 0.025171 0.029147
0 0.555469 0.813542 0.021339 0.026862
0 0.69375 0.821875 0.019733 0.025046
0 0.299219 0.861458 0.021339 0.026862
0 0.920312 0.861458 0.019925 0.025905
0 0.417187 0.889583 0.020046 0.026244
0 0.489063 0.921875 0.024436 0.029089
0 0.592969 0.940625 0.030642 0.035839
0 0.770312 0.963542 0.020676 0.026744
0 0.202344 0.978125 0.020328 0.024087
0 0.754687 0.987795 0.019925 0.024411
0 0.6 0.989572 0.019733 0.020856
0 0.705469 0.989019 0.018008 0.021962