0 0.910937 0.012584 0.022731 0.025168
0 0.658594 0.051042 0.02503 0.035043
0 0.31875 0.098958 0.019574 0.023676
0 0.696094 0.128125 0.0223 0.028345
0 0.108594 0.157292 0.024835 0.031146
0 0.15625 0.1625 0.023127 0.02972
0 0.619531 0.248958 0.023223 0.035653
0 0.435937 0.408333 0.022216 0.034646
0 0.582812 0.514583 0.023556 0.02766
0 0.735156 0.589583 0.021408 0.02918
0 0.511719 0.682292 0.024623 0.030229
0 0.639844 0.690625 0.019178 0.025168
0 0.061719 0.744792 0.020441 0.025129
0 0.164844 0.863542 0.02168 0.028193
0 0.205469 0.930208 0.021796 0.030069
0 0.339844 0.941667 0.019972 0.028419
0 0.602344 0.971875 0.018561 0.025359
0 0.41875 0.986814 0.023298 0.026372