0 0.255469 0.013591 0.022729 0.027182
0 0.939844 0.01875 0.024926 0.034184
0 0.264844 0.01875 0.024083 0.030368
0 0.420312 0.030208 0.018029 0.025068
0 0.935937 0.045833 0.022861 0.027439
0 0.078125 0.058333 0.02563 0.034173
0 0.564063 0.057292 0.023565 0.027875
0 0.495312 0.069792 0.02466 0.031871
0 0.348438 0.083333 0.02984 0.037433
0 0.454688 0.089583 0.031366 0.040844
0 0.1625 0.083333 0.021162 0.025464
0 0.508594 0.102083 0.021362 0.02664
0 0.5875 0.111458 0.023988 0.030346
0 0.808594 0.1125 0.022756 0.02825
0 0.232813 0.114583 0.020676 0.026744
0 0.913281 0.115625 0.021701 0.028014
0 0.278125 0.123958 0.024584 0.031012
0 0.224219 0.1375 0.032153 0.039769
0 0.839844 0.142708 0.02143 0.027648
0 0.458594 0.161458 0.018939 0.024442
0 0.460938 0.186458 0.016702 0.023976
0 0.757812 0.189583 0.019909 0.025929
0 0.144531 0.195833 0.020341 0.025073
0 0.246094 0.201042 0.020416 0.025301
0 0.813281 0.203125 0.018939 0.024442
0 0.125781 0.228125 0.018773 0.023107
0 0.653906 0.23125 0.020328 0.024087
0 0.66875 0.234375 0.018827 0.023629
0 0.807813 0.239583 0.026715 0.032642
0 0.910937 0.236458 0.018999 0.02628
0 0.982031 0.248958 0.02292 0.033794
0 0.289844 0.25625 0.029846 0.038835
0 0.0125 0.255208 0.020328 0.024087
0 0.702344 0.261458 0.018756 0.022285
0 0.880469 0.271875 0.018756 0.022285
0 0.870313 0.280208 0.022729 0.02728
0 0.523438 0.295833 0.029895 0.035977
0 0.279687 0.294792 0.018442 0.024589
0 0.301563 0.311458 0.021978 0.027245
0 0.910156 0.329167 0.021314 0.02663
0 0.550781 0.33125 0.019693 0.028264
0 0.253906 0.344792 0.023908 0.03091
0 0.93125 0.35 0.019531 0.027421
0 0.161719 0.361458 0.02739 0.036256
0 0.635156 0.35625 0.020416 0.025301
0 0.139063 0.389583 0.020479 0.026286
0 0.36875 0.425 0.018773 0.023107
0 0.059375 0.436458 0.024319 0.034057
0 0.446875 0.447917 0.027298 0.035445
0 0.227344 0.451042 0.021239 0.025868
0 0.199219 0.451042 0.018442 0.024589
0 0.176563 0.464583 0.022861 0.027439
0 0.282813 0.467708 0.023718 0.029015
0 0.391406 0.496875 0.02799 0.035397
0 0.664844 0.502083 0.024586 0.037932
0 0.228906 0.501042 0.027516 0.034627
0 0.35 0.501042 0.026086 0.035954
0 0.591406 0.507292 0.019531 0.027421
0 0.599219 0.505208 0.018124 0.023544
0 0.727344 0.522917 0.018939 0.024442
0 0.89375 0.522917 0.019638 0.024534
0 0.385156 0.538542 0.026421 0.033117
0 0.049219 0.542708 0.029817 0.039115
0 0.335156 0.541667 0.022768 0.026762
0 0.194531 0.546875 0.021701 0.028014
0 0.49375 0.55625 0.027671 0.038914
0 0.510938 0.552083 0.018331 0.025253
0 0.09375 0.555208 0.019638 0.024534
0 0.925781 0.558333 0.019178 0.025168
0 0.554688 0.582292 0.024101 0.03339
0 0.303125 0.590625 0.025107 0.032372
0 0.369531 0.60625 0.017438 0.024063
0 0.345313 0.610417 0.019909 0.025929
0 0.477344 0.609375 0.018331 0.025253
0 0.388281 0.648958 0.018939 0.024442
0 0.402344 0.673958 0.018939 0.024442
0 0.525781 0.6875 0.030667 0.036811
0 0.384375 0.696875 0.029472 0.039695
0 0.333594 0.69375 0.022669 0.026114
0 0.323437 0.7 0.023055 0.028598
0 0.277344 0.697917 0.018756 0.022285
0 0.638281 0.705208 0.021819 0.028356
0 0.645312 0.710417 0.019627 0.024405
0 0.453125 0.720833 0.020529 0.025786
0 0.292969 0.727083 0.021362 0.02664
0 0.307031 0.7375 0.019792 0.025321
0 0.628125 0.748958 0.022971 0.028458
0 0.689844 0.758333 0.018161 0.023679
0 0.692187 0.767708 0.024336 0.03118
0 0.269531 0.772917 0.023607 0.028741
0 0.536719 0.783333 0.030086 0.038025
0 0.701562 0.784375 0.023634 0.028042
0 0.589844 0.8 0.024794 0.030839
0 0.138281 0.817708 0.01875 0.022917
0 0.572656 0.823958 0.017438 0.024063
0 0.304688 0.840625 0.022883 0.028677
0 0.632031 0.851042 0.020938 0.027401
0 0.554688 0.857292 0.019119 0.025492
0 0.600781 0.863542 0.018161 0.023679
0 0.364844 0.891667 0.026297 0.034785
0 0.980469 0.90625 0.021796 0.030069
0 0.379688 0.919792 0.018442 0.024589
0 0.195312 0.925 0.020697 0.026524
0 0.149219 0.933333 0.026987 0.033441
0 0.526563 0.942708 0.023796 0.029832
0 0.840625 0.955208 0.019531 0.027421
0 0.246875 0.96875 0.021978 0.027245