0 0.733594 0.023958 0.021648 0.029332
0 0.259375 0.026042 0.019909 0.025929
0 0.898438 0.036458 0.020697 0.026524
0 0.144531 0.040625 0.021459 0.027275
0 0.475 0.047917 0.021247 0.027272
0 0.3625 0.083333 0.022883 0.028677
0 0.144531 0.0875 0.024322 0.027345
0 0.092969 0.098958 0.020237 0.02857
0 0.3375 0.107292 0.024256 0.036034
0 0.100781 0.107292 0.028924 0.02684
0 0.813281 0.13125 0.020231 0.026656
0 0.805469 0.157292 0.021161 0.025349
0 0.55625 0.161458 0.02365 0.028234
0 0.383594 0.165625 0.018773 0.023107
0 0.985156 0.192708 0.022346 0.029794
0 0.792969 0.21875 0.022212 0.037659
0 0.286719 0.223958 0.019792 0.025321
0 0.035937 0.272917 0.026479 0.036699
0 0.849219 0.272917 0.025086 0.031874
0 0.309375 0.279167 0.023319 0.029672
0 0.871875 0.308333 0.023432 0.030501
0 0.685156 0.325 0.025288 0.039956
0 0.151562 0.322917 0.021161 0.025349
0 0.442188 0.323958 0.02095 0.027383
0 0.703125 0.327083 0.018442 0.024589
0 0.571875 0.334375 0.019683 0.026728
0 0.253906 0.334375 0.018756 0.022285
0 0.325 0.352083 0.022937 0.028155
0 0.082812 0.3625 0.023466 0.025161
0 0.2 0.372917 0.023778 0.030992
0 0.132812 0.373958 0.019178 0.025168
0 0.457031 0.389583 0.024384 0.02969
0 0.334375 0.395833 0.01971 0.025332
0 0.707031 0.401042 0.021542 0.027554
0 0.407813 0.432292 0.02466 0.031871
0 0.014063 0.439583 0.023452 0.03577
0 0.304688 0.439583 0.023319 0.029672
0 0.732812 0.442708 0.022254 0.031093
0 0.680469 0.444792 0.021524 0.031658
0 0.990455 0.444792 0.019089 0.026567
0 0.078125 0.490625 0.021887 0.025097
0 0.34375 0.559375 0.023592 0.027503
0 0.83125 0.573958 0.024476 0.034441
0 0.657031 0.625 0.019909 0.025929
0 0.928125 0.645833 0.019683 0.026728
0 0.234375 0.654167 0.026159 0.03105
0 0.719531 0.675 0.026828 0.03127
0 0.036719 0.703125 0.021198 0.026257
0 0.227344 0.715625 0.022376 0.031057
0 0.160938 0.719792 0.019531 0.026042
0 0.055469 0.730208 0.024436 0.029089
0 0.9 0.741667 0.028944 0.041335
0 0.923438 0.74375 0.020566 0.027421
0 0.197656 0.771875 0.021796 0.030069
0 0.660937 0.778125 0.022152 0.027355
0 0.260156 0.853125 0.028106 0.035108
0 0.442969 0.870833 0.024669 0.036072
0 0.885156 0.870833 0.021999 0.028864
0 0.160938 0.875 0.020628 0.031456
0 0.875781 0.871875 0.018691 0.025445
0 0.013281 0.882292 0.019119 0.025492
0 0.272656 0.9125 0.024546 0.038001
0 0.83125 0.960417 0.020134 0.027719
0 0.523438 0.965625 0.019909 0.025929
0 0.7375 0.970833 0.020046 0.026244