0 0.830469 0.015625 0.019574 0.023676
0 0.792969 0.017708 0.020341 0.025073
0 0.820312 0.03125 0.030383 0.037827
0 0.527344 0.048958 0.027953 0.038013
0 0.167969 0.047917 0.01882 0.024173
0 0.95 0.057292 0.028743 0.04079
0 0.471875 0.070833 0.018773 0.023107
0 0.964844 0.073958 0.021479 0.027243
0 0.746875 0.085417 0.028518 0.040115
0 0.803125 0.119792 0.019574 0.023676
0 0.705469 0.130208 0.026075 0.034418
0 0.520312 0.141667 0.038013 0.044628
0 0.635156 0.189583 0.018442 0.024589
0 0.920312 0.235417 0.019893 0.027596
0 0.392969 0.284375 0.027678 0.033246
0 0.894531 0.282292 0.022209 0.029294
0 0.042188 0.313542 0.02606 0.040226
0 0.807813 0.357292 0.020566 0.026042
0 0.933594 0.3625 0.018939 0.024442
0 0.235937 0.3875 0.019893 0.027596
0 0.957812 0.429167 0.019925 0.025905
0 0.515625 0.442708 0.022128 0.030307
0 0.817187 0.463542 0.019925 0.025905
0 0.189844 0.540625 0.02687 0.033711
0 0.70625 0.63125 0.030516 0.039313
0 0.458594 0.634375 0.02577 0.03231
0 0.96875 0.6375 0.029133 0.033161
0 0.119531 0.648958 0.018331 0.025253
0 0.180469 0.661458 0.024847 0.031127
0 0.88125 0.685417 0.029185 0.036894
0 0.065625 0.728125 0.019574 0.023676
0 0.970313 0.748958 0.028058 0.036928
0 0.195312 0.757292 0.033912 0.041903
0 0.127344 0.758333 0.028215 0.035868
0 0.49375 0.792708 0.030057 0.037262
0 0.542188 0.8125 0.030157 0.038995
0 0.264062 0.822917 0.022828 0.027821
0 0.113281 0.830208 0.025435 0.032861
0 0.759375 0.890625 0.02834 0.035716
0 0.435156 0.886458 0.018773 0.023107
0 0.028906 0.904167 0.028906 0.037105
0 0.214062 0.925 0.02168 0.028193
0 0.0375 0.95 0.032104 0.04468
0 0.320312 0.946875 0.023607 0.028741
0 0.446094 0.947917 0.021978 0.027245
0 0.764062 0.961458 0.023583 0.030562
0 0.332031 0.961458 0.018773 0.023107
0 0.821875 0.969792 0.020509 0.025821