0 0.51875 0.010162 0.023461 0.020324
0 0.482031 0.015275 0.027663 0.030551
0 0.308594 0.029167 0.021161 0.025349
0 0.81875 0.095833 0.022937 0.028155
0 0.6125 0.094792 0.019638 0.024534
0 0.525781 0.145833 0.023028 0.030998
0 0.046094 0.144792 0.021264 0.026134
0 0.191406 0.163542 0.023569 0.027306
0 0.205469 0.225 0.022227 0.031837
0 0.621875 0.239583 0.020479 0.026286
0 0.034375 0.261458 0.022995 0.032052
0 0.600781 0.284375 0.024237 0.025431
0 0.055469 0.323958 0.019693 0.028264
0 0.439063 0.326042 0.022553 0.032021
0 0.571094 0.325 0.01882 0.024173
0 0.974219 0.346875 0.020341 0.025073
0 0.513281 0.358333 0.025135 0.034288
0 0.171875 0.355208 0.019683 0.026728
0 0.310937 0.375 0.022265 0.030253
0 0.015625 0.378125 0.022729 0.02728
0 0.464062 0.388542 0.019681 0.02538
0 0.941406 0.389583 0.019574 0.023676
0 0.235937 0.395833 0.0197 0.025227
0 0.717187 0.40625 0.019893 0.027596
0 0.63125 0.410417 0.021882 0.024105
0 0.626563 0.433333 0.022828 0.027821
0 0.020313 0.439583 0.021894 0.026105
0 0.169531 0.463542 0.027678 0.033246
0 0.370312 0.460417 0.023103 0.02886
0 0.164844 0.510417 0.021819 0.028356
0 0.042188 0.583333 0.021198 0.026257
0 0.142969 0.610417 0.0223 0.028345
0 0.198437 0.617708 0.019543 0.023126
0 0.365625 0.6875 0.026421 0.03234
0 0.261719 0.714583 0.023741 0.031149
0 0.077344 0.745833 0.021161 0.025349
0 0.073438 0.795833 0.022558 0.029051