0 0.73125 0.023958 0.01971 0.025332
0 0.514844 0.032292 0.018161 0.023679
0 0.794531 0.053125 0.019627 0.024405
0 0.964063 0.082292 0.019792 0.025321
0 0.665625 0.109375 0.019574 0.023676
0 0.396094 0.142708 0.025171 0.029147
0 0.025 0.153125 0.020676 0.026744
0 0.928906 0.154167 0.020328 0.024087
0 0.757812 0.185417 0.021902 0.027122
0 0.526563 0.190625 0.022758 0.030751
0 0.489844 0.2 0.023538 0.032216
0 0.911719 0.211458 0.021362 0.02664
0 0.457813 0.238542 0.019574 0.023676
0 0.678906 0.240625 0.018048 0.02325
0 0.914844 0.296875 0.021119 0.029767
0 0.807813 0.305208 0.023706 0.037759
0 0.729688 0.302083 0.023319 0.029672
0 0.183594 0.348958 0.019768 0.025593
0 0.678906 0.348958 0.018773 0.023107
0 0.428906 0.358333 0.020422 0.025409
0 0.223438 0.364583 0.022937 0.028155
0 0.655469 0.376042 0.03 0.041071
0 0.28125 0.386458 0.021104 0.024098
0 0.674219 0.3875 0.021819 0.028356
0 0.330469 0.421875 0.02143 0.027648
0 0.802344 0.435417 0.019558 0.02407
0 0.757812 0.447917 0.019733 0.025046
0 0.042188 0.459375 0.023232 0.0323
0 0.485156 0.460417 0.021819 0.028356
0 0.292187 0.477083 0.027936 0.034874
0 0.055469 0.473958 0.018827 0.023629
0 0.398438 0.5 0.023623 0.035791
0 0.886719 0.526042 0.018331 0.025253
0 0.341406 0.553125 0.024341 0.028597
0 0.817187 0.561458 0.023139 0.033697
0 0.394531 0.56875 0.02648 0.033546
0 0.890625 0.58125 0.019543 0.023126
0 0.534375 0.601042 0.019792 0.025321
0 0.066406 0.664583 0.019627 0.024405
0 0.014063 0.678125 0.023026 0.028919
0 0.707031 0.708333 0.021479 0.027243
0 0.490625 0.721875 0.021198 0.026257
0 0.400781 0.746875 0.019178 0.025168
0 0.702344 0.772917 0.018827 0.023629
0 0.659375 0.789583 0.022946 0.033893
0 0.336719 0.79375 0.020328 0.024087
0 0.232031 0.842708 0.021314 0.02663
0 0.886719 0.930208 0.021475 0.03346
0 0.782031 0.953125 0.020328 0.024087
0 0.482812 0.961458 0.022971 0.028458
0 0.911719 0.980208 0.02168 0.028193
0 0.202344 0.978125 0.018008 0.02309
0 0.525781 0.986427 0.024291 0.027146