0 0.153125 0.0375 0.023597 0.02855
0 0.039844 0.04375 0.0223 0.028345
0 0.047656 0.115625 0.019693 0.024852
0 0.682031 0.119792 0.020058 0.027568
0 0.017969 0.1875 0.02168 0.028193
0 0.363281 0.196875 0.019574 0.023676
0 0.707812 0.203125 0.021198 0.026257
0 0.578125 0.209375 0.021504 0.027927
0 0.676562 0.214583 0.024456 0.029374
0 0.453906 0.216667 0.021658 0.029319
0 0.7125 0.214583 0.019531 0.027421
0 0.184375 0.232292 0.021329 0.030643
0 0.160156 0.238542 0.02168 0.028193
0 0.317188 0.238542 0.018029 0.025068
0 0.203906 0.247917 0.025273 0.030852
0 0.248438 0.26875 0.020058 0.027568
0 0.967187 0.308333 0.023654 0.029634
0 0.59375 0.359375 0.023654 0.029634
0 0.934375 0.3625 0.021921 0.025381
0 0.696094 0.383333 0.02466 0.031871
0 0.121094 0.405208 0.031597 0.060718
0 0.463281 0.390625 0.018773 0.023107
0 0.478906 0.419792 0.019627 0.024405
0 0.1125 0.429167 0.0184 0.026183
0 0.989792 0.48125 0.020417 0.026513
0 0.799219 0.485417 0.018008 0.02309
0 0.75625 0.510417 0.021902 0.027122
0 0.152344 0.5125 0.025273 0.030852
0 0.989062 0.535417 0.019531 0.027421
0 0.979688 0.567708 0.02306 0.029195
0 0.0077 0.588542 0.015399 0.027163
0 0.388281 0.634375 0.043381 0.051836
0 0.65 0.639583 0.022937 0.028155
0 0.775 0.642708 0.020412 0.025429
0 0.382031 0.665625 0.021228 0.032366
0 0.492188 0.68125 0.032865 0.040681
0 0.180469 0.688542 0.035532 0.044603
0 0.5375 0.701042 0.023432 0.030501
0 0.303906 0.704167 0.021999 0.028864
0 0.139844 0.717708 0.020566 0.026042
0 0.210156 0.71875 0.018008 0.02309
0 0.339062 0.727083 0.018805 0.027121
0 0.382812 0.741667 0.023856 0.034731
0 0.578906 0.744792 0.020313 0.023958
0 0.130469 0.7625 0.018918 0.029246
0 0.602344 0.76875 0.019768 0.025593
0 0.607031 0.7875 0.039207 0.06208
0 0.878125 0.767708 0.0197 0.025227
0 0.485156 0.78125 0.020422 0.025409
0 0.475 0.783333 0.020674 0.028434
0 0.857812 0.7875 0.019195 0.026357
0 0.392969 0.790625 0.02032 0.023137
0 0.555469 0.792708 0.018442 0.024589
0 0.396875 0.797917 0.032056 0.028099
0 0.444531 0.825 0.048714 0.055758
0 0.85 0.810417 0.018773 0.023107
0 0.86875 0.8125 0.022729 0.02728
0 0.471875 0.825 0.026195 0.032242
0 0.38125 0.825 0.023556 0.02766
0 0.416406 0.826042 0.028941 0.028732
0 0.43125 0.840625 0.020416 0.025301
0 0.666406 0.860417 0.018939 0.024442
0 0.742188 0.860417 0.019531 0.027421
0 0.830469 0.859375 0.021239 0.025868
0 0.477344 0.873958 0.018939 0.024442
0 0.764062 0.878125 0.018836 0.029238
0 0.771094 0.877083 0.02095 0.027383
0 0.990919 0.883333 0.018161 0.026524
0 0.325781 0.925 0.018008 0.02309
0 0.522656 0.978125 0.024319 0.034057
0 0.184375 0.977083 0.019057 0.027229
0 0.403125 0.982292 0.028205 0.028814