0 0.957031 0.026042 0.027753 0.032981
0 0.346875 0.034375 0.020045 0.029423
0 0.897656 0.1 0.018939 0.024442
0 0.392188 0.109375 0.022828 0.027821
0 0.844531 0.144792 0.024943 0.034642
0 0.122656 0.183333 0.021915 0.02956
0 0.382812 0.203125 0.027752 0.040405
0 0.987439 0.21875 0.025121 0.032454
0 0.530469 0.236458 0.01882 0.024173
0 0.466406 0.28125 0.036121 0.042148
0 0.355469 0.301042 0.033947 0.044678
0 0.692969 0.339583 0.025969 0.032604
0 0.273438 0.359375 0.027289 0.038142
0 0.264062 0.376042 0.01971 0.025332
0 0.667969 0.390625 0.022758 0.030751
0 0.080469 0.403125 0.027826 0.033764
0 0.452344 0.404167 0.027678 0.033246
0 0.022656 0.455208 0.01733 0.02503
0 0.5375 0.463542 0.027965 0.034071
0 0.504687 0.479167 0.029429 0.035032
0 0.261719 0.492708 0.044799 0.052711
0 0.689844 0.491667 0.02838 0.035433
0 0.369531 0.497917 0.03565 0.038875
0 0.067187 0.495833 0.026376 0.032785
0 0.900781 0.5125 0.024878 0.035954
0 0.269531 0.513542 0.022193 0.03277
0 0.115625 0.557292 0.028962 0.038126
0 0.928125 0.635417 0.020537 0.027934
0 0.795312 0.640625 0.019925 0.025905
0 0.201563 0.675 0.028635 0.036202
0 0.10625 0.746875 0.019558 0.02407
0 0.365625 0.753125 0.023964 0.032621
0 0.439063 0.751042 0.019893 0.027596
0 0.132812 0.780208 0.029429 0.035032
0 0.251563 0.786458 0.047737 0.046274
0 0.789062 0.834375 0.019574 0.023676
0 0.65625 0.845833 0.029089 0.036562
0 0.053125 0.858333 0.031809 0.045678
0 0.407813 0.85 0.024418 0.030455
0 0.721094 0.859375 0.018773 0.023107
0 0.180469 0.866667 0.029242 0.03636
0 0.597656 0.866667 0.027522 0.031911
0 0.5375 0.914583 0.029024 0.034569
0 0.821875 0.920833 0.027937 0.038034
0 0.746875 0.920833 0.024632 0.033338
0 0.291406 0.935417 0.030513 0.035485
0 0.436719 0.936458 0.0288 0.036755
0 0.039062 0.966667 0.023298 0.029827
0 0.091406 0.976042 0.027953 0.038013
0 0.723437 0.978125 0.019627 0.024405