0 0.207813 0.020833 0.020676 0.026744
0 0.758594 0.03125 0.020328 0.024087
0 0.951562 0.084375 0.019909 0.025929
0 0.202344 0.108333 0.018008 0.02309
0 0.778125 0.111458 0.019909 0.025929
0 0.310937 0.1375 0.020566 0.026042
0 0.491406 0.145833 0.021479 0.027243
0 0.710156 0.15625 0.021145 0.028907
0 0.404687 0.166667 0.022883 0.028677
0 0.278906 0.179167 0.021796 0.02989
0 0.728906 0.2 0.021259 0.028345
0 0.585938 0.241667 0.023476 0.030208
0 0.452344 0.251042 0.026843 0.034125
0 0.203125 0.251042 0.019909 0.025929
0 0.8625 0.275 0.022017 0.028277
0 0.167187 0.315625 0.01902 0.024748
0 0.259375 0.325 0.02306 0.029195
0 0.013281 0.360417 0.022128 0.030307
0 0.495312 0.383333 0.018773 0.023107
0 0.96875 0.388542 0.020566 0.026042
0 0.402344 0.49375 0.020231 0.026656
0 0.758594 0.513542 0.022393 0.030491
0 0.8875 0.55 0.023452 0.03577
0 0.116406 0.548958 0.02168 0.028193
0 0.394531 0.571875 0.028005 0.034371
0 0.834375 0.567708 0.018827 0.023629
0 0.425781 0.585417 0.021999 0.028864
0 0.525781 0.609375 0.027872 0.033345
0 0.492188 0.639583 0.020537 0.027934
0 0.438281 0.646875 0.019992 0.026974
0 0.5 0.678125 0.027829 0.037105
0 0.378906 0.703125 0.021198 0.026257
0 0.632812 0.719792 0.02466 0.031871
0 0.4625 0.727083 0.019792 0.025321
0 0.64375 0.739583 0.022995 0.032052
0 0.119531 0.7375 0.018939 0.024442
0 0.263281 0.753125 0.019773 0.0268
0 0.811719 0.764583 0.024394 0.028127
0 0.553906 0.797917 0.021701 0.028014
0 0.646875 0.823958 0.023319 0.029672
0 0.629687 0.828125 0.024516 0.034193
0 0.355469 0.835417 0.027394 0.028703
0 0.982031 0.858333 0.020328 0.024087
0 0.385156 0.866667 0.025208 0.034751
0 0.635938 0.879167 0.01971 0.025332
0 0.152344 0.891667 0.025011 0.028174
0 0.846875 0.901042 0.023319 0.029672
0 0.494531 0.913542 0.02176 0.034547
0 0.1125 0.920833 0.022883 0.028677
0 0.671875 0.93125 0.025857 0.028661
0 0.228125 0.932292 0.022971 0.028458
0 0.977344 0.938542 0.018773 0.023107
0 0.010156 0.959375 0.018939 0.024442
0 0.603125 0.982292 0.025853 0.032508
0 0.848437 0.983333 0.02143 0.027648
0 0.108594 0.986458 0.019627 0.024405