0 0.073438 0.020833 0.021563 0.029929
0 0.317188 0.023958 0.018939 0.024442
0 0.763281 0.035417 0.021761 0.031624
0 0.203125 0.033333 0.018939 0.024442
0 0.478906 0.036458 0.018939 0.024442
0 0.419531 0.054167 0.021989 0.028877
0 0.434375 0.069792 0.02998 0.040275
0 0.579688 0.088542 0.029658 0.037217
0 0.15625 0.1 0.032414 0.039327
0 0.092969 0.107292 0.025042 0.032134
0 0.049219 0.123958 0.017345 0.026058
0 0.082031 0.138542 0.022438 0.032662
0 0.08125 0.147917 0.017982 0.022269
0 0.696875 0.151042 0.019558 0.02407
0 0.735938 0.154167 0.0223 0.028345
0 0.927344 0.164583 0.021264 0.026134
0 0.25625 0.18125 0.018029 0.025068
0 0.807813 0.228125 0.027141 0.034876
0 0.657813 0.23125 0.024318 0.031312
0 0.31875 0.258333 0.018773 0.023107
0 0.134375 0.280208 0.023476 0.030208
0 0.188281 0.285417 0.024564 0.030774
0 0.4625 0.307292 0.042179 0.061655
0 0.189844 0.334375 0.034338 0.046397
0 0.729688 0.326042 0.023535 0.029328
0 0.5 0.346875 0.020479 0.026286
0 0.055469 0.347917 0.021542 0.027554
0 0.576562 0.35 0.019733 0.025046
0 0.104688 0.351042 0.016702 0.023976
0 0.975781 0.355208 0.021038 0.029672
0 0.339844 0.361458 0.024652 0.030465
0 0.325 0.377083 0.020676 0.026744
0 0.527344 0.384375 0.019633 0.024542
0 0.075 0.390625 0.024039 0.030661
0 0.346875 0.391667 0.018773 0.023107
0 0.046875 0.405208 0.019574 0.023676
0 0.017969 0.428125 0.022768 0.026762
0 0.450781 0.434375 0.018442 0.024589
0 0.814063 0.445833 0.021796 0.030069
0 0.892188 0.454167 0.019909 0.025929
0 0.165625 0.467708 0.023796 0.029832
0 0.39375 0.472917 0.020509 0.025821
0 0.410938 0.475 0.022729 0.02728
0 0.116406 0.484375 0.02537 0.032683
0 0.753906 0.497917 0.026524 0.033859
0 0.839844 0.504167 0.021999 0.028864
0 0.721094 0.511458 0.019574 0.023676
0 0.571094 0.514583 0.020627 0.027503
0 0.640625 0.580208 0.019909 0.025929
0 0.521875 0.583333 0.018827 0.023629
0 0.102344 0.589583 0.022669 0.026114
0 0.504687 0.597917 0.018827 0.023629
0 0.549219 0.607292 0.018939 0.024442
0 0.473438 0.611458 0.0197 0.025227
0 0.945312 0.616667 0.026376 0.032785
0 0.585156 0.617708 0.021243 0.027194
0 0.292969 0.620833 0.021362 0.02664
0 0.66875 0.625 0.018846 0.02378
0 0.569531 0.6375 0.018331 0.025253
0 0.414844 0.660417 0.021405 0.027443
0 0.20625 0.68125 0.027099 0.03509
0 0.011719 0.679167 0.020422 0.025409
0 0.575781 0.683333 0.019893 0.027596
0 0.592187 0.691667 0.023634 0.028042
0 0.105469 0.697917 0.023878 0.029636
0 0.426563 0.7125 0.017317 0.024011
0 0.46875 0.717708 0.023821 0.030088
0 0.519531 0.720833 0.018939 0.024442
0 0.330469 0.723958 0.023821 0.030088
0 0.270313 0.757292 0.025107 0.032372
0 0.439844 0.785417 0.021618 0.02791
0 0.271094 0.80625 0.025275 0.02982
0 0.308594 0.814583 0.019531 0.026042
0 0.625781 0.857292 0.021239 0.025868
0 0.764844 0.8625 0.030777 0.037099
0 0.239063 0.86875 0.021122 0.026093
0 0.471875 0.867708 0.017301 0.024027
0 0.68125 0.88125 0.020134 0.027719
0 0.033594 0.896875 0.021542 0.027554
0 0.980469 0.904167 0.02825 0.038568
0 0.590625 0.9 0.017438 0.024063
0 0.438281 0.944792 0.01902 0.024748
0 0.953125 0.945833 0.020676 0.026744
0 0.664844 0.951042 0.018691 0.025445
0 0.251563 0.957292 0.019627 0.024405
0 0.122656 0.964583 0.025905 0.030541
0 0.746094 0.970833 0.017438 0.024063
0 0.689063 0.983333 0.020046 0.026244