0 0.664062 0.013293 0.026421 0.026587
0 0.569531 0.010821 0.019638 0.021642
0 0.626563 0.012898 0.022883 0.025797
0 0.182031 0.044792 0.024334 0.032184
0 0.149219 0.0625 0.036814 0.033438
0 0.765625 0.057292 0.017438 0.024063
0 0.505469 0.064583 0.021314 0.02663
0 0.459375 0.077083 0.026742 0.033612
0 0.910937 0.077083 0.01882 0.024173
0 0.200781 0.096875 0.024309 0.031325
0 0.890625 0.114583 0.033449 0.041913
0 0.784375 0.111458 0.020134 0.027719
0 0.610156 0.11875 0.032269 0.041618
0 0.574219 0.126042 0.031071 0.037922
0 0.634375 0.128125 0.023493 0.032412
0 0.235937 0.152083 0.031096 0.039491
0 0.658594 0.16875 0.027235 0.034462
0 0.261719 0.189583 0.020697 0.026524
0 0.660937 0.192708 0.020058 0.027568
0 0.655469 0.202083 0.021542 0.027554
0 0.923438 0.208333 0.019574 0.023676
0 0.013281 0.216667 0.025424 0.031337
0 0.807813 0.213542 0.01971 0.025332
0 0.225 0.225 0.029413 0.037903
0 0.578125 0.252083 0.038855 0.049225
0 0.36875 0.245833 0.02656 0.036426
0 0.728125 0.264583 0.045192 0.046574
0 0.877344 0.272917 0.027753 0.034375
0 0.397656 0.272917 0.023654 0.029634
0 0.950781 0.2875 0.020328 0.024087
0 0.7875 0.288542 0.01882 0.024173
0 0.9625 0.309375 0.024584 0.031012
0 0.251563 0.315625 0.027422 0.038785
0 0.388281 0.317708 0.026488 0.036993
0 0.214062 0.317708 0.024229 0.027144
0 0.867969 0.321875 0.028034 0.037029
0 0.684375 0.333333 0.029429 0.034165
0 0.108594 0.348958 0.01882 0.024173
0 0.230469 0.403125 0.026623 0.028618
0 0.721875 0.404167 0.019909 0.025929
0 0.271094 0.416667 0.02217 0.02922
0 0.296875 0.430208 0.02393 0.036
0 0.721094 0.446875 0.021542 0.029952
0 0.967187 0.459375 0.029328 0.036983
0 0.299219 0.471875 0.020697 0.026524
0 0.640625 0.471875 0.0197 0.025227
0 0.128125 0.490625 0.046924 0.037533
0 0.763281 0.520833 0.021727 0.028969
0 0.817187 0.533333 0.029435 0.036442
0 0.475781 0.533333 0.025543 0.032425
0 0.754687 0.555208 0.029337 0.046707
0 0.960156 0.55 0.020314 0.022296
0 0.700781 0.56875 0.045317 0.051408
0 0.401562 0.558333 0.019098 0.028216
0 0.199219 0.58125 0.024564 0.030774
0 0.260156 0.594792 0.028154 0.035447
0 0.3125 0.6125 0.021161 0.025349
0 0.315625 0.61875 0.018921 0.024472
0 0.759375 0.63125 0.034498 0.050082
0 0.011739 0.625 0.023477 0.029619
0 0.791406 0.651042 0.018773 0.023107
0 0.902344 0.6625 0.02486 0.031
0 0.671094 0.69375 0.030585 0.039794
0 0.972656 0.738542 0.029817 0.039115
0 0.325781 0.747917 0.028977 0.036491
0 0.429688 0.746875 0.026791 0.034443
0 0.839844 0.769792 0.026157 0.036188
0 0.332031 0.785417 0.030421 0.043352
0 0.452344 0.797917 0.020479 0.026286
0 0.635156 0.823958 0.031317 0.045364
0 0.957031 0.851042 0.024 0.037857
0 0.891406 0.852083 0.025636 0.035222
0 0.453906 0.888542 0.02995 0.041998
0 0.940625 0.905208 0.034107 0.053332
0 0.901563 0.908333 0.018756 0.022285
0 0.346094 0.93125 0.025208 0.034751
0 0.476562 0.95 0.03283 0.043774
0 0.225781 0.948958 0.029385 0.03693
0 0.851562 0.95625 0.026709 0.037161
0 0.439063 0.96875 0.022758 0.030751
0 0.553906 0.98125 0.025058 0.034018
0 0.942187 0.988329 0.020537 0.023342