0 0.185156 0.095833 0.021198 0.026257
0 0.186719 0.135417 0.024708 0.030761
0 0.35 0.254167 0.019733 0.025046
0 0.742188 0.354167 0.023583 0.030562
0 0.128906 0.4 0.021171 0.025078
0 0.963281 0.44375 0.021999 0.028864
0 0.726562 0.4875 0.023293 0.029834
0 0.488281 0.523958 0.025171 0.029147
0 0.534375 0.525 0.023768 0.032356
0 0.760156 0.527083 0.024425 0.030612
0 0.728125 0.589583 0.023597 0.02855
0 0.496094 0.594792 0.021542 0.029952
0 0.521875 0.609375 0.019893 0.027596
0 0.100781 0.621875 0.022945 0.029561
0 0.982812 0.626042 0.019992 0.026974
0 0.128906 0.653125 0.019574 0.023676
0 0.911719 0.665625 0.021796 0.02989
0 0.103125 0.6875 0.023583 0.030562
0 0.669531 0.688542 0.020537 0.027934
0 0.108594 0.71875 0.02077 0.027051
0 0.839063 0.733333 0.024516 0.030178
0 0.485156 0.751042 0.021198 0.026257
0 0.242188 0.763542 0.023319 0.029672
0 0.561719 0.794792 0.021999 0.028864
0 0.821875 0.820833 0.023319 0.029672
0 0.689063 0.85 0.023476 0.030208
0 0.698438 0.855208 0.018999 0.02628
0 0.535156 0.892708 0.025086 0.031874
0 0.189062 0.902083 0.024107 0.034015
0 0.428906 0.914583 0.021243 0.027194
0 0.8125 0.954167 0.0201 0.026364