0 0.564844 0.028125 0.018756 0.022285
0 0.580469 0.035417 0.02475 0.031228
0 0.057031 0.082292 0.021804 0.02852
0 0.034375 0.098958 0.020945 0.028672
0 0.628125 0.097917 0.0197 0.025227
0 0.56875 0.1125 0.019627 0.024405
0 0.680469 0.119792 0.021796 0.030069
0 0.009806 0.165625 0.019613 0.031896
0 0.103125 0.172917 0.023786 0.032659
0 0.875 0.172917 0.022776 0.032111
0 0.560937 0.219792 0.026848 0.034118
0 0.085156 0.247917 0.022995 0.032052
0 0.767969 0.265625 0.018773 0.023107
0 0.210938 0.276042 0.019693 0.024852
0 0.297656 0.313542 0.021314 0.02663
0 0.963281 0.398958 0.019638 0.024534
0 0.261719 0.419792 0.021314 0.02663
0 0.965625 0.447917 0.020058 0.027568
0 0.5875 0.457292 0.019909 0.025929
0 0.122656 0.502083 0.021978 0.027245
0 0.53125 0.502083 0.019633 0.024542
0 0.496875 0.514583 0.020479 0.026286
0 0.935937 0.517708 0.023778 0.030992
0 0.63125 0.536458 0.020801 0.028133
0 0.905469 0.541667 0.023962 0.037698
0 0.615625 0.558333 0.02095 0.027383
0 0.565625 0.575 0.019909 0.025929
0 0.598437 0.575 0.018773 0.023107
0 0.835156 0.585417 0.019714 0.027305
0 0.857031 0.676042 0.018008 0.02309
0 0.892188 0.709375 0.022675 0.027132
0 0.953125 0.759375 0.022128 0.030307
0 0.967969 0.795833 0.019429 0.026567
0 0.503125 0.816667 0.019627 0.024405
0 0.805469 0.854167 0.02507 0.027729
0 0.410938 0.871875 0.020811 0.029482
0 0.184375 0.878125 0.019543 0.023126
0 0.858594 0.896875 0.026268 0.03569
0 0.611719 0.9375 0.021978 0.027245
0 0.9125 0.987607 0.020231 0.024786