0 0.267969 0.038542 0.018773 0.023107
0 0.659375 0.066667 0.019574 0.023676
0 0.532813 0.079167 0.025885 0.028384
0 0.285938 0.095833 0.021259 0.028345
0 0.291406 0.09375 0.018008 0.02309
0 0.263281 0.110417 0.021267 0.029091
0 0.755469 0.113542 0.021264 0.026134
0 0.038281 0.125 0.02276 0.031984
0 0.886719 0.126042 0.024565 0.029737
0 0.68125 0.135417 0.019531 0.027421
0 0.285156 0.147917 0.021546 0.027548
0 0.707812 0.197917 0.029265 0.033255
0 0.292969 0.222917 0.019574 0.023676
0 0.435156 0.24375 0.018939 0.024442
0 0.425 0.392708 0.025826 0.029329
0 0.097656 0.420833 0.024436 0.029089
0 0.671094 0.429167 0.018939 0.024442
0 0.040625 0.70625 0.019574 0.023676
0 0.06875 0.769792 0.022169 0.033669
0 0.898438 0.784375 0.020046 0.026244
0 0.471875 0.791667 0.019683 0.026728
0 0.505469 0.827083 0.021542 0.029952
0 0.655469 0.851042 0.021999 0.028864
0 0.717187 0.869792 0.019925 0.025905
0 0.217188 0.983333 0.02203 0.026707