0 0.694531 0.05 0.02123 0.025887
0 0.492969 0.055208 0.021239 0.025868
0 0.626563 0.115625 0.019925 0.025905
0 0.024219 0.125 0.018561 0.025359
0 0.315625 0.128125 0.019681 0.02538
0 0.966406 0.133333 0.021546 0.027548
0 0.848437 0.141667 0.020441 0.025129
0 0.071094 0.146875 0.019909 0.025929
0 0.927344 0.154167 0.019531 0.027421
0 0.933594 0.185417 0.024237 0.025431
0 0.284375 0.211458 0.026376 0.032785
0 0.786719 0.245833 0.020328 0.024087
0 0.01053 0.260417 0.021059 0.038028
0 0.892969 0.310417 0.020158 0.032402
0 0.173437 0.332292 0.020441 0.025129
0 0.1 0.34375 0.018048 0.02325
0 0.253906 0.373958 0.018939 0.024442
0 0.357812 0.384375 0.019733 0.025046
0 0.048438 0.45625 0.019119 0.025492
0 0.296875 0.475 0.019574 0.023676
0 0.330469 0.4875 0.020341 0.025073
0 0.642188 0.636458 0.019792 0.025321
0 0.329688 0.639583 0.019733 0.025046
0 0.735156 0.673958 0.019627 0.024405
0 0.707812 0.686458 0.019893 0.027596
0 0.477344 0.685417 0.018773 0.023107
0 0.649219 0.691667 0.019178 0.025168
0 0.007649 0.717708 0.015298 0.024127
0 0.100781 0.736458 0.021239 0.025868
0 0.878906 0.790625 0.024436 0.029089
0 0.453125 0.802083 0.017438 0.024063
0 0.476562 0.816667 0.018876 0.02557
0 0.974219 0.854167 0.017438 0.024063
0 0.55625 0.922917 0.019733 0.025046
0 0.86875 0.941667 0.019627 0.024405