0 0.419531 0.016531 0.027141 0.033063
0 0.586719 0.01875 0.021542 0.029952
0 0.914062 0.0375 0.029369 0.035583
0 0.202344 0.036458 0.018008 0.02309
0 0.867969 0.040625 0.021314 0.02663
0 0.405469 0.08125 0.019925 0.025905
0 0.958594 0.092708 0.024938 0.031451
0 0.65 0.096875 0.022883 0.028677
0 0.40625 0.101042 0.020046 0.026244
0 0.257031 0.105208 0.025543 0.032425
0 0.20625 0.135417 0.021339 0.026862
0 0.705469 0.1375 0.021239 0.025868
0 0.425 0.167708 0.023293 0.029834
0 0.432031 0.164583 0.019542 0.02313
0 0.902344 0.173958 0.021038 0.029672
0 0.428125 0.188542 0.035971 0.034644
0 0.901563 0.202083 0.025957 0.03004
0 0.028125 0.2125 0.027028 0.034532
0 0.565625 0.209375 0.02203 0.026707
0 0.533594 0.216667 0.027597 0.033767
0 0.559375 0.215625 0.024943 0.034642
0 0.46875 0.215625 0.019792 0.025321
0 0.703125 0.21875 0.023654 0.030791
0 0.913281 0.2375 0.027872 0.033345
0 0.353125 0.240625 0.032233 0.033466
0 0.376563 0.252083 0.018756 0.022285
0 0.717187 0.260417 0.023432 0.030501
0 0.460156 0.277083 0.023385 0.032449
0 0.6625 0.2875 0.021894 0.026105
0 0.525 0.314583 0.023476 0.030208
0 0.211719 0.323958 0.018773 0.023107
0 0.428906 0.35 0.025171 0.029147
0 0.802344 0.363542 0.02749 0.031005
0 0.359375 0.366667 0.018773 0.023107
0 0.438281 0.369792 0.021362 0.02664
0 0.728906 0.369792 0.020341 0.025073
0 0.265625 0.372917 0.020134 0.027719
0 0.010357 0.38125 0.020714 0.034394
0 0.920312 0.38125 0.023922 0.031467
0 0.60625 0.380208 0.018939 0.024442
0 0.598437 0.388542 0.02217 0.02922
0 0.126562 0.392708 0.023476 0.030208
0 0.046094 0.392708 0.024496 0.029918
0 0.182031 0.391667 0.021161 0.025349
0 0.229687 0.405208 0.019574 0.023676
0 0.051562 0.410417 0.023741 0.031149
0 0.208594 0.428125 0.018161 0.023679
0 0.202344 0.433333 0.01882 0.024173
0 0.777344 0.435417 0.01902 0.024748
0 0.549219 0.451042 0.021259 0.029733
0 0.433594 0.466667 0.024359 0.033115
0 0.859375 0.473958 0.023778 0.030992
0 0.5875 0.483333 0.023476 0.030208
0 0.321875 0.4875 0.024033 0.032854
0 0.938281 0.485417 0.020441 0.025129
0 0.198437 0.49375 0.019574 0.023676
0 0.875781 0.5 0.018939 0.024442
0 0.671094 0.50625 0.024467 0.034451
0 0.369531 0.510417 0.026071 0.036362
0 0.339062 0.511458 0.022937 0.028155
0 0.288281 0.540625 0.02203 0.026707
0 0.560156 0.573958 0.023952 0.034149
0 0.967187 0.58125 0.019909 0.025929
0 0.246875 0.585417 0.019893 0.027596
0 0.433594 0.5875 0.021542 0.027554
0 0.774219 0.598958 0.024377 0.029518
0 0.019531 0.616667 0.02032 0.023137
0 0.251563 0.620833 0.022613 0.03015
0 0.596875 0.622917 0.023139 0.033697
0 0.835938 0.644792 0.023778 0.030992
0 0.898438 0.653125 0.023081 0.032753
0 0.769531 0.66875 0.026643 0.033424
0 0.520312 0.669792 0.024886 0.03407
0 0.260156 0.705208 0.019531 0.026042
0 0.348438 0.707292 0.022996 0.028271
0 0.829688 0.710417 0.018773 0.023107
0 0.74375 0.73125 0.020416 0.025301
0 0.194531 0.742708 0.026689 0.03168
0 0.130469 0.765625 0.027563 0.031327
0 0.110156 0.772917 0.024565 0.029737
0 0.178906 0.780208 0.021701 0.028014
0 0.959375 0.785417 0.024018 0.034278
0 0.373437 0.803125 0.01882 0.024173
0 0.484375 0.810417 0.026621 0.033198
0 0.752344 0.807292 0.01882 0.024173
0 0.335156 0.822917 0.021259 0.028345
0 0.421094 0.828125 0.018161 0.023679
0 0.49375 0.829167 0.018756 0.022285
0 0.302344 0.847917 0.021546 0.027548
0 0.404687 0.855208 0.026901 0.032323
0 0.659375 0.857292 0.025826 0.029329
0 0.900781 0.872917 0.022393 0.030491
0 0.161719 0.884375 0.021819 0.028356
0 0.939844 0.8875 0.021119 0.029767
0 0.246094 0.89375 0.021314 0.02663
0 0.710156 0.901042 0.022026 0.030025
0 0.661719 0.902083 0.019627 0.024405
0 0.036719 0.928125 0.030671 0.040212
0 0.559375 0.927083 0.025976 0.035433
0 0.063281 0.934375 0.020441 0.025129
0 0.319531 0.945833 0.024946 0.031337
0 0.180469 0.948958 0.027522 0.031911
0 0.51875 0.959375 0.0223 0.033506
0 0.028906 0.975 0.024578 0.029591
0 0.29375 0.978125 0.025957 0.03004