0 0.607031 0.042708 0.022758 0.030751
0 0.316406 0.108333 0.021796 0.02989
0 0.597656 0.107292 0.019574 0.023676
0 0.109375 0.292708 0.021923 0.030381
0 0.851562 0.29375 0.024229 0.024547
0 0.130469 0.372917 0.022781 0.032106
0 0.139063 0.3875 0.021198 0.026257
0 0.630469 0.401042 0.024733 0.030499
0 0.407031 0.480208 0.021239 0.025868
0 0.1125 0.5875 0.021761 0.031624
0 0.653906 0.617708 0.022816 0.03192
0 0.29375 0.639583 0.025591 0.031969
0 0.339844 0.6625 0.018773 0.023107
0 0.391406 0.769792 0.021701 0.028014
0 0.650781 0.8 0.026 0.035478
0 0.5125 0.834375 0.030448 0.036459
0 0.889062 0.853125 0.021796 0.030069
0 0.467969 0.866667 0.025086 0.031874
0 0.075 0.894792 0.023503 0.033898
0 0.223438 0.904167 0.021946 0.026299