0 0.819531 0.01046 0.018008 0.02092
0 0.4125 0.013542 0.019925 0.025905
0 0.750781 0.016667 0.020422 0.025409
0 0.373437 0.028125 0.02648 0.033546
0 0.401562 0.044792 0.020537 0.027934
0 0.977344 0.0625 0.020441 0.025129
0 0.410938 0.067708 0.018846 0.02378
0 0.44375 0.077083 0.018773 0.023107
0 0.863281 0.079167 0.018939 0.024442
0 0.460156 0.085417 0.018939 0.024442
0 0.142969 0.116667 0.02203 0.026707
0 0.517188 0.128125 0.018561 0.025359
0 0.81875 0.13125 0.020676 0.026744
0 0.01875 0.15 0.026048 0.031808
0 0.34375 0.161458 0.026474 0.032764
0 0.638281 0.176042 0.025838 0.032623
0 0.775781 0.184375 0.028246 0.03104
0 0.097656 0.195833 0.028208 0.031587
0 0.925 0.201042 0.019558 0.02407
0 0.272656 0.203125 0.021339 0.026862
0 0.714844 0.210417 0.029017 0.038018
0 0.675781 0.2125 0.02168 0.028193
0 0.403906 0.23125 0.027905 0.034571
0 0.660937 0.227083 0.019429 0.026567
0 0.819531 0.2375 0.023503 0.033898
0 0.391406 0.241667 0.02168 0.028193
0 0.447656 0.253125 0.02168 0.028193
0 0.49375 0.253125 0.019531 0.026042
0 0.605469 0.258333 0.020328 0.024087
0 0.2375 0.264583 0.023268 0.032258
0 0.675 0.265625 0.025129 0.029733
0 0.352344 0.264583 0.019627 0.024405
0 0.3 0.270833 0.018756 0.022285
0 0.782031 0.28125 0.030668 0.039358
0 0.1625 0.283333 0.024733 0.030499
0 0.282031 0.294792 0.018939 0.024442
0 0.93125 0.307292 0.025938 0.031646
0 0.670312 0.308333 0.023293 0.029834
0 0.303125 0.317708 0.025837 0.030331
0 0.150781 0.316667 0.021339 0.026862
0 0.188281 0.316667 0.019627 0.024405
0 0.876563 0.3375 0.019627 0.024405
0 0.328906 0.340625 0.020537 0.027934
0 0.84375 0.355208 0.02365 0.028234
0 0.673438 0.367708 0.026417 0.032442
0 0.357031 0.370833 0.021479 0.027243
0 0.571094 0.385417 0.021161 0.025349
0 0.159375 0.391667 0.019733 0.025046
0 0.017188 0.395833 0.018756 0.022285
0 0.279687 0.404167 0.023293 0.029834
0 0.5 0.405208 0.025086 0.031874
0 0.183594 0.402083 0.019542 0.02313
0 0.504687 0.434375 0.019925 0.025905
0 0.959375 0.440625 0.024897 0.032298
0 0.136719 0.445833 0.02389 0.029491
0 0.853125 0.46875 0.019792 0.025321
0 0.020313 0.476042 0.019119 0.025492
0 0.8125 0.484375 0.019992 0.026974
0 0.116406 0.491667 0.02563 0.034173
0 0.854688 0.496875 0.020676 0.026744
0 0.011161 0.503125 0.022322 0.026762
0 0.039844 0.591667 0.027588 0.038618
0 0.384375 0.605208 0.025907 0.03371
0 0.804688 0.610417 0.023259 0.032779
0 0.982812 0.614583 0.023319 0.029672
0 0.467969 0.620833 0.021339 0.026862
0 0.174219 0.635417 0.019627 0.024405
0 0.174219 0.642708 0.018773 0.023107
0 0.828125 0.653125 0.018876 0.02557
0 0.188281 0.666667 0.021727 0.028969
0 0.009889 0.689583 0.019778 0.042357
0 0.884375 0.684375 0.022766 0.03074
0 0.675 0.709375 0.020566 0.026042
0 0.911719 0.713542 0.021796 0.02989
0 0.717187 0.721875 0.028005 0.034371
0 0.436719 0.729167 0.030777 0.037099
0 0.2375 0.7375 0.019768 0.025593
0 0.5625 0.746875 0.019746 0.030276
0 0.234375 0.786458 0.022669 0.026114
0 0.310937 0.788542 0.022758 0.028319
0 0.846875 0.791667 0.018888 0.028239
0 0.907031 0.813542 0.018008 0.02309
0 0.764844 0.825 0.024319 0.034057
0 0.117188 0.828125 0.02714 0.033665
0 0.9 0.828125 0.020801 0.028133
0 0.410938 0.876042 0.018769 0.023116
0 0.882812 0.884375 0.019909 0.025929
0 0.113281 0.925 0.01882 0.024173
0 0.177344 0.951042 0.024679 0.030191
0 0.803906 0.955208 0.018939 0.024442
0 0.610938 0.95625 0.018773 0.023107
0 0.133594 0.963542 0.021119 0.029767
0 0.090625 0.973958 0.019627 0.024405
0 0.675781 0.978125 0.021796 0.02989
0 0.295312 0.983333 0.023385 0.032449
0 0.203906 0.989544 0.021479 0.020913