0 0.176563 0.030208 0.018008 0.02309
0 0.834375 0.038542 0.023293 0.029834
0 0.272656 0.059375 0.021339 0.026862
0 0.842969 0.059375 0.021198 0.026257
0 0.850781 0.069792 0.019531 0.026042
0 0.817187 0.080208 0.023643 0.031939
0 0.870313 0.125 0.022883 0.028677
0 0.454688 0.136458 0.023654 0.029634
0 0.153906 0.165625 0.018161 0.023679
0 0.228906 0.180208 0.02479 0.031527
0 0.432031 0.183333 0.026048 0.031808
0 0.069531 0.192708 0.019893 0.027596
0 0.788281 0.2 0.024496 0.029918
0 0.063281 0.203125 0.022758 0.030751
0 0.395313 0.204167 0.019627 0.024405
0 0.082812 0.21875 0.023964 0.032621
0 0.15 0.230208 0.019574 0.023676
0 0.419531 0.248958 0.024377 0.029518
0 0.375 0.30625 0.020697 0.026524
0 0.827344 0.326042 0.021701 0.028014
0 0.109375 0.332292 0.023385 0.032449
0 0.817187 0.339583 0.023293 0.029834
0 0.778125 0.34375 0.027474 0.029548
0 0.891406 0.398958 0.021198 0.026257
0 0.155469 0.425 0.025208 0.034751
0 0.797656 0.430208 0.024943 0.034642
0 0.053125 0.439583 0.019627 0.024405
0 0.758594 0.455208 0.018756 0.022285
0 0.1 0.479167 0.021556 0.031475
0 0.990279 0.538542 0.019442 0.027719
0 0.479687 0.553125 0.022945 0.029561
0 0.909375 0.60625 0.023438 0.03125
0 0.135937 0.628125 0.01902 0.024748
0 0.835938 0.640625 0.026304 0.031816
0 0.225 0.638542 0.01971 0.025332
0 0.729688 0.6875 0.019992 0.026974
0 0.324219 0.696875 0.027905 0.034571
0 0.260937 0.708333 0.028691 0.041226
0 0.982812 0.711458 0.029031 0.031982
0 0.350781 0.738542 0.02475 0.031228
0 0.729688 0.744792 0.023476 0.030208
0 0.896094 0.754167 0.018939 0.024442
0 0.834375 0.778125 0.022242 0.030281
0 0.207031 0.813542 0.024632 0.033338
0 0.242188 0.861458 0.024535 0.029481
0 0.739062 0.886458 0.018442 0.024589
0 0.657813 0.896875 0.020676 0.026744
0 0.233594 0.920833 0.024425 0.030612
0 0.86875 0.935417 0.022995 0.032052
0 0.484375 0.9625 0.022937 0.028155
0 0.904687 0.967708 0.01902 0.024748
0 0.438281 0.9875 0.019627 0.024405