0 0.949219 0.033333 0.028226 0.032566
0 0.907031 0.045833 0.026479 0.036699
0 0.51875 0.051042 0.019429 0.026567
0 0.128125 0.072917 0.022815 0.027608
0 0.679688 0.08125 0.018773 0.023107
0 0.384375 0.122917 0.023293 0.029834
0 0.317188 0.122917 0.018773 0.023107
0 0.155469 0.146875 0.022758 0.030751
0 0.839844 0.202083 0.024946 0.031337
0 0.51875 0.198958 0.019627 0.024405
0 0.283594 0.221875 0.02551 0.035817
0 0.342187 0.221875 0.02687 0.033711
0 0.588281 0.245833 0.022776 0.032111
0 0.666406 0.267708 0.025435 0.032861
0 0.132812 0.313542 0.018008 0.02309
0 0.875781 0.336458 0.024632 0.029919
0 0.499219 0.346875 0.025594 0.03579
0 0.54375 0.353125 0.023385 0.032449
0 0.641406 0.367708 0.021259 0.028345
0 0.824219 0.388542 0.025513 0.033411
0 0.291406 0.4125 0.022758 0.030751
0 0.848437 0.516667 0.026376 0.032785
0 0.285938 0.532292 0.021727 0.028969
0 0.700781 0.56875 0.021796 0.02989
0 0.291406 0.64375 0.024578 0.029591
0 0.496875 0.653125 0.019893 0.027596
0 0.3875 0.675 0.024736 0.030494
0 0.392188 0.698958 0.022729 0.02728
0 0.821094 0.703125 0.027597 0.033767
0 0.364844 0.71875 0.024436 0.029089
0 0.376563 0.738542 0.027736 0.03412
0 0.055469 0.767708 0.024938 0.031451
0 0.658594 0.792708 0.021689 0.030701
0 0.128906 0.819792 0.021362 0.02664
0 0.217188 0.838542 0.027382 0.037122
0 0.630469 0.84375 0.022776 0.032111
0 0.311719 0.938542 0.023144 0.03231
0 0.833594 0.96875 0.020204 0.029401