0 0.665625 0.05 0.023583 0.030562
0 0.366406 0.078125 0.018939 0.024442
0 0.060156 0.104167 0.017982 0.022269
0 0.26875 0.179167 0.020566 0.026042
0 0.06875 0.18125 0.018827 0.023629
0 0.082031 0.185417 0.024578 0.029591
0 0.105469 0.194792 0.024736 0.032981
0 0.453125 0.203125 0.020676 0.026744
0 0.564844 0.217708 0.021198 0.026257
0 0.126562 0.2375 0.023232 0.0323
0 0.289062 0.25625 0.020046 0.026244
0 0.617969 0.323958 0.023227 0.029506
0 0.597656 0.357292 0.02101 0.028935
0 0.51875 0.414583 0.019633 0.024542
0 0.061719 0.440625 0.021314 0.02663
0 0.479687 0.46875 0.028381 0.040881
0 0.639062 0.470833 0.026123 0.035908
0 0.5375 0.54375 0.022227 0.031837
0 0.142187 0.628125 0.019574 0.023676
0 0.683594 0.694792 0.021198 0.026257
0 0.009663 0.754167 0.019326 0.028919
0 0.582031 0.752083 0.018939 0.024442
0 0.802344 0.758333 0.02479 0.031527
0 0.698438 0.779167 0.019792 0.025321
0 0.079687 0.859375 0.022128 0.030307
0 0.592187 0.9 0.026124 0.031426