0 0.825 0.077083 0.018773 0.023107
0 0.415625 0.114583 0.024641 0.032044
0 0.848437 0.126042 0.023268 0.032258
0 0.675 0.178125 0.026281 0.032051
0 0.497656 0.221875 0.026585 0.035972
0 0.786719 0.258333 0.021314 0.02663
0 0.021094 0.283333 0.018827 0.023629
0 0.371875 0.286458 0.023026 0.028919
0 0.36875 0.305208 0.022729 0.02728
0 0.244531 0.3125 0.02475 0.031228
0 0.007275 0.311458 0.014549 0.023679
0 0.427344 0.313542 0.018939 0.024442
0 0.816406 0.320833 0.021239 0.025868
0 0.217188 0.354167 0.022828 0.027821
0 0.294531 0.425 0.021479 0.027243
0 0.446094 0.43125 0.025348 0.03196
0 0.435937 0.436458 0.019627 0.024405
0 0.76875 0.579167 0.019558 0.02407
0 0.534375 0.585417 0.020676 0.026744
0 0.225 0.611458 0.021978 0.027245
0 0.407031 0.646875 0.029509 0.035827
0 0.692969 0.690625 0.026089 0.035063
0 0.934375 0.694792 0.022788 0.029292
0 0.279687 0.713542 0.022996 0.028271
0 0.452344 0.716667 0.027468 0.032673
0 0.257031 0.795833 0.025211 0.033309
0 0.185156 0.845833 0.022171 0.030594
0 0.360938 0.853125 0.023592 0.030549
0 0.403906 0.861458 0.018756 0.022285
0 0.367969 0.910417 0.020866 0.027821
0 0.457031 0.982292 0.024983 0.031584
0 0.424219 0.985869 0.022097 0.028263