0 0.833594 0.020833 0.021314 0.02663
0 0.585938 0.025 0.0201 0.026364
0 0.252344 0.029167 0.025129 0.029733
0 0.038281 0.0375 0.021727 0.028969
0 0.76875 0.045833 0.018331 0.025253
0 0.164844 0.058333 0.021618 0.02791
0 0.388281 0.058333 0.021105 0.028403
0 0.314844 0.065625 0.025348 0.03196
0 0.970313 0.071875 0.026479 0.036699
0 0.752344 0.06875 0.021819 0.028356
0 0.544531 0.079167 0.020811 0.029482
0 0.909375 0.083333 0.023103 0.02886
0 0.342187 0.094792 0.019909 0.025929
0 0.692969 0.117708 0.024436 0.029089
0 0.809375 0.116667 0.019925 0.025905
0 0.202344 0.123958 0.019638 0.024534
0 0.094531 0.14375 0.021264 0.026134
0 0.885938 0.161458 0.023319 0.029672
0 0.092969 0.175 0.020422 0.025409
0 0.146094 0.19375 0.028062 0.036021
0 0.167969 0.2 0.025273 0.030852
0 0.770312 0.208333 0.022971 0.028458
0 0.294531 0.227083 0.029328 0.036983
0 0.679688 0.226042 0.02393 0.031906
0 0.233594 0.239583 0.020328 0.024087
0 0.433594 0.24375 0.028864 0.035994
0 0.878125 0.247917 0.029145 0.035766
0 0.710156 0.254167 0.03055 0.037138
0 0.565625 0.247917 0.019792 0.025321
0 0.975781 0.2625 0.024447 0.033091
0 0.629687 0.264583 0.02479 0.031527
0 0.770312 0.264583 0.026417 0.032442
0 0.016406 0.265625 0.024348 0.028789
0 0.825781 0.269792 0.021999 0.028864
0 0.478906 0.272917 0.021542 0.029952
0 0.923438 0.277083 0.018773 0.023107
0 0.396094 0.282292 0.025273 0.030852
0 0.960156 0.279167 0.018561 0.025359
0 0.347656 0.297917 0.026571 0.034874
0 0.428125 0.323958 0.019574 0.023676
0 0.413281 0.347917 0.029089 0.036562
0 0.547656 0.351042 0.027422 0.038785
0 0.367188 0.352083 0.019909 0.025929
0 0.728906 0.357292 0.024359 0.033115
0 0.589063 0.395833 0.027372 0.035561
0 0.020313 0.4 0.027003 0.034726
0 0.833594 0.414583 0.018008 0.02309
0 0.115625 0.440625 0.019601 0.028352
0 0.439063 0.45625 0.024359 0.033115
0 0.825 0.459375 0.019925 0.025905
0 0.316406 0.471875 0.025624 0.036638
0 0.619531 0.466667 0.018939 0.024442
0 0.563281 0.470833 0.021479 0.027243
0 0.842969 0.470833 0.019531 0.026042
0 0.012502 0.482292 0.025005 0.033357
0 0.703125 0.48125 0.023491 0.027306
0 0.260937 0.492708 0.026625 0.042752
0 0.696094 0.497917 0.018008 0.02309
0 0.869531 0.507292 0.018921 0.024472
0 0.210156 0.513542 0.021314 0.02663
0 0.68125 0.516667 0.021161 0.025349
0 0.183594 0.517708 0.021701 0.028014
0 0.782031 0.523958 0.021314 0.02663
0 0.875781 0.528125 0.018756 0.022285
0 0.166406 0.544792 0.026688 0.039159
0 0.082031 0.544792 0.021701 0.028014
0 0.04375 0.557292 0.022729 0.02728
0 0.683594 0.559375 0.02198 0.027324
0 0.5625 0.560417 0.019792 0.025321
0 0.213281 0.60625 0.021314 0.02663
0 0.560937 0.60625 0.019909 0.025929
0 0.41875 0.616667 0.023227 0.029506
0 0.801562 0.617708 0.023931 0.031351
0 0.501563 0.632292 0.020328 0.024087
0 0.021875 0.638542 0.027027 0.036869
0 0.145313 0.65625 0.023319 0.029672
0 0.767969 0.698958 0.021362 0.02664
0 0.846094 0.713542 0.02168 0.028193
0 0.838281 0.735417 0.019531 0.026042
0 0.796094 0.746875 0.02143 0.027648
0 0.182812 0.752083 0.022815 0.027608
0 0.897656 0.760417 0.027307 0.037962
0 0.786719 0.766667 0.025042 0.032134
0 0.283594 0.801042 0.020046 0.026244
0 0.195312 0.813542 0.021546 0.027548
0 0.064844 0.852083 0.027576 0.031558
0 0.205469 0.863542 0.019574 0.023676
0 0.599219 0.886458 0.017658 0.024165
0 0.782031 0.898958 0.025636 0.035222
0 0.025781 0.941667 0.025574 0.035632
0 0.871094 0.946875 0.022129 0.030969
0 0.591406 0.948958 0.02274 0.033763
0 0.878125 0.957292 0.020537 0.027934
0 0.385937 0.984896 0.023438 0.030208