0 0.1875 0.021875 0.023778 0.030992
0 0.30625 0.036458 0.020412 0.025429
0 0.990931 0.069792 0.018139 0.030992
0 0.317969 0.08125 0.024436 0.029089
0 0.322656 0.097917 0.025636 0.035222
0 0.133594 0.115625 0.020416 0.025301
0 0.971875 0.122917 0.027172 0.035363
0 0.492188 0.122917 0.026 0.030914
0 0.910937 0.180208 0.018769 0.023116
0 0.071094 0.2 0.024847 0.031127
0 0.475 0.233333 0.026 0.030914
0 0.555469 0.3125 0.027678 0.033246
0 0.732812 0.326042 0.026041 0.030394
0 0.963281 0.398958 0.021796 0.02989
0 0.154688 0.480208 0.027054 0.032892
0 0.629687 0.517708 0.022226 0.031538
0 0.339062 0.94375 0.0201 0.026364
0 0.436719 0.971875 0.022067 0.026726
0 0.583594 0.98125 0.021264 0.026134