0 0.461719 0.012322 0.025838 0.024645
0 0.016406 0.021875 0.025275 0.02982
0 0.799219 0.1 0.024847 0.031127
0 0.630469 0.104167 0.024425 0.030612
0 0.410156 0.13125 0.020647 0.026788
0 0.903125 0.180208 0.023232 0.0323
0 0.354687 0.2 0.025056 0.029313
0 0.378125 0.215625 0.020416 0.025301
0 0.019531 0.248958 0.02606 0.030638
0 0.94375 0.279167 0.022254 0.031093
0 0.978125 0.304167 0.022883 0.028677
0 0.842969 0.339583 0.024242 0.035869
0 0.189844 0.340625 0.028976 0.031606
0 0.246875 0.340625 0.021894 0.026105
0 0.876563 0.344792 0.023758 0.031125
0 0.317969 0.365625 0.024496 0.029918
0 0.821875 0.404167 0.026945 0.031859
0 0.9625 0.409375 0.022995 0.032052
0 0.471094 0.415625 0.030086 0.038025
0 0.141406 0.426042 0.020566 0.026042
0 0.317188 0.432292 0.026715 0.032642
0 0.039062 0.438542 0.025161 0.030661
0 0.207031 0.458333 0.019574 0.023676
0 0.250781 0.473958 0.020566 0.026042
0 0.859375 0.48125 0.031138 0.03736
0 0.315625 0.490625 0.028303 0.032876
0 0.575781 0.502083 0.028906 0.037105
0 0.846875 0.501042 0.019909 0.025929
0 0.770312 0.510417 0.022756 0.02825
0 0.097656 0.551042 0.02749 0.031005
0 0.740625 0.559375 0.026211 0.031218
0 0.667188 0.572917 0.023771 0.032677
0 0.775 0.573958 0.021796 0.030069
0 0.825781 0.602083 0.024679 0.030191
0 0.144531 0.632292 0.025982 0.033258
0 0.264062 0.641667 0.026304 0.031816
0 0.454688 0.659375 0.023385 0.032449
0 0.064062 0.692708 0.021161 0.025349
0 0.829688 0.723958 0.023514 0.031908
0 0.621094 0.726042 0.028272 0.030546
0 0.927344 0.728125 0.024835 0.031146
0 0.761719 0.727083 0.019627 0.024405
0 0.544531 0.736458 0.018773 0.023107
0 0.376563 0.758333 0.025273 0.030852
0 0.507031 0.760417 0.024652 0.030465
0 0.360156 0.779167 0.018331 0.025253
0 0.071875 0.813542 0.020371 0.024457
0 0.409375 0.857292 0.023673 0.036593
0 0.383594 0.873958 0.025215 0.032495
0 0.783594 0.904167 0.022216 0.034646
0 0.857031 0.939583 0.025162 0.036319
0 0.977344 0.954167 0.022643 0.032905