0 0.810156 0.026042 0.021198 0.026257
0 0.546875 0.042708 0.022656 0.03125
0 0.191406 0.064583 0.029269 0.03763
0 0.319531 0.070833 0.025248 0.033897
0 0.083594 0.101042 0.021198 0.026257
0 0.976562 0.10625 0.020932 0.028824
0 0.447656 0.164583 0.018331 0.025253
0 0.988281 0.16875 0.022758 0.030751
0 0.365625 0.216667 0.018008 0.02309
0 0.417969 0.227083 0.025161 0.030661
0 0.496875 0.229167 0.017982 0.022269
0 0.591406 0.251042 0.034136 0.044417
0 0.679688 0.2625 0.026048 0.031808
0 0.409375 0.269792 0.019909 0.025929
0 0.845313 0.280208 0.022883 0.028677
0 0.694531 0.286458 0.018939 0.024442
0 0.50625 0.292708 0.020058 0.027568
0 0.982812 0.29375 0.022566 0.031762
0 0.891406 0.310417 0.018442 0.024589
0 0.355469 0.313542 0.021999 0.028864
0 0.90625 0.329167 0.030111 0.041853
0 0.444531 0.332292 0.020058 0.027568
0 0.134375 0.385417 0.029289 0.036288
0 0.942969 0.408333 0.021989 0.028877
0 0.503906 0.439583 0.021999 0.028864
0 0.571875 0.465625 0.019733 0.025046
0 0.398438 0.475 0.022828 0.027821
0 0.383594 0.473958 0.018048 0.02325
0 0.660156 0.479167 0.018876 0.02557
0 0.841406 0.486458 0.03476 0.039759
0 0.477344 0.501042 0.028721 0.034174
0 0.520312 0.5125 0.019909 0.025929
0 0.416406 0.520833 0.02434 0.033657
0 0.545312 0.527083 0.023718 0.029015
0 0.294531 0.539583 0.025695 0.03914
0 0.905469 0.542708 0.018876 0.02557
0 0.498437 0.542708 0.018939 0.024442
0 0.360938 0.566667 0.024854 0.032359
0 0.414062 0.588542 0.026195 0.032242
0 0.964844 0.59375 0.018008 0.02309
0 0.91875 0.598958 0.019574 0.023676
0 0.221094 0.601042 0.018161 0.023679
0 0.903906 0.621875 0.030483 0.03751
0 0.528125 0.617708 0.019178 0.025168
0 0.307031 0.623958 0.027516 0.034627
0 0.93125 0.628125 0.020676 0.026744
0 0.644531 0.657292 0.030501 0.033438
0 0.760938 0.653125 0.020566 0.026042
0 0.589063 0.671875 0.023607 0.028741
0 0.376563 0.675 0.026048 0.031808
0 0.553906 0.683333 0.036832 0.040956
0 0.367188 0.702083 0.017982 0.022269
0 0.439063 0.717708 0.030072 0.039469
0 0.885938 0.722917 0.030362 0.038669
0 0.613281 0.719792 0.018331 0.025253
0 0.629687 0.73125 0.02292 0.033794
0 0.938281 0.734375 0.021542 0.029952
0 0.238281 0.739583 0.027883 0.036135
0 0.749219 0.752083 0.018008 0.02309
0 0.492188 0.758333 0.0201 0.026364
0 0.235937 0.782292 0.033043 0.041975
0 0.170313 0.792708 0.023451 0.027139
0 0.227344 0.8375 0.025935 0.028892
0 0.585938 0.846875 0.030818 0.038039
0 0.948438 0.871875 0.029777 0.04537
0 0.192969 0.888542 0.03538 0.048679
0 0.794531 0.910417 0.029151 0.035937
0 0.925781 0.966667 0.028716 0.037079