0 0.460156 0.008194 0.018939 0.016388
0 0.964844 0.026042 0.021819 0.028356
0 0.85 0.082292 0.023103 0.02886
0 0.172656 0.0875 0.02198 0.027324
0 0.778906 0.09375 0.018304 0.026169
0 0.752344 0.122917 0.022995 0.032052
0 0.467187 0.170833 0.023319 0.029672
0 0.586719 0.2375 0.024518 0.039882
0 0.010156 0.253125 0.018161 0.023679
0 0.571875 0.257292 0.020422 0.025409
0 0.848437 0.273958 0.022815 0.027608
0 0.497656 0.28125 0.02168 0.028193
0 0.988281 0.5125 0.021362 0.02664
0 0.019531 0.529167 0.020328 0.024087
0 0.605469 0.546875 0.025695 0.034958
0 0.732031 0.576042 0.021104 0.024098
0 0.513281 0.578125 0.021239 0.025868
0 0.229687 0.586458 0.022758 0.028319
0 0.53125 0.6 0.020134 0.027719
0 0.430469 0.623958 0.02203 0.026707
0 0.214844 0.626042 0.01882 0.024173
0 0.160156 0.628125 0.019574 0.023676
0 0.867969 0.670833 0.024309 0.027699
0 0.210156 0.726042 0.018442 0.024589
0 0.351562 0.746875 0.022729 0.02728
0 0.378906 0.751042 0.024436 0.029089
0 0.410938 0.784375 0.018773 0.023107
0 0.21875 0.803125 0.020801 0.028133
0 0.857031 0.88125 0.021479 0.027243
0 0.423438 0.892708 0.023804 0.033777
0 0.788281 0.888542 0.018939 0.024442
0 0.129688 0.98796 0.02426 0.024079