0 0.310156 0.027083 0.024436 0.029089
0 0.023438 0.14375 0.022729 0.02728
0 0.317969 0.267708 0.025243 0.032454
0 0.278906 0.44375 0.024033 0.032854
0 0.759375 0.558333 0.026593 0.033416
0 0.439844 0.559375 0.023771 0.032677
0 0.096875 0.640625 0.023103 0.02886
0 0.695312 0.655208 0.019683 0.026728
0 0.235156 0.669792 0.036777 0.033288
0 0.099219 0.68125 0.024794 0.030839
0 0.517969 0.713542 0.033606 0.031418
0 0.198437 0.740625 0.029458 0.035323
0 0.808594 0.741667 0.025086 0.031874
0 0.513281 0.752083 0.025782 0.0419
0 0.701562 0.852083 0.02545 0.035034
0 0.930469 0.93125 0.022026 0.030025