0 0.744531 0.048958 0.022227 0.031837
0 0.904687 0.060417 0.023103 0.02886
0 0.682813 0.085417 0.024976 0.033622
0 0.807813 0.1 0.020416 0.025301
0 0.584375 0.129167 0.022479 0.030881
0 0.09375 0.190625 0.023964 0.032621
0 0.895312 0.289583 0.02287 0.028488
0 0.783594 0.404167 0.024897 0.032298
0 0.428906 0.455208 0.023268 0.032258
0 0.682813 0.540625 0.01971 0.025332
0 0.589844 0.559375 0.025333 0.031738
0 0.430469 0.571875 0.021161 0.025349
0 0.732031 0.582292 0.018008 0.02309
0 0.221094 0.614583 0.022393 0.030491
0 0.897656 0.659375 0.022227 0.031837
0 0.838281 0.813542 0.024847 0.031127
0 0.770312 0.823958 0.01971 0.025332
0 0.053906 0.839583 0.024632 0.029919