0 0.585156 0.041667 0.018756 0.022285
0 0.716406 0.051042 0.019746 0.030276
0 0.707812 0.071875 0.02101 0.028935
0 0.057813 0.101042 0.021796 0.02989
0 0.507031 0.110417 0.021796 0.02989
0 0.507031 0.214583 0.021556 0.031475
0 0.632031 0.232292 0.021796 0.02989
0 0.526563 0.235417 0.022911 0.031609
0 0.129688 0.267708 0.019574 0.023676
0 0.147656 0.31875 0.021796 0.02989
0 0.223438 0.323958 0.021259 0.029733
0 0.767969 0.407292 0.023644 0.029463
0 0.674219 0.440625 0.023652 0.035581
0 0.807813 0.469792 0.018561 0.025359
0 0.645312 0.472917 0.020517 0.029536
0 0.805469 0.513542 0.021314 0.02663
0 0.819531 0.647917 0.021648 0.029332
0 0.353906 0.692708 0.021161 0.025349
0 0.295312 0.725 0.023319 0.029672
0 0.096094 0.746875 0.020493 0.029307
0 0.152344 0.748958 0.021314 0.02663
0 0.492188 0.752083 0.020627 0.027503
0 0.2375 0.780208 0.021761 0.031624
0 0.340625 0.8625 0.020745 0.031408
0 0.121875 0.884375 0.025345 0.030561
0 0.027344 0.895833 0.021202 0.026349