0 0.95 0.014583 0.021701 0.028014
0 0.759375 0.042708 0.02486 0.031
0 0.882031 0.041667 0.021239 0.025868
0 0.915625 0.045833 0.024421 0.029117
0 0.742188 0.046875 0.019733 0.025046
0 0.174219 0.052083 0.02118 0.025185
0 0.030469 0.06875 0.024237 0.025431
0 0.396094 0.077083 0.01998 0.028483
0 0.469531 0.105208 0.027612 0.032177
0 0.602344 0.10625 0.018008 0.02309
0 0.629687 0.125 0.018756 0.022285
0 0.65625 0.128125 0.019925 0.025905
0 0.082812 0.141667 0.019574 0.023676
0 0.086719 0.152083 0.018008 0.02309
0 0.246875 0.158333 0.025905 0.030541
0 0.345313 0.166667 0.018008 0.02309
0 0.124219 0.189583 0.021362 0.02664
0 0.2375 0.203125 0.019768 0.025593
0 0.086719 0.210417 0.021339 0.026862
0 0.65 0.221875 0.019638 0.024534
0 0.800781 0.223958 0.021546 0.027548
0 0.539844 0.232292 0.018442 0.024589
0 0.411719 0.236458 0.018773 0.023107
0 0.33125 0.254167 0.018773 0.023107
0 0.73125 0.277083 0.019574 0.023676
0 0.461719 0.3 0.017759 0.024215
0 0.7375 0.319792 0.019925 0.025905
0 0.4125 0.321875 0.019627 0.024405
0 0.841406 0.334375 0.021339 0.026862
0 0.097656 0.338542 0.021542 0.027554
0 0.778906 0.35 0.022047 0.026945
0 0.149219 0.38125 0.019768 0.025593
0 0.869531 0.385417 0.021701 0.028014
0 0.077344 0.396875 0.02168 0.028193
0 0.152344 0.397917 0.019574 0.023676
0 0.621875 0.4125 0.020537 0.027934
0 0.095312 0.417708 0.019574 0.023676
0 0.378906 0.422917 0.023026 0.028919
0 0.672656 0.422917 0.019627 0.024405
0 0.453125 0.426042 0.018827 0.023629
0 0.517969 0.436458 0.018773 0.023107
0 0.73125 0.438542 0.019558 0.02407
0 0.373437 0.442708 0.020551 0.027917
0 0.835938 0.447917 0.019733 0.025046
0 0.340625 0.453125 0.01971 0.025332
0 0.542969 0.460417 0.021804 0.02852
0 0.289844 0.4625 0.021542 0.027554
0 0.69375 0.465625 0.019627 0.024405
0 0.917969 0.466667 0.018008 0.02309
0 0.571094 0.5 0.020697 0.026524
0 0.544531 0.510417 0.019178 0.025168
0 0.132031 0.532292 0.024847 0.031127
0 0.474219 0.552083 0.021479 0.027243
0 0.210156 0.5625 0.021727 0.028969
0 0.661719 0.560417 0.018939 0.024442
0 0.689844 0.5625 0.019627 0.024405
0 0.389062 0.5875 0.019909 0.025929
0 0.332031 0.595833 0.021819 0.028356
0 0.703125 0.6125 0.019633 0.024542
0 0.586719 0.6625 0.024377 0.029518
0 0.959375 0.686458 0.020537 0.027934
0 0.764844 0.7 0.020046 0.026244
0 0.3 0.704167 0.019638 0.024534
0 0.207031 0.714583 0.018939 0.024442
0 0.116406 0.716667 0.018008 0.02309
0 0.288281 0.733333 0.018008 0.02309
0 0.123438 0.741667 0.0201 0.026364
0 0.013281 0.748958 0.018008 0.02309
0 0.263281 0.777083 0.020328 0.024087
0 0.707812 0.779167 0.023026 0.028919
0 0.257031 0.802083 0.01882 0.024173
0 0.33125 0.802083 0.018773 0.023107
0 0.640625 0.809375 0.019909 0.025929
0 0.078906 0.833333 0.01902 0.024748
0 0.071875 0.869792 0.020676 0.026744
0 0.380469 0.871875 0.021339 0.026862
0 0.339062 0.876042 0.019543 0.023126
0 0.342187 0.8875 0.019574 0.023676
0 0.28125 0.901042 0.019909 0.025929
0 0.44375 0.942708 0.02095 0.027383
0 0.338281 0.947917 0.018331 0.025253