0 0.964844 0.023958 0.016714 0.025008
0 0.638281 0.085417 0.018008 0.02309
0 0.917969 0.119792 0.018827 0.023629
0 0.557813 0.171875 0.019574 0.023676
0 0.816406 0.211458 0.021122 0.026093
0 0.013281 0.241667 0.025042 0.032134
0 0.807813 0.259375 0.024309 0.031325
0 0.171094 0.275 0.021479 0.027243
0 0.475 0.277083 0.019909 0.025929
0 0.549219 0.284375 0.01902 0.024748
0 0.532813 0.335417 0.022815 0.027608
0 0.85625 0.389583 0.019909 0.025929
0 0.8 0.433333 0.019558 0.02407
0 0.522656 0.448958 0.021314 0.02663
0 0.557031 0.50625 0.021479 0.027243
0 0.309375 0.530208 0.023476 0.030208
0 0.194531 0.539583 0.025197 0.031603
0 0.152344 0.540625 0.021796 0.02989
0 0.689063 0.540625 0.024377 0.029518
0 0.54375 0.540625 0.019627 0.024405
0 0.4375 0.583333 0.022669 0.026114
0 0.480469 0.603125 0.018442 0.024589
0 0.335938 0.728125 0.026966 0.033171
0 0.465625 0.866667 0.023055 0.028598
0 0.274219 0.872917 0.021105 0.028403
0 0.017969 0.878125 0.021989 0.028877
0 0.473438 0.8875 0.020676 0.026744
0 0.582031 0.944792 0.020416 0.025301
0 0.380469 0.95625 0.01882 0.024173
0 0.376563 0.980208 0.024885 0.038061