0 0.76875 0.008696 0.018756 0.017392
0 0.520312 0.119792 0.019909 0.025929
0 0.940625 0.129167 0.022226 0.031538
0 0.540625 0.169792 0.019574 0.023676
0 0.742188 0.442708 0.019574 0.023676
0 0.110156 0.530208 0.021161 0.025349
0 0.932031 0.694792 0.021162 0.025464
0 0.4625 0.76875 0.019733 0.025046
0 0.85625 0.803125 0.023432 0.030501
0 0.914844 0.80625 0.020528 0.029524
0 0.370312 0.834375 0.023103 0.02886
0 0.510938 0.879167 0.019909 0.025929
0 0.866406 0.903125 0.021339 0.026862
0 0.988281 0.960417 0.02118 0.025185
0 0.891406 0.965625 0.021727 0.031708
0 0.65625 0.977083 0.0197 0.025227