0 0.961719 0.009793 0.018442 0.019586
0 0.673438 0.029167 0.032356 0.037381
0 0.517969 0.148958 0.028506 0.035084
0 0.911719 0.161458 0.022356 0.031944
0 0.047656 0.2125 0.024578 0.029591
0 0.41875 0.4125 0.027164 0.038103
0 0.839844 0.534375 0.025215 0.032495
0 0.676562 0.560417 0.026862 0.034014
0 0.105469 0.630208 0.021882 0.024105
0 0.091406 0.653125 0.02479 0.031527
0 0.098437 0.683333 0.018773 0.023107
0 0.371094 0.733333 0.019768 0.025593
0 0.608594 0.867708 0.021314 0.02663
0 0.804688 0.929167 0.03218 0.036869
0 0.457813 0.940625 0.019893 0.027596
0 0.959375 0.959375 0.020517 0.029536
0 0.310156 0.971875 0.018161 0.023679