0 0.098437 0.05625 0.018773 0.023107
0 0.775781 0.073958 0.02101 0.028935
0 0.755469 0.105208 0.021542 0.029952
0 0.516406 0.125 0.018846 0.02378
0 0.836719 0.127083 0.021999 0.028864
0 0.542188 0.220833 0.021761 0.031624
0 0.457813 0.228125 0.024496 0.029918
0 0.636719 0.2375 0.022815 0.027608
0 0.596875 0.303125 0.024975 0.031796
0 0.460938 0.307292 0.023592 0.030549
0 0.957031 0.354167 0.021899 0.024518
0 0.015625 0.373958 0.025129 0.029733
0 0.576562 0.392708 0.023592 0.030549
0 0.464844 0.408333 0.018008 0.02309
0 0.314844 0.4125 0.020341 0.025073
0 0.094531 0.583333 0.027758 0.032283
0 0.213281 0.609375 0.018939 0.024442
0 0.894531 0.634375 0.024975 0.031796
0 0.473438 0.667708 0.023063 0.030344
0 0.66875 0.66875 0.023319 0.029672
0 0.290625 0.704167 0.019531 0.027421
0 0.775 0.722917 0.024584 0.031012
0 0.789062 0.721875 0.023293 0.029834
0 0.425781 0.934375 0.021314 0.02663
0 0.873437 0.95 0.018773 0.023107