0 0.510938 0.027083 0.028404 0.039509
0 0.135156 0.091667 0.02018 0.026907
0 0.288281 0.098958 0.017301 0.024027
0 0.463281 0.126042 0.026436 0.037088
0 0.923438 0.203125 0.022226 0.031538
0 0.823438 0.2125 0.017721 0.025103
0 0.797656 0.263542 0.027016 0.037416
0 0.397656 0.26875 0.026283 0.033839
0 0.727344 0.375 0.031158 0.039046
0 0.874219 0.560417 0.023475 0.026349
0 0.786719 0.630208 0.026011 0.035464
0 0.225 0.745833 0.028356 0.038278
0 0.720313 0.802083 0.017982 0.022269
0 0.117969 0.867708 0.02434 0.033657
0 0.352344 0.904167 0.027328 0.035328
0 0.21875 0.946875 0.024886 0.03407