0 0.275781 0.055208 0.025273 0.030852
0 0.678125 0.161458 0.02838 0.035433
0 0.191406 0.167708 0.019531 0.023958
0 0.653906 0.192708 0.018442 0.024589
0 0.45625 0.205208 0.019925 0.025905
0 0.685156 0.2125 0.018918 0.029246
0 0.585156 0.278125 0.018008 0.02309
0 0.708594 0.333333 0.018161 0.023679
0 0.744531 0.335417 0.018876 0.02557
0 0.701562 0.352083 0.0201 0.026364
0 0.678906 0.359375 0.029815 0.031308
0 0.816406 0.3625 0.023386 0.031971
0 0.666406 0.361458 0.02003 0.029373
0 0.849219 0.364583 0.018442 0.024589
0 0.677344 0.373958 0.02544 0.030994
0 0.625781 0.388542 0.022729 0.02728
0 0.95 0.40625 0.019119 0.025492
0 0.777344 0.40625 0.018442 0.024589
0 0.88125 0.416667 0.033847 0.043679
0 0.154688 0.419792 0.028567 0.042069
0 0.766406 0.425 0.020116 0.036492
0 0.746094 0.426042 0.020432 0.028638
0 0.86875 0.434375 0.029258 0.042245
0 0.349219 0.43125 0.021198 0.026257
0 0.991185 0.439583 0.01763 0.026257
0 0.817187 0.440625 0.017438 0.024063
0 0.5375 0.464583 0.036921 0.052428
0 0.982812 0.45 0.018442 0.024589
0 0.723437 0.457292 0.024024 0.034748
0 0.263281 0.458333 0.027729 0.032708
0 0.624219 0.461458 0.018827 0.023629
0 0.313281 0.488542 0.01875 0.026042
0 0.2 0.495833 0.024386 0.034972
0 0.465625 0.497917 0.020676 0.026744
0 0.833594 0.505208 0.018442 0.024589
0 0.428125 0.514583 0.01882 0.024173
0 0.639844 0.55625 0.035463 0.038912
0 0.558594 0.552083 0.018052 0.026078
0 0.458594 0.608333 0.02985 0.044916
0 0.542188 0.603125 0.022918 0.028188
0 0.636719 0.615625 0.026358 0.032351
0 0.409375 0.617708 0.019592 0.025156
0 0.914062 0.61875 0.018773 0.023107
0 0.840625 0.622917 0.022673 0.031282
0 0.452344 0.621875 0.017301 0.024027
0 0.671875 0.639583 0.042649 0.04567
0 0.511719 0.646875 0.019531 0.026042
0 0.842187 0.654167 0.017778 0.027118
0 0.938281 0.660417 0.01882 0.024173
0 0.688281 0.677083 0.018442 0.024589
0 0.764844 0.677083 0.018048 0.02325
0 0.671094 0.680208 0.020371 0.024457
0 0.674219 0.688542 0.018161 0.023679
0 0.814063 0.701042 0.018939 0.024442
0 0.899219 0.704167 0.020416 0.025301
0 0.775 0.713542 0.023654 0.029634
0 0.595313 0.741667 0.019531 0.027421
0 0.791406 0.75 0.017317 0.024011
0 0.570312 0.754167 0.020627 0.027503
0 0.828906 0.767708 0.020313 0.025
0 0.90625 0.767708 0.019574 0.023676
0 0.628906 0.802083 0.022129 0.030969
0 0.578906 0.80625 0.022346 0.029794
0 0.528125 0.828125 0.019195 0.026357
0 0.707031 0.835417 0.0184 0.026183
0 0.009596 0.8375 0.019193 0.026257
0 0.74375 0.85625 0.019574 0.023676
0 0.989186 0.873958 0.021629 0.029561
0 0.5625 0.89375 0.018331 0.025253
0 0.863281 0.905208 0.019601 0.028352
0 0.786719 0.927083 0.020288 0.027694
0 0.939063 0.933333 0.019893 0.027596
0 0.694531 0.936458 0.017438 0.024063
0 0.771875 0.947917 0.019574 0.023676
0 0.776563 0.958333 0.019893 0.027596
0 0.125781 0.96875 0.021138 0.034503
0 0.619531 0.965625 0.018442 0.024589