0 0.638281 0.012004 0.021141 0.024008
0 0.697656 0.047917 0.018331 0.025253
0 0.90625 0.055208 0.021946 0.026299
0 0.394531 0.0625 0.020509 0.025821
0 0.642969 0.108333 0.020467 0.031435
0 0.989888 0.122917 0.020223 0.032779
0 0.059375 0.141667 0.024247 0.026365
0 0.500781 0.15 0.023368 0.030196
0 0.536719 0.169792 0.0197 0.025227
0 0.284375 0.203125 0.023771 0.032677
0 0.610938 0.214583 0.021556 0.031475
0 0.072656 0.217708 0.020045 0.029423
0 0.789844 0.232292 0.02307 0.032944
0 0.386719 0.235417 0.019446 0.026546
0 0.142969 0.25 0.022261 0.027887
0 0.740625 0.257292 0.02048 0.031322
0 0.642969 0.282292 0.01892 0.026267
0 0.484375 0.2875 0.02325 0.033147
0 0.814063 0.292708 0.032074 0.041736
0 0.180469 0.288542 0.023486 0.025911
0 0.950781 0.290625 0.020517 0.029536
0 0.26875 0.297917 0.022861 0.027439
0 0.814844 0.311458 0.023511 0.028281
0 0.717969 0.317708 0.023903 0.032879
0 0.025 0.31875 0.021314 0.02663
0 0.277344 0.31875 0.018999 0.02628
0 0.242188 0.340625 0.018415 0.033344
0 0.154688 0.359375 0.026901 0.03762
0 0.124219 0.361458 0.027035 0.034038
0 0.939063 0.360417 0.02486 0.031
0 0.972656 0.365625 0.018939 0.024442
0 0.092969 0.378125 0.02597 0.036688
0 0.428125 0.380208 0.024641 0.032044
0 0.14375 0.380208 0.021658 0.029319
0 0.655469 0.382292 0.019627 0.024405
0 0.311719 0.382292 0.019558 0.02407
0 0.664844 0.392708 0.023185 0.034666
0 0.221094 0.394792 0.029276 0.033056
0 0.707031 0.395833 0.022254 0.031093
0 0.146094 0.4 0.018561 0.025359
0 0.142187 0.413542 0.024425 0.030612
0 0.191406 0.41875 0.022303 0.032753
0 0.90625 0.447917 0.028004 0.039954
0 0.729688 0.457292 0.023345 0.03313
0 0.130469 0.465625 0.020676 0.026744
0 0.85625 0.482292 0.018939 0.024442
0 0.786719 0.495833 0.023139 0.033697
0 0.682031 0.536458 0.020147 0.028452
0 0.707031 0.538542 0.020147 0.028452
0 0.485156 0.564583 0.019531 0.026042
0 0.052344 0.583333 0.020341 0.025073
0 0.253125 0.589583 0.029837 0.040572
0 0.5125 0.602083 0.021198 0.026257
0 0.614062 0.625 0.025712 0.035203
0 0.15 0.657292 0.02911 0.045308
0 0.379688 0.65 0.018939 0.024442
0 0.327344 0.670833 0.026727 0.042234
0 0.577344 0.663542 0.019925 0.025905
0 0.948438 0.66875 0.018048 0.02325
0 0.902344 0.692708 0.025235 0.036655
0 0.083594 0.688542 0.021994 0.026199
0 0.6125 0.708333 0.02486 0.031
0 0.8375 0.7125 0.021896 0.030747
0 0.432031 0.714583 0.022226 0.031538
0 0.542969 0.728125 0.030504 0.028148
0 0.564063 0.736458 0.021259 0.029733
0 0.61875 0.741667 0.025589 0.035797
0 0.578906 0.740625 0.021146 0.027826
0 0.710938 0.744792 0.021816 0.032581
0 0.636719 0.760417 0.018999 0.02628
0 0.417969 0.764583 0.02018 0.026907
0 0.164062 0.785417 0.02545 0.035034
0 0.991455 0.792708 0.01709 0.028193
0 0.435937 0.819792 0.033977 0.04923
0 0.155469 0.841667 0.022143 0.027371
0 0.092969 0.85625 0.021885 0.028544
0 0.24375 0.884375 0.027753 0.043199
0 0.475781 0.892708 0.019693 0.028264
0 0.111719 0.896875 0.022254 0.031093
0 0.467187 0.911458 0.02434 0.033657
0 0.563281 0.926042 0.021902 0.027122
0 0.446094 0.930208 0.025058 0.034018
0 0.533594 0.95625 0.020209 0.029396
0 0.382812 0.969792 0.021978 0.027245
0 0.630469 0.971875 0.021816 0.032581
0 0.221094 0.977083 0.022995 0.033548
0 0.645312 0.988653 0.021645 0.022694