0 0.782813 0.051042 0.020676 0.026744
0 0.602344 0.08125 0.022242 0.030281
0 0.483594 0.144792 0.022464 0.028723
0 0.953906 0.166667 0.024847 0.031127
0 0.399219 0.175 0.020341 0.025073
0 0.85625 0.258333 0.023556 0.02766
0 0.375 0.296875 0.019792 0.025321
0 0.149219 0.358333 0.02143 0.027648
0 0.476562 0.373958 0.022883 0.028677
0 0.498437 0.391667 0.025826 0.029329
0 0.722656 0.519792 0.024496 0.029918
0 0.378906 0.577083 0.023878 0.029636
0 0.191406 0.615625 0.022254 0.031093
0 0.366406 0.617708 0.020566 0.026042
0 0.978906 0.689583 0.022017 0.028277
0 0.614844 0.721875 0.018756 0.022285
0 0.489844 0.9 0.021479 0.027243