0 0.591406 0.022917 0.017757 0.026099
0 0.101562 0.05 0.026157 0.036188
0 0.3125 0.075 0.030779 0.041842
0 0.2875 0.083333 0.028726 0.039257
0 0.119531 0.183333 0.019574 0.023676
0 0.265625 0.197917 0.027671 0.038914
0 0.009196 0.214583 0.018393 0.025349
0 0.175 0.2625 0.018773 0.023107
0 0.057031 0.267708 0.026275 0.033933
0 0.711719 0.270833 0.027255 0.036849
0 0.617969 0.270833 0.023432 0.030501
0 0.498437 0.278125 0.032403 0.041186
0 0.505469 0.320833 0.018756 0.022285
0 0.122656 0.338542 0.028303 0.041237
0 0.886719 0.346875 0.022756 0.02825
0 0.132812 0.361458 0.019714 0.027305
0 0.129688 0.372917 0.021179 0.036543
0 0.835938 0.380208 0.02752 0.039762
0 0.923438 0.414583 0.021198 0.026257
0 0.006446 0.454167 0.012892 0.022292
0 0.008408 0.454167 0.016817 0.02309
0 0.948438 0.4625 0.020313 0.026042
0 0.952344 0.49375 0.031938 0.038542
0 0.148438 0.502083 0.02687 0.033711
0 0.567187 0.514583 0.018161 0.023679
0 0.798438 0.5375 0.019574 0.023676
0 0.696094 0.551042 0.023227 0.029506
0 0.073438 0.554167 0.019531 0.026042
0 0.357031 0.564583 0.018029 0.025068
0 0.721094 0.573958 0.023526 0.033451
0 0.929688 0.58125 0.028106 0.035108
0 0.040625 0.583333 0.02742 0.034417
0 0.835156 0.605208 0.017438 0.024063
0 0.052344 0.614583 0.025829 0.035543
0 0.528906 0.620833 0.031589 0.039039
0 0.742969 0.666667 0.030821 0.039689
0 0.295312 0.673958 0.031574 0.04301
0 0.120313 0.6875 0.019558 0.02407
0 0.45625 0.698958 0.027468 0.034971
0 0.353906 0.7 0.028106 0.035108
0 0.14375 0.703125 0.025706 0.036613
0 0.167969 0.702083 0.026979 0.035446
0 0.866406 0.711458 0.024652 0.030465
0 0.905469 0.716667 0.019446 0.026546
0 0.758594 0.723958 0.024976 0.033622
0 0.151562 0.726042 0.02569 0.03355
0 0.719531 0.722917 0.018331 0.025253
0 0.840625 0.734375 0.023081 0.032753
0 0.896875 0.755208 0.026257 0.037065
0 0.035937 0.760417 0.021819 0.028356
0 0.771094 0.814583 0.023055 0.030355
0 0.057031 0.8375 0.019733 0.025046
0 0.007925 0.846875 0.01585 0.028159
0 0.782813 0.845833 0.018787 0.026105
0 0.050781 0.854167 0.019119 0.025492
0 0.407031 0.860417 0.025851 0.031388
0 0.25625 0.871875 0.029082 0.037672
0 0.454688 0.866667 0.020058 0.027568
0 0.207813 0.873958 0.029961 0.037346
0 0.098437 0.875 0.028606 0.036385
0 0.341406 0.877083 0.024383 0.031625
0 0.127344 0.875 0.019627 0.024405
0 0.961719 0.880208 0.020147 0.028452
0 0.914844 0.885417 0.023734 0.034584
0 0.314844 0.894792 0.023451 0.027139
0 0.426563 0.901042 0.028506 0.035084
0 0.846875 0.898958 0.02217 0.02922
0 0.798438 0.913542 0.020666 0.028723
0 0.546094 0.915625 0.019627 0.024405
0 0.153906 0.920833 0.026783 0.036354
0 0.973437 0.93125 0.021999 0.028864
0 0.827344 0.932292 0.018976 0.027221
0 0.629687 0.936458 0.02168 0.028193
0 0.711719 0.934375 0.018846 0.02378
0 0.083594 0.939583 0.024377 0.029518
0 0.339062 0.975 0.026275 0.033933
0 0.113281 0.979722 0.064121 0.040556
0 0.641406 0.983834 0.02867 0.032332
0 0.16875 0.985069 0.026715 0.029863
0 0.223438 0.987037 0.028328 0.025927
0 0.5 0.5 1.0 1.0
0 0.5 0.5 1.0 1.0
0 0.5 0.5 1.0 1.0
0 0.5 0.5 1.0 1.0
0 0.5 0.5 1.0 1.0
0 0.5 0.5 1.0 1.0
0 0.5 0.5 1.0 1.0
0 0.5 0.5 1.0 1.0
0 0.5 0.5 1.0 1.0
0 0.5 0.5 1.0 1.0
0 0.5 0.5 1.0 1.0
0 0.5 0.5 1.0 1.0
0 0.5 0.5 1.0 1.0
0 0.5 0.5 1.0 1.0
0 0.5 0.5 1.0 1.0
0 0.5 0.5 1.0 1.0