0 0.884375 0.013943 0.024033 0.027885
0 0.432812 0.025 0.026421 0.033117
0 0.70625 0.051042 0.024043 0.032841
0 0.289844 0.082292 0.021701 0.028014
0 0.839063 0.092708 0.024232 0.03436
0 0.096094 0.107292 0.027787 0.032649
0 0.034375 0.110417 0.027235 0.034462
0 0.164062 0.107292 0.019574 0.023676
0 0.173437 0.116667 0.027395 0.033844
0 0.86875 0.147917 0.0201 0.026364
0 0.534375 0.188542 0.02648 0.033546
0 0.636719 0.2 0.027753 0.034375
0 0.767969 0.23125 0.024669 0.036072
0 0.930469 0.23125 0.019178 0.025168
0 0.017188 0.240625 0.019909 0.025929
0 0.728125 0.253125 0.024043 0.032841
0 0.902344 0.259375 0.025219 0.029986
0 0.625781 0.288542 0.028021 0.035684
0 0.713281 0.317708 0.024384 0.02969
0 0.146094 0.31875 0.022094 0.027539
0 0.655469 0.327083 0.019627 0.024405
0 0.010098 0.357292 0.020197 0.039126
0 0.469531 0.358333 0.030697 0.03507
0 0.864062 0.397917 0.023583 0.030562
0 0.299219 0.407292 0.025183 0.032816
0 0.616406 0.40625 0.021264 0.026134
0 0.498437 0.411458 0.022325 0.028159
0 0.882031 0.430208 0.021339 0.026862
0 0.915625 0.461458 0.022937 0.028155
0 0.41875 0.521875 0.026663 0.030571
0 0.988049 0.525 0.023902 0.033647
0 0.182812 0.554167 0.026416 0.034181
0 0.260937 0.563542 0.026901 0.032323
0 0.061719 0.591667 0.025043 0.028321
0 0.08125 0.595833 0.026175 0.03679
0 0.163281 0.619792 0.025088 0.031317
0 0.286719 0.638542 0.027942 0.033438
0 0.653906 0.647917 0.02479 0.031527
0 0.40625 0.654167 0.026101 0.032719
0 0.974219 0.651042 0.021314 0.02663
0 0.039062 0.654167 0.028133 0.030248
0 0.3125 0.661458 0.023293 0.029834
0 0.282031 0.686458 0.02674 0.030964
0 0.30625 0.6875 0.026491 0.032644
0 0.139063 0.694792 0.023964 0.032621
0 0.557031 0.722917 0.02613 0.038424
0 0.711719 0.757292 0.018442 0.024589
0 0.198437 0.764583 0.020422 0.025409
0 0.369531 0.78125 0.026598 0.034681
0 0.213281 0.804167 0.02732 0.035414
0 0.514844 0.827083 0.023144 0.03231
0 0.957031 0.842708 0.023438 0.034009
0 0.620313 0.847917 0.019893 0.027596
0 0.977344 0.869792 0.025033 0.034809
0 0.132812 0.875 0.022227 0.031837
0 0.153906 0.88125 0.021314 0.02663
0 0.433594 0.896875 0.018442 0.024589
0 0.40625 0.904167 0.027141 0.034876
0 0.796875 0.914583 0.020676 0.026744
0 0.333594 0.923958 0.025084 0.031877
0 0.176563 0.928125 0.031328 0.032052
0 0.288281 0.96875 0.021314 0.02663