0 0.624219 0.026042 0.018773 0.023107
0 0.880469 0.032292 0.018331 0.025253
0 0.864062 0.058333 0.031001 0.038592
0 0.736719 0.058333 0.021241 0.033391
0 0.4625 0.065625 0.019733 0.025046
0 0.635938 0.077083 0.019429 0.026567
0 0.384375 0.080208 0.018773 0.023107
0 0.421094 0.086458 0.018773 0.023107
0 0.621875 0.09375 0.018008 0.02309
0 0.035937 0.113542 0.016702 0.023976
0 0.860156 0.126042 0.019531 0.026042
0 0.369531 0.139583 0.020517 0.029536
0 0.277344 0.164583 0.018939 0.024442
0 0.689063 0.175 0.019574 0.023676
0 0.436719 0.177083 0.0197 0.025227
0 0.177344 0.178125 0.018773 0.023107
0 0.713281 0.179167 0.019558 0.02407
0 0.442188 0.18125 0.021161 0.025349
0 0.280469 0.201042 0.021479 0.027243
0 0.021094 0.205208 0.021479 0.027243
0 0.988281 0.20625 0.022464 0.028723
0 0.142969 0.207292 0.020529 0.025786
0 0.632812 0.209375 0.017759 0.024215
0 0.157031 0.213542 0.018124 0.023544
0 0.586719 0.221875 0.021479 0.027243
0 0.71875 0.229167 0.01971 0.025332
0 0.882031 0.242708 0.027056 0.034291
0 0.386719 0.252083 0.0197 0.025227
0 0.310156 0.257292 0.025032 0.034809
0 0.503125 0.255208 0.018939 0.024442
0 0.552344 0.302083 0.018939 0.024442
0 0.546094 0.31875 0.02479 0.031527
0 0.032031 0.320833 0.020328 0.024087
0 0.553906 0.336458 0.020328 0.024087
0 0.895312 0.341667 0.018773 0.023107
0 0.809375 0.355208 0.02867 0.035498
0 0.560156 0.35625 0.018939 0.024442
0 0.094531 0.369792 0.01882 0.024173
0 0.835938 0.370833 0.018331 0.025253
0 0.484375 0.375 0.023556 0.02766
0 0.254688 0.38125 0.026048 0.031808
0 0.084375 0.384375 0.020697 0.026524
0 0.992642 0.388542 0.014717 0.027568
0 0.527344 0.391667 0.01733 0.02503
0 0.784375 0.391667 0.02077 0.027051
0 0.492969 0.395833 0.01902 0.024748
0 0.53125 0.4125 0.022828 0.027821
0 0.490625 0.423958 0.023718 0.029015
0 0.008941 0.435417 0.017882 0.028014
0 0.44375 0.438542 0.025511 0.032143
0 0.458594 0.452083 0.0197 0.025227
0 0.010937 0.455208 0.018827 0.023629
0 0.591406 0.465625 0.019574 0.023676
0 0.223438 0.469792 0.018442 0.024589
0 0.63125 0.472917 0.023503 0.033898
0 0.154688 0.496875 0.033052 0.048144
0 0.844531 0.501042 0.020328 0.024087
0 0.4 0.50625 0.018561 0.025359
0 0.345313 0.507292 0.019531 0.026042
0 0.492969 0.515625 0.019543 0.023126
0 0.498437 0.519792 0.019178 0.025168
0 0.021094 0.521875 0.018773 0.023107
0 0.603906 0.525 0.018939 0.024442
0 0.366406 0.53125 0.018773 0.023107
0 0.288281 0.538542 0.018008 0.02309
0 0.321875 0.561458 0.018773 0.023107
0 0.409375 0.586458 0.018561 0.025359
0 0.217969 0.616667 0.02032 0.023137
0 0.069531 0.627083 0.01902 0.024748
0 0.153125 0.63125 0.021894 0.026105
0 0.307812 0.644792 0.02393 0.031906
0 0.096875 0.646875 0.018939 0.024442
0 0.982031 0.670833 0.02834 0.035716
0 0.577344 0.679167 0.019178 0.025168
0 0.280469 0.688542 0.023451 0.027139
0 0.492969 0.692708 0.018939 0.024442
0 0.067187 0.7 0.018773 0.023107
0 0.464844 0.702083 0.021264 0.026134
0 0.494531 0.704167 0.019531 0.026042
0 0.5125 0.721875 0.017759 0.024215
0 0.639062 0.74375 0.019925 0.025905
0 0.542969 0.752083 0.018331 0.025253
0 0.575781 0.773958 0.027516 0.034627
0 0.552344 0.772917 0.018008 0.02309
0 0.589844 0.785417 0.017438 0.024063
0 0.432812 0.79375 0.01971 0.025332
0 0.675 0.804167 0.020058 0.027568
0 0.046875 0.80625 0.018773 0.023107
0 0.376563 0.809375 0.019627 0.024405
0 0.585156 0.820833 0.021701 0.028014
0 0.140625 0.820833 0.020416 0.025301
0 0.992518 0.821875 0.014964 0.026389
0 0.41875 0.839583 0.020551 0.027917
0 0.417187 0.851042 0.018939 0.024442
0 0.250781 0.853125 0.017438 0.024063
0 0.510938 0.855208 0.018029 0.025068
0 0.395313 0.859375 0.019792 0.025321
0 0.438281 0.884375 0.021542 0.027554
0 0.810937 0.89375 0.03014 0.03652
0 0.434375 0.9 0.020365 0.027758
0 0.66875 0.93125 0.020529 0.025786
0 0.48125 0.935417 0.019792 0.025321
0 0.726562 0.9375 0.019733 0.025046
0 0.897656 0.951042 0.018442 0.024589
0 0.458594 0.978125 0.026376 0.032785
0 0.546094 0.986577 0.024564 0.026845