0 0.930469 0.05625 0.023878 0.029636
0 0.609375 0.121875 0.021119 0.029767
0 0.884375 0.172917 0.022566 0.031762
0 0.417187 0.217708 0.029501 0.034945
0 0.909375 0.229167 0.023493 0.032412
0 0.824219 0.241667 0.02032 0.023137
0 0.734375 0.258333 0.025685 0.036465
0 0.3 0.340625 0.029808 0.038277
0 0.539062 0.344792 0.024194 0.031024
0 0.528125 0.403125 0.022675 0.024528
0 0.953906 0.407292 0.02203 0.026707
0 0.532031 0.513542 0.021188 0.030341
0 0.920312 0.623958 0.022707 0.026328
0 0.405469 0.683333 0.021726 0.033549
0 0.739844 0.685417 0.020566 0.026042
0 0.689844 0.725 0.023576 0.027289
0 0.310937 0.803125 0.025982 0.033258
0 0.167187 0.807292 0.027152 0.03818
0 0.554688 0.864583 0.023583 0.030562
0 0.035156 0.895833 0.025161 0.033548