0 0.459375 0.016509 0.03218 0.033018
0 0.665625 0.011899 0.022768 0.023798
0 0.658594 0.020833 0.02466 0.031871
0 0.607031 0.028125 0.027817 0.036681
0 0.314844 0.023958 0.018773 0.023107
0 0.511719 0.026042 0.019574 0.023676
0 0.128906 0.041667 0.026159 0.033642
0 0.5875 0.040625 0.020566 0.026042
0 0.45 0.059375 0.025348 0.03196
0 0.642969 0.061458 0.021645 0.030804
0 0.517969 0.063542 0.029207 0.032422
0 0.367188 0.06875 0.030632 0.042283
0 0.489844 0.083333 0.023702 0.033596
0 0.259375 0.096875 0.039522 0.04558
0 0.308594 0.1 0.037256 0.043947
0 0.107031 0.109375 0.027191 0.033238
0 0.420312 0.113542 0.025511 0.032143
0 0.736719 0.115625 0.024533 0.03271
0 0.145313 0.126042 0.026123 0.035908
0 0.449219 0.14375 0.034448 0.0388
0 0.525 0.140625 0.023607 0.028741
0 0.435937 0.14375 0.020493 0.029307
0 0.701562 0.140625 0.019925 0.025905
0 0.167187 0.147917 0.02732 0.035414
0 0.857812 0.145833 0.022883 0.028677
0 0.077344 0.145833 0.0197 0.025227
0 0.639844 0.155208 0.02203 0.026707
0 0.101562 0.175 0.025671 0.033745
0 0.807031 0.176042 0.023385 0.032449
0 0.777344 0.179167 0.02198 0.027324
0 0.075 0.188542 0.025709 0.032024
0 0.519531 0.196875 0.028606 0.036385
0 0.658594 0.190625 0.018773 0.023107
0 0.017969 0.192708 0.02203 0.026707
0 0.988144 0.197917 0.023712 0.035073
0 0.314844 0.202083 0.026477 0.032757
0 0.642969 0.207292 0.022128 0.030307
0 0.129688 0.214583 0.032161 0.035892
0 0.835938 0.214583 0.022828 0.027821
0 0.73125 0.217708 0.01882 0.024173
0 0.1125 0.227083 0.025839 0.039643
0 0.507812 0.226042 0.027953 0.038013
0 0.930469 0.236458 0.020697 0.026524
0 0.385156 0.248958 0.025289 0.031092
0 0.060156 0.25 0.019574 0.023676
0 0.126562 0.25 0.020416 0.025301
0 0.185938 0.257292 0.035971 0.034683
0 0.4625 0.275 0.026742 0.033612
0 0.719531 0.277083 0.021819 0.028356
0 0.944531 0.279167 0.025289 0.031092
0 0.495312 0.285417 0.021669 0.03458
0 0.126562 0.285417 0.028976 0.031606
0 0.744531 0.282292 0.021479 0.027243
0 0.286719 0.290625 0.020537 0.027934
0 0.338281 0.29375 0.019574 0.023676
0 0.549219 0.301042 0.026987 0.033441
0 0.904687 0.302083 0.026621 0.033198
0 0.814063 0.308333 0.020627 0.027503
0 0.833594 0.316667 0.022776 0.032111
0 0.885938 0.313542 0.019909 0.025929
0 0.871094 0.316667 0.020441 0.025129
0 0.446094 0.317708 0.018161 0.023679
0 0.808594 0.330208 0.026313 0.038008
0 0.378125 0.33125 0.026966 0.033171
0 0.707031 0.326042 0.018939 0.024442
0 0.510156 0.329167 0.020566 0.026042
0 0.976562 0.339583 0.020537 0.027934
0 0.819531 0.346875 0.027611 0.037842
0 0.7375 0.348958 0.029962 0.035201
0 0.442188 0.35625 0.033269 0.047431
0 0.385156 0.355208 0.026598 0.034681
0 0.100781 0.355208 0.021978 0.027245
0 0.852344 0.355208 0.021105 0.028403
0 0.908594 0.359375 0.018756 0.022285
0 0.920312 0.360417 0.018773 0.023107
0 0.941406 0.366667 0.020328 0.024087
0 0.13125 0.386458 0.030065 0.044134
0 0.753906 0.386458 0.027611 0.031073
0 0.0875 0.389583 0.02376 0.035586
0 0.532031 0.388542 0.019119 0.025492
0 0.494531 0.389583 0.02168 0.028193
0 0.560156 0.392708 0.0285 0.032729
0 0.989125 0.394792 0.02175 0.031228
0 0.783594 0.396875 0.019429 0.026567
0 0.176563 0.432292 0.019683 0.026728
0 0.957031 0.438542 0.018921 0.024472
0 0.684375 0.451042 0.022111 0.027748
0 0.776563 0.455208 0.023287 0.034879
0 0.366406 0.451042 0.018939 0.024442
0 0.522656 0.457292 0.032926 0.035914
0 0.353906 0.455208 0.017353 0.027093
0 0.752344 0.459375 0.027615 0.034711
0 0.051562 0.467708 0.030887 0.034823
0 0.35625 0.484375 0.04149 0.058187
0 0.657813 0.470833 0.023511 0.028281
0 0.842969 0.470833 0.021819 0.028356
0 0.560156 0.477083 0.021188 0.031523
0 0.614062 0.475 0.022729 0.02728
0 0.39375 0.484375 0.028273 0.03195
0 0.670312 0.509375 0.020566 0.026042
0 0.63125 0.513542 0.01902 0.024748
0 0.676562 0.523958 0.030794 0.041059
0 0.689063 0.51875 0.021243 0.027194
0 0.596875 0.528125 0.019909 0.025929
0 0.4125 0.533333 0.020566 0.026042
0 0.960938 0.534375 0.019531 0.026042
0 0.611719 0.551042 0.026459 0.034522
0 0.38125 0.555208 0.018396 0.030233
0 0.235156 0.559375 0.025273 0.030852
0 0.036719 0.563542 0.028472 0.03641
0 0.625781 0.558333 0.01902 0.024748
0 0.140625 0.565625 0.018939 0.024442
0 0.325 0.573958 0.026045 0.036005
0 0.290625 0.586458 0.025714 0.032015
0 0.959375 0.591667 0.019733 0.025046
0 0.979688 0.60625 0.026033 0.036819
0 0.184375 0.602083 0.020416 0.025301
0 0.689844 0.6125 0.020566 0.026042
0 0.220312 0.616667 0.022868 0.029857
0 0.986719 0.619792 0.02413 0.031832
0 0.710938 0.626042 0.030619 0.034873
0 0.082031 0.628125 0.025636 0.035222
0 0.323437 0.634375 0.020341 0.025073
0 0.647656 0.641667 0.027597 0.033767
0 0.540625 0.645833 0.038849 0.041492
0 0.353906 0.645833 0.025907 0.03371
0 0.754687 0.647917 0.022111 0.027748
0 0.378906 0.655208 0.018029 0.025068
0 0.046094 0.659375 0.025511 0.032143
0 0.547656 0.657292 0.019733 0.025046
0 0.202344 0.660417 0.021314 0.02663
0 0.863281 0.663542 0.018756 0.022285
0 0.159375 0.667708 0.019542 0.02313
0 0.490625 0.6875 0.04286 0.051887
0 0.3625 0.683333 0.021198 0.026257
0 0.835938 0.696875 0.026124 0.031426
0 0.177344 0.710417 0.025095 0.028633
0 0.860156 0.713542 0.019574 0.023676
0 0.269531 0.719792 0.01902 0.024748
0 0.161719 0.738542 0.056415 0.057925
0 0.883594 0.723958 0.021796 0.030069
0 0.932031 0.729167 0.023502 0.033261
0 0.251563 0.727083 0.018756 0.022285
0 0.204687 0.740625 0.031862 0.043987
0 0.807031 0.734375 0.021105 0.028403
0 0.919531 0.738542 0.01971 0.025332
0 0.884375 0.746875 0.030469 0.0375
0 0.596094 0.753125 0.02739 0.040187
0 0.51875 0.757292 0.019574 0.023676
0 0.177344 0.765625 0.021618 0.02791
0 0.722656 0.767708 0.026577 0.033441
0 0.744531 0.772917 0.026026 0.036828
0 0.547656 0.778125 0.030714 0.043027
0 0.286719 0.770833 0.020697 0.026524
0 0.315625 0.771875 0.022815 0.027608
0 0.264062 0.778125 0.026048 0.031808
0 0.198437 0.780208 0.019534 0.022292
0 0.602344 0.79375 0.019574 0.023676
0 0.959375 0.823958 0.037436 0.047156
0 0.2625 0.83125 0.024336 0.03118
0 0.9 0.832292 0.0257 0.033535
0 0.880469 0.832292 0.022006 0.030167
0 0.5375 0.836458 0.018442 0.024589
0 0.2125 0.848958 0.019627 0.024405
0 0.289844 0.85625 0.022094 0.027539
0 0.85 0.867708 0.020046 0.026244
0 0.514062 0.88125 0.026621 0.033198
0 0.282813 0.883333 0.021198 0.026257
0 0.608594 0.885417 0.024436 0.029089
0 0.55 0.883333 0.018773 0.023107
0 0.2625 0.89375 0.025197 0.031603
0 0.370312 0.898958 0.02892 0.034392
0 0.455469 0.908333 0.027558 0.032833
0 0.955469 0.9125 0.023666 0.033336
0 0.432031 0.923958 0.021701 0.028014
0 0.334375 0.946875 0.020341 0.025073
0 0.151562 0.953125 0.020441 0.025129
0 0.089844 0.971875 0.018773 0.023107
0 0.291406 0.978125 0.026195 0.032242
0 0.769531 0.977083 0.02217 0.02922
0 0.177344 0.984375 0.019909 0.025929
0 0.461719 0.986458 0.017438 0.024063