0 0.223438 0.104167 0.026275 0.033933
0 0.489063 0.11875 0.018921 0.024472
0 0.560156 0.120833 0.021161 0.025349
0 0.804688 0.138542 0.023074 0.031044
0 0.183594 0.169792 0.026666 0.03073
0 0.026562 0.197917 0.018773 0.023107
0 0.274219 0.214583 0.027946 0.040076
0 0.35 0.20625 0.020328 0.024087
0 0.614844 0.270833 0.020328 0.024087
0 0.446875 0.2875 0.018756 0.022285
0 0.773438 0.30625 0.024359 0.033115
0 0.175781 0.4 0.028044 0.034063
0 0.507812 0.453125 0.029457 0.036717
0 0.48125 0.452083 0.023533 0.029266
0 0.934375 0.45625 0.023026 0.028919
0 0.741406 0.46875 0.027016 0.037416
0 0.117188 0.480208 0.023533 0.029266
0 0.833594 0.49375 0.024847 0.031127
0 0.495312 0.507292 0.020046 0.026244
0 0.664844 0.529167 0.027611 0.037842
0 0.436719 0.534375 0.02095 0.027383
0 0.336719 0.55625 0.020529 0.025786
0 0.782813 0.559375 0.019925 0.025905
0 0.572656 0.589583 0.023185 0.034666
0 0.469531 0.591667 0.025042 0.032134
0 0.725 0.648958 0.026893 0.038633
0 0.33125 0.648958 0.019574 0.023676
0 0.778906 0.661458 0.020537 0.027934
0 0.158594 0.719792 0.024736 0.032981
0 0.827344 0.770833 0.022643 0.032905
0 0.595313 0.80625 0.02461 0.03379
0 0.647656 0.827083 0.021302 0.02814
0 0.603906 0.832292 0.026159 0.033642
0 0.299219 0.861458 0.025415 0.033069
0 0.710156 0.891667 0.027298 0.035445
0 0.960938 0.904167 0.019531 0.027421
0 0.4125 0.914583 0.025611 0.031936
0 0.0097 0.922917 0.019399 0.033348
0 0.186719 0.940625 0.022447 0.02875