0 0.411719 0.013111 0.021405 0.026221
0 0.464062 0.063542 0.020328 0.024087
0 0.036719 0.076042 0.02397 0.033798
0 0.585156 0.111458 0.021231 0.025776
0 0.745313 0.186458 0.022937 0.028155
0 0.247656 0.263542 0.018161 0.023679
0 0.921875 0.292708 0.022937 0.028155
0 0.45 0.338542 0.019733 0.025046
0 0.951562 0.486458 0.019627 0.024405
0 0.48125 0.5 0.020697 0.026524
0 0.307031 0.516667 0.021479 0.027243
0 0.582031 0.608333 0.024348 0.028789
0 0.025 0.609375 0.026 0.030914
0 0.49375 0.620833 0.022815 0.027608
0 0.757812 0.651042 0.020422 0.025409
0 0.975 0.8 0.018691 0.025445
0 0.899219 0.928125 0.018442 0.024589
0 0.588281 0.960417 0.020811 0.029482