0 0.80625 0.020833 0.019925 0.025905
0 0.464062 0.034375 0.018784 0.026311
0 0.364844 0.054167 0.022776 0.032111
0 0.760938 0.077083 0.023103 0.02886
0 0.292187 0.113542 0.02292 0.033794
0 0.917969 0.128125 0.021479 0.027243
0 0.58125 0.130208 0.020046 0.026244
0 0.008597 0.151042 0.017193 0.025097
0 0.865625 0.160417 0.019574 0.023676
0 0.152344 0.166667 0.018921 0.024472
0 0.673438 0.242708 0.0201 0.026364
0 0.560937 0.25625 0.020697 0.026524
0 0.403906 0.259375 0.019531 0.026042
0 0.722656 0.260417 0.021339 0.026862
0 0.189062 0.267708 0.019909 0.025929
0 0.225 0.271875 0.021894 0.026105
0 0.025781 0.309375 0.020416 0.025301
0 0.673438 0.321875 0.019558 0.02407
0 0.68125 0.323958 0.023227 0.029506
0 0.303906 0.335417 0.021161 0.025349
0 0.695312 0.378125 0.020479 0.026286
0 0.875 0.38125 0.02287 0.028488
0 0.360156 0.421875 0.027389 0.031367
0 0.190625 0.422917 0.023319 0.029672
0 0.058594 0.428125 0.01971 0.025332
0 0.222656 0.429167 0.019884 0.027361
0 0.047656 0.451042 0.020566 0.026042
0 0.453906 0.463542 0.021239 0.025868
0 0.124219 0.471875 0.020328 0.024087
0 0.092969 0.476042 0.018773 0.023107
0 0.213281 0.483333 0.02198 0.027324
0 0.364063 0.50625 0.019792 0.025321
0 0.672656 0.50625 0.018939 0.024442
0 0.348438 0.55625 0.023319 0.029672
0 0.132031 0.55625 0.021819 0.028356
0 0.192188 0.573958 0.019792 0.025321
0 0.303125 0.597917 0.019693 0.024852
0 0.192969 0.626042 0.021701 0.028014
0 0.388281 0.638542 0.027522 0.031911
0 0.696094 0.64375 0.02217 0.02922
0 0.085938 0.652083 0.018756 0.022285
0 0.0625 0.665625 0.020046 0.026244
0 0.008322 0.692708 0.016645 0.026845
0 0.844531 0.7125 0.018008 0.02309
0 0.7375 0.761458 0.027344 0.040598
0 0.885156 0.75625 0.017759 0.024215
0 0.832031 0.815625 0.021804 0.02852
0 0.141406 0.83125 0.020328 0.024087
0 0.605469 0.838542 0.02139 0.029072
0 0.560937 0.870833 0.028557 0.04332
0 0.899219 0.891667 0.026245 0.031768
0 0.228906 0.894792 0.020416 0.025301
0 0.9125 0.907292 0.026072 0.033599
0 0.677344 0.919792 0.021999 0.028864
0 0.8375 0.919792 0.019909 0.025929
0 0.796094 0.935417 0.02168 0.028193
0 0.101562 0.944792 0.019792 0.025321
0 0.339844 0.977878 0.029809 0.044243
0 0.670312 0.970833 0.023592 0.030549
0 0.665625 0.983333 0.022815 0.027608
0 0.863281 0.987182 0.021819 0.025636