0 0.971094 0.060417 0.021804 0.02852
0 0.401562 0.1125 0.01971 0.025332
0 0.299219 0.154167 0.024652 0.030465
0 0.191406 0.157292 0.018756 0.022285
0 0.360938 0.180208 0.025905 0.030541
0 0.082812 0.240625 0.023654 0.029634
0 0.280469 0.336458 0.022209 0.027663
0 0.772656 0.354167 0.021921 0.025381
0 0.559375 0.379167 0.019574 0.023676
0 0.439063 0.403125 0.022937 0.028155
0 0.635938 0.445833 0.021894 0.026105
0 0.121875 0.463542 0.019558 0.02407
0 0.565625 0.482292 0.023583 0.030562
0 0.470313 0.516667 0.019792 0.025321
0 0.032031 0.553125 0.024623 0.030229
0 0.539844 0.610417 0.020697 0.026524
0 0.286719 0.619792 0.024459 0.028776
0 0.0088 0.626042 0.0176 0.023676
0 0.425 0.665625 0.022861 0.027439
0 0.421094 0.682292 0.020341 0.025073
0 0.355469 0.882292 0.026775 0.030454
0 0.46875 0.884375 0.022815 0.027608
0 0.148438 0.938542 0.020091 0.02753
0 0.135156 0.98125 0.021259 0.028345
0 0.657031 0.987931 0.018561 0.024138