0 0.239063 0.017708 0.020566 0.026042
0 0.716406 0.034375 0.018991 0.026389
0 0.823438 0.0625 0.023232 0.0323
0 0.271875 0.105208 0.01971 0.025332
0 0.057031 0.148958 0.018773 0.023107
0 0.115625 0.165625 0.023964 0.032621
0 0.15 0.177083 0.026548 0.037321
0 0.061719 0.175 0.022128 0.030307
0 0.336719 0.173958 0.022766 0.03074
0 0.052344 0.172917 0.018773 0.023107
0 0.683594 0.214583 0.022216 0.029845
0 0.006256 0.229167 0.012511 0.023107
0 0.940625 0.330208 0.023103 0.02886
0 0.482812 0.33125 0.019531 0.026042
0 0.215625 0.332292 0.020371 0.024457
0 0.635938 0.36875 0.024334 0.032184
0 0.241406 0.365625 0.019574 0.023676
0 0.73125 0.40625 0.019574 0.023676
0 0.252344 0.432292 0.018939 0.024442
0 0.6 0.438542 0.032844 0.028849
0 0.880469 0.464583 0.02456 0.029745
0 0.442969 0.501042 0.022152 0.027355
0 0.682031 0.50625 0.027905 0.034571
0 0.963281 0.515625 0.020566 0.026042
0 0.171875 0.539583 0.019084 0.024921
0 0.085156 0.540625 0.021314 0.02663
0 0.217188 0.55 0.01971 0.025332
0 0.625 0.566667 0.022937 0.028155
0 0.9875 0.569792 0.023878 0.029636
0 0.23125 0.61875 0.026686 0.031536
0 0.574219 0.645833 0.024976 0.033622
0 0.692187 0.651042 0.023906 0.033448
0 0.632812 0.671875 0.022883 0.028677
0 0.987912 0.696875 0.024176 0.032757
0 0.410156 0.733333 0.018939 0.024442
0 0.263281 0.7375 0.018827 0.023629
0 0.988786 0.758333 0.022428 0.033377
0 0.091406 0.7875 0.020341 0.025073
0 0.027344 0.802083 0.021999 0.028864
0 0.024219 0.817708 0.021658 0.029319
0 0.55 0.840625 0.019868 0.025663
0 0.141406 0.872917 0.021989 0.028877
0 0.613281 0.884375 0.018939 0.024442
0 0.829688 0.940625 0.023026 0.028919
0 0.095312 0.965625 0.023103 0.02886