0 0.040625 0.017839 0.030086 0.035679
0 0.480469 0.057292 0.018406 0.026178
0 0.785937 0.064583 0.019558 0.02407
0 0.530469 0.147917 0.025589 0.035797
0 0.841406 0.15 0.017438 0.024063
0 0.074219 0.178125 0.018756 0.022285
0 0.752344 0.241667 0.027016 0.037416
0 0.491406 0.31875 0.031744 0.040852
0 0.211719 0.363542 0.018827 0.023629
0 0.620313 0.414583 0.032998 0.039856
0 0.722656 0.453125 0.01882 0.024173
0 0.726562 0.458333 0.018756 0.022285
0 0.233594 0.465625 0.018331 0.025253
0 0.332031 0.482292 0.020341 0.025073
0 0.363281 0.484375 0.021658 0.029319
0 0.35 0.539583 0.032516 0.042648
0 0.885938 0.552083 0.019574 0.023676
0 0.540625 0.608333 0.019638 0.024534
0 0.967969 0.6125 0.017759 0.024215
0 0.415625 0.686458 0.017438 0.024063
0 0.746875 0.7125 0.018442 0.024589
0 0.745313 0.738542 0.03425 0.043527
0 0.761719 0.803125 0.022418 0.029062
0 0.533594 0.80625 0.018876 0.02557
0 0.73125 0.898958 0.017759 0.024215
0 0.592969 0.920833 0.022017 0.028277
0 0.571094 0.945833 0.028268 0.034657