0 0.807031 0.053125 0.021198 0.026257
0 0.365625 0.085417 0.022945 0.029561
0 0.896094 0.104167 0.021618 0.02791
0 0.592969 0.121875 0.019638 0.024534
0 0.840625 0.122917 0.019714 0.027305
0 0.425 0.125 0.019925 0.025905
0 0.607812 0.152083 0.019925 0.025905
0 0.097656 0.164583 0.021618 0.02791
0 0.798438 0.16875 0.022815 0.027608
0 0.553125 0.172917 0.022128 0.030307
0 0.596094 0.208333 0.023161 0.029971
0 0.703906 0.217708 0.019574 0.023676
0 0.710938 0.227083 0.018773 0.023107
0 0.860938 0.248958 0.023293 0.029834
0 0.057813 0.271875 0.018756 0.022285
0 0.536719 0.277083 0.024794 0.030839
0 0.160156 0.28125 0.021978 0.027245
0 0.39375 0.2875 0.029056 0.032911
0 0.029687 0.35625 0.023026 0.028919
0 0.835156 0.357292 0.018939 0.024442
0 0.759375 0.367708 0.019178 0.025168
0 0.439063 0.4125 0.026848 0.034118
0 0.826562 0.453125 0.019531 0.027421
0 0.244531 0.4625 0.021701 0.028014
0 0.453906 0.471875 0.025084 0.031877
0 0.965625 0.489583 0.020231 0.026656
0 0.786719 0.488542 0.018008 0.02309
0 0.492188 0.5125 0.019909 0.025929
0 0.692187 0.520833 0.023293 0.029834
0 0.470313 0.547917 0.02588 0.029593
0 0.464844 0.558333 0.026783 0.030209
0 0.878125 0.586458 0.02545 0.035034
0 0.967969 0.59375 0.020566 0.026042
0 0.648438 0.614583 0.020627 0.027503
0 0.099219 0.654167 0.021239 0.025868
0 0.900781 0.669792 0.020654 0.029458
0 0.682813 0.686458 0.020676 0.026744
0 0.8125 0.703125 0.022883 0.028677
0 0.125781 0.744792 0.022489 0.033625
0 0.069531 0.766667 0.024539 0.029349
0 0.885938 0.814583 0.019792 0.025321
0 0.378906 0.861458 0.021804 0.02852
0 0.332031 0.866667 0.024652 0.030465
0 0.573438 0.865625 0.019925 0.025905
0 0.528125 0.89375 0.022731 0.029504
0 0.827344 0.907292 0.019531 0.026042
0 0.251563 0.9125 0.020697 0.026524
0 0.289844 0.955208 0.02269 0.029686
0 0.040625 0.978125 0.025124 0.02956