0 0.877344 0.022917 0.023451 0.027139
0 0.990562 0.057292 0.018876 0.030307
0 0.971094 0.139583 0.025243 0.032454
0 0.397656 0.142708 0.024578 0.029591
0 0.919531 0.263542 0.022026 0.030025
0 0.361719 0.332292 0.019531 0.026042
0 0.453906 0.336458 0.021339 0.026862
0 0.70625 0.344792 0.023026 0.028919
0 0.199219 0.380208 0.022578 0.031994
0 0.340625 0.465625 0.022128 0.030307
0 0.079687 0.588542 0.023026 0.028919
0 0.435156 0.598958 0.021701 0.028014
0 0.886719 0.717708 0.021796 0.02989
0 0.34375 0.720833 0.018756 0.022285
0 0.750781 0.808333 0.02168 0.028193
0 0.061719 0.873958 0.021339 0.026862
0 0.125781 0.902083 0.020328 0.024087
0 0.425 0.923958 0.020537 0.027934
0 0.835156 0.9375 0.035296 0.037304