0 0.390625 0.051042 0.019429 0.026567
0 0.788281 0.055208 0.018939 0.024442
0 0.786719 0.138542 0.024436 0.029089
0 0.9 0.180208 0.024309 0.027699
0 0.0125 0.209375 0.024471 0.031548
0 0.378125 0.214583 0.023556 0.02766
0 0.765625 0.252083 0.02984 0.037433
0 0.55625 0.28125 0.023503 0.033898
0 0.928906 0.314583 0.018939 0.024442
0 0.209375 0.386458 0.022995 0.03066
0 0.267188 0.391667 0.018773 0.023107
0 0.686719 0.471875 0.021542 0.027554
0 0.033594 0.488542 0.025161 0.030661
0 0.911719 0.523958 0.027371 0.033966
0 0.440625 0.567708 0.026593 0.033416
0 0.596875 0.716667 0.026281 0.032051
0 0.8625 0.741667 0.027446 0.035786
0 0.549219 0.746875 0.018939 0.024442
0 0.280469 0.9 0.027612 0.032177
0 0.898438 0.961458 0.022017 0.028277