0 0.836719 0.036458 0.021314 0.02663
0 0.039062 0.053125 0.019574 0.023676
0 0.785156 0.0875 0.027678 0.033246
0 0.552344 0.139583 0.026 0.030914
0 0.920312 0.142708 0.019792 0.025321
0 0.210156 0.163542 0.026548 0.037321
0 0.714063 0.175 0.023438 0.034009
0 0.738281 0.182292 0.021314 0.02663
0 0.257031 0.195833 0.022464 0.028723
0 0.783594 0.208333 0.018939 0.024442
0 0.450781 0.217708 0.024242 0.035869
0 0.410938 0.255208 0.020676 0.026744
0 0.671875 0.292708 0.026072 0.033599
0 0.942969 0.3 0.021796 0.02989
0 0.822656 0.323958 0.02464 0.031651
0 0.366406 0.326042 0.026689 0.03168
0 0.192969 0.333333 0.02525 0.032349
0 0.696875 0.371875 0.019733 0.025046
0 0.202344 0.383333 0.026823 0.032782
0 0.2125 0.401042 0.027491 0.033647
0 0.9 0.432292 0.022455 0.035659
0 0.323437 0.452083 0.022758 0.030751
0 0.703125 0.465625 0.027142 0.034874
0 0.010938 0.465625 0.018939 0.024442
0 0.758594 0.46875 0.020231 0.026656
0 0.498437 0.470833 0.020231 0.026656
0 0.789062 0.511458 0.026041 0.030394
0 0.159375 0.539583 0.025957 0.03004
0 0.463281 0.569792 0.027826 0.033764
0 0.900781 0.578125 0.020566 0.026042
0 0.654687 0.584375 0.021701 0.028014
0 0.153906 0.586458 0.019627 0.024405
0 0.449219 0.590625 0.021542 0.027554
0 0.285938 0.591667 0.023597 0.02855
0 0.74375 0.639583 0.020479 0.026286
0 0.063281 0.657292 0.024436 0.029089
0 0.552344 0.6625 0.028106 0.035108
0 0.646094 0.684375 0.024564 0.030774
0 0.759375 0.713542 0.02413 0.031832
0 0.930469 0.765625 0.024318 0.031312
0 0.160938 0.798958 0.01971 0.025332
0 0.378906 0.811458 0.02863 0.039781
0 0.659375 0.811458 0.017759 0.024215
0 0.044531 0.821875 0.024818 0.032596
0 0.011613 0.830208 0.023226 0.029591
0 0.910156 0.832292 0.021479 0.027243
0 0.746875 0.842708 0.01902 0.024748
0 0.440625 0.870833 0.032372 0.036124
0 0.136719 0.880208 0.027159 0.033292
0 0.620313 0.91875 0.026666 0.03073
0 0.596094 0.983333 0.019574 0.023676