0 0.740625 0.072917 0.019627 0.024405
0 0.549219 0.078125 0.021131 0.02449
0 0.044531 0.090625 0.018442 0.024589
0 0.233594 0.101042 0.019178 0.025168
0 0.89375 0.105208 0.019574 0.023676
0 0.653906 0.113542 0.018939 0.024442
0 0.474219 0.117708 0.021239 0.025868
0 0.580469 0.129167 0.017759 0.024215
0 0.321875 0.145833 0.019574 0.023676
0 0.23125 0.160417 0.018756 0.022285
0 0.501563 0.176042 0.020566 0.026042
0 0.709375 0.197917 0.019683 0.026728
0 0.260937 0.240625 0.019627 0.024405
0 0.353125 0.264583 0.02032 0.023137
0 0.660156 0.291667 0.026136 0.034848
0 0.321875 0.289583 0.019768 0.025593
0 0.973437 0.303125 0.019733 0.025046
0 0.667969 0.313542 0.021161 0.025349
0 0.928906 0.31875 0.018827 0.023629
0 0.802344 0.321875 0.021198 0.026257
0 0.525781 0.363542 0.024535 0.029481
0 0.011719 0.380208 0.019574 0.023676
0 0.384375 0.395833 0.019792 0.025321
0 0.6625 0.402083 0.026376 0.032785
0 0.789062 0.4 0.019627 0.024405
0 0.460938 0.4875 0.019733 0.025046
0 0.217188 0.495833 0.022758 0.030751
0 0.351562 0.5 0.020479 0.026286
0 0.9875 0.53125 0.018756 0.022285
0 0.196094 0.580208 0.018939 0.024442
0 0.373437 0.601042 0.023319 0.029672
0 0.396875 0.61875 0.029619 0.041462
0 0.09375 0.621875 0.025695 0.034958
0 0.174219 0.620833 0.020801 0.028133
0 0.499219 0.640625 0.020328 0.024087
0 0.496875 0.658333 0.019574 0.023676
0 0.779687 0.664583 0.020416 0.025301
0 0.811719 0.667708 0.024635 0.033885
0 0.929688 0.666667 0.025877 0.028184
0 0.664844 0.671875 0.024578 0.029591
0 0.659375 0.711458 0.023461 0.030231
0 0.707812 0.7125 0.020046 0.026244
0 0.9625 0.713542 0.019574 0.023676
0 0.514062 0.726042 0.01971 0.025332
0 0.861719 0.734375 0.018442 0.024589
0 0.857031 0.745833 0.021479 0.027243
0 0.35625 0.764583 0.018773 0.023107
0 0.829688 0.779167 0.026166 0.030931
0 0.838281 0.78125 0.018561 0.025359
0 0.048438 0.817708 0.02374 0.032623
0 0.940625 0.834375 0.019429 0.026567
0 0.529687 0.841667 0.025343 0.032814
0 0.888281 0.836458 0.018756 0.022285
0 0.98978 0.853125 0.020439 0.026042
0 0.926562 0.878125 0.019925 0.025905
0 0.151562 0.895833 0.020866 0.027821
0 0.273438 0.9 0.019733 0.025046
0 0.720313 0.938542 0.024211 0.032811
0 0.215625 0.94375 0.019925 0.025905
0 0.467187 0.951042 0.019792 0.025321