0 0.4625 0.022917 0.019627 0.024405
0 0.8875 0.053125 0.022067 0.026726
0 0.523438 0.086458 0.019574 0.023676
0 0.553125 0.090625 0.02168 0.028193
0 0.267188 0.094792 0.022729 0.02728
0 0.15 0.095833 0.02198 0.027324
0 0.591406 0.104167 0.021701 0.028014
0 0.222656 0.121875 0.022911 0.031609
0 0.529687 0.120833 0.018773 0.023107
0 0.99081 0.123958 0.018381 0.023676
0 0.317188 0.134375 0.022828 0.027821
0 0.096875 0.163542 0.024669 0.036072
0 0.521094 0.232292 0.022128 0.030307
0 0.7125 0.241667 0.027905 0.034571
0 0.657813 0.277083 0.019638 0.024534
0 0.269531 0.3 0.02714 0.033665
0 0.897656 0.321875 0.018161 0.023679
0 0.100781 0.369792 0.018756 0.022285
0 0.88125 0.398958 0.023931 0.031351
0 0.560937 0.398958 0.019909 0.025929
0 0.432812 0.419792 0.02648 0.033546
0 0.364063 0.422917 0.027597 0.033767
0 0.48125 0.508333 0.026114 0.032925
0 0.242188 0.552083 0.019893 0.027596
0 0.238281 0.579167 0.020811 0.029482
0 0.746875 0.607292 0.019574 0.023676
0 0.721875 0.611458 0.023821 0.030088
0 0.071094 0.623958 0.027522 0.031911
0 0.41875 0.633333 0.026101 0.032719
0 0.760156 0.675 0.024982 0.033615
0 0.773438 0.684375 0.020537 0.027934
0 0.363281 0.703125 0.022242 0.030281
0 0.695312 0.705208 0.023476 0.030208
0 0.225 0.719792 0.020529 0.025786
0 0.786719 0.751042 0.018161 0.023679
0 0.778125 0.778125 0.023227 0.029506
0 0.699219 0.792708 0.021701 0.028014
0 0.403906 0.803125 0.026376 0.032785
0 0.226562 0.828125 0.021701 0.028014
0 0.916406 0.876042 0.021701 0.028014
0 0.507812 0.892708 0.025333 0.031738
0 0.086719 0.917708 0.021804 0.02852
0 0.311719 0.921875 0.022393 0.030491
0 0.091406 0.932292 0.020697 0.026524
0 0.961719 0.955208 0.021989 0.028877
0 0.909375 0.9625 0.020537 0.027934