0 0.378125 0.010013 0.023654 0.020026
0 0.792188 0.01076 0.022971 0.021521
0 0.639062 0.05 0.019638 0.024534
0 0.583594 0.058333 0.021618 0.02791
0 0.975 0.077083 0.023103 0.02886
0 0.071094 0.133333 0.023771 0.032677
0 0.471875 0.15 0.020697 0.026524
0 0.938281 0.154167 0.021796 0.02989
0 0.847656 0.177083 0.022094 0.027539
0 0.651563 0.183333 0.023103 0.02886
0 0.700781 0.188542 0.024425 0.030612
0 0.008988 0.192708 0.017976 0.027139
0 0.013281 0.277083 0.025581 0.039888
0 0.099219 0.305208 0.019574 0.023676
0 0.470313 0.315625 0.026402 0.034282
0 0.103125 0.315625 0.023491 0.027306
0 0.782813 0.321875 0.021243 0.027194
0 0.114844 0.342708 0.021314 0.02663
0 0.029687 0.351042 0.018008 0.02309
0 0.989432 0.35625 0.021136 0.031877
0 0.167187 0.410417 0.022558 0.029051
0 0.38125 0.436458 0.022731 0.029504
0 0.353906 0.44375 0.024631 0.032058
0 0.226562 0.444792 0.022937 0.028155
0 0.279687 0.457292 0.034836 0.0378
0 0.229687 0.455208 0.028196 0.029106
0 0.874219 0.532292 0.023447 0.026119
0 0.33125 0.558333 0.024516 0.030178
0 0.142969 0.595833 0.025935 0.028892
0 0.93125 0.601042 0.026281 0.032051
0 0.123438 0.629167 0.02306 0.029195
0 0.778906 0.63125 0.024436 0.029089
0 0.564844 0.638542 0.024188 0.03293
0 0.189062 0.701042 0.026124 0.031426
0 0.953906 0.707292 0.021542 0.027554
0 0.903125 0.741667 0.025513 0.033411
0 0.545312 0.745833 0.02563 0.031709
0 0.990335 0.775 0.01933 0.025929
0 0.666406 0.814583 0.027816 0.035248
0 0.127344 0.853125 0.026608 0.034667
0 0.214844 0.864583 0.021542 0.029952
0 0.147656 0.892708 0.027887 0.035516
0 0.171875 0.892708 0.026901 0.032323
0 0.833594 0.896875 0.027472 0.035676
0 0.764062 0.911458 0.020046 0.026244
0 0.789062 0.934375 0.019925 0.025905
0 0.10625 0.944792 0.023319 0.029672
0 0.117969 0.976042 0.021479 0.027243
0 0.596094 0.982292 0.025002 0.031555