0 0.772656 0.023958 0.021542 0.027554
0 0.941406 0.026042 0.022971 0.028458
0 0.200781 0.028125 0.024535 0.029481
0 0.467187 0.190625 0.022665 0.025104
0 0.6125 0.201042 0.019531 0.026042
0 0.180469 0.221875 0.02269 0.029686
0 0.742188 0.23125 0.021876 0.022301
0 0.946875 0.269792 0.02229 0.030836
0 0.304688 0.542708 0.023607 0.028741
0 0.444531 0.608333 0.023771 0.032677
0 0.790625 0.625 0.026593 0.033416
0 0.157812 0.6375 0.022707 0.026328
0 0.891406 0.760417 0.0197 0.025227
0 0.189062 0.770833 0.018161 0.023679
0 0.359375 0.821875 0.025081 0.027379
0 0.367969 0.898958 0.025467 0.03084
0 0.910937 0.971875 0.019876 0.029385