0 0.610938 0.008409 0.020416 0.016817
0 0.383594 0.017708 0.021618 0.02791
0 0.842187 0.021875 0.021902 0.027122
0 0.547656 0.032292 0.028944 0.032402
0 0.13125 0.030208 0.023718 0.029015
0 0.888281 0.0375 0.020328 0.024087
0 0.653125 0.055208 0.018561 0.025359
0 0.533594 0.096875 0.029228 0.035147
0 0.696875 0.092708 0.022729 0.02728
0 0.592969 0.094792 0.021999 0.028864
0 0.109375 0.111458 0.020339 0.023705
0 0.353906 0.113542 0.021999 0.028864
0 0.046094 0.132292 0.021479 0.027243
0 0.420312 0.132292 0.020416 0.025301
0 0.959375 0.166667 0.022729 0.02728
0 0.7625 0.185417 0.019909 0.025929
0 0.896875 0.185417 0.0201 0.026364
0 0.134375 0.210417 0.026221 0.032529
0 0.957812 0.235417 0.037169 0.039191
0 0.627344 0.258333 0.020328 0.024087
0 0.216406 0.292708 0.019638 0.024534
0 0.640625 0.327083 0.022729 0.02728
0 0.536719 0.344792 0.024359 0.033115
0 0.047656 0.346875 0.025219 0.029986
0 0.390625 0.353125 0.027344 0.036458
0 0.651563 0.347917 0.020566 0.026042
0 0.991741 0.352083 0.016519 0.027934
0 0.733594 0.364583 0.022226 0.031538
0 0.667188 0.401042 0.018876 0.02557
0 0.15 0.420833 0.02365 0.028234
0 0.626563 0.430208 0.019071 0.027215
0 0.492188 0.432292 0.022758 0.030751
0 0.045312 0.45625 0.026273 0.033081
0 0.365625 0.464583 0.029691 0.036383
0 0.391406 0.480208 0.029575 0.039209
0 0.010976 0.476042 0.021952 0.026707
0 0.420312 0.483333 0.027056 0.034291
0 0.127344 0.494792 0.026 0.030914
0 0.294531 0.494792 0.0223 0.028345
0 0.457031 0.497917 0.021796 0.02989
0 0.649219 0.530208 0.018773 0.023107
0 0.707031 0.5375 0.021648 0.029332
0 0.134375 0.551042 0.026983 0.03986
0 0.189062 0.563542 0.018827 0.023629
0 0.186719 0.58125 0.020416 0.025301
0 0.396094 0.591667 0.022669 0.026114
0 0.3625 0.605208 0.023319 0.029672
0 0.084375 0.621875 0.022545 0.030524
0 0.240625 0.65625 0.026389 0.034301
0 0.457031 0.705208 0.022758 0.028319
0 0.578906 0.707292 0.02143 0.027648
0 0.1625 0.734375 0.020938 0.027401
0 0.204687 0.755208 0.028356 0.038278
0 0.34375 0.770833 0.020416 0.025301
0 0.55 0.788542 0.027593 0.0349
0 0.205469 0.794792 0.021804 0.02852
0 0.889844 0.81875 0.02486 0.031
0 0.34375 0.836458 0.019558 0.02407
0 0.226562 0.863542 0.027525 0.035305
0 0.500781 0.889583 0.027003 0.034726
0 0.449219 0.888542 0.021542 0.027554
0 0.460156 0.889583 0.022551 0.029062
0 0.122656 0.904167 0.022675 0.027132
0 0.228125 0.90625 0.021819 0.028356
0 0.590625 0.927083 0.02317 0.029214
0 0.180469 0.935417 0.02537 0.032683
0 0.445312 0.936458 0.019733 0.025046
0 0.771094 0.94375 0.021989 0.028877
0 0.70625 0.98811 0.019683 0.023781