0 0.041406 0.038542 0.022418 0.029062
0 0.336719 0.051042 0.025243 0.032454
0 0.288281 0.066667 0.027422 0.038785
0 0.033594 0.10625 0.018008 0.02309
0 0.584375 0.128125 0.020566 0.026042
0 0.042969 0.146875 0.020566 0.026042
0 0.425 0.217708 0.019531 0.026042
0 0.242188 0.221875 0.023026 0.028919
0 0.360156 0.245833 0.025086 0.031874
0 0.185156 0.25625 0.024447 0.033091
0 0.977344 0.378125 0.021264 0.026134
0 0.771875 0.414583 0.019627 0.024405
0 0.729688 0.422917 0.018773 0.023107
0 0.721094 0.447917 0.022849 0.032869
0 0.738281 0.455208 0.021819 0.028356
0 0.842969 0.4625 0.024679 0.030191
0 0.982812 0.46875 0.021894 0.026105
0 0.110156 0.513542 0.02118 0.025185
0 0.107031 0.530208 0.026666 0.03073
0 0.972656 0.534375 0.027563 0.031327
0 0.521875 0.536458 0.020801 0.028133
0 0.510156 0.548958 0.025161 0.030661
0 0.976562 0.551042 0.019909 0.025929
0 0.676562 0.592708 0.026363 0.038514
0 0.61875 0.614583 0.023786 0.032659
0 0.808594 0.622917 0.021999 0.028864
0 0.572656 0.628125 0.023908 0.033445
0 0.541406 0.64375 0.021819 0.028356
0 0.7875 0.646875 0.020676 0.026744
0 0.954688 0.728125 0.023518 0.02672
0 0.01875 0.74375 0.022758 0.030751
0 0.217969 0.757292 0.025343 0.032814
0 0.888281 0.76875 0.026175 0.03679
0 0.202344 0.782292 0.021701 0.028014
0 0.865625 0.821875 0.026593 0.033416
0 0.925781 0.822917 0.022138 0.032503
0 0.526563 0.842708 0.024335 0.036132
0 0.577344 0.845833 0.021239 0.025868
0 0.225 0.8625 0.024359 0.033115
0 0.85 0.903125 0.030928 0.050849
0 0.551562 0.909375 0.026015 0.034015
0 0.378125 0.986954 0.023931 0.026092