0 0.548438 0.014583 0.020697 0.026524
0 0.925 0.0375 0.019574 0.023676
0 0.917969 0.048958 0.017438 0.024063
0 0.602344 0.067708 0.038564 0.051645
0 0.325 0.066667 0.018756 0.022285
0 0.858594 0.072917 0.02466 0.031871
0 0.764062 0.090625 0.027468 0.034971
0 0.450781 0.119792 0.018756 0.022285
0 0.523438 0.154167 0.026833 0.03299
0 0.071875 0.158333 0.03022 0.038725
0 0.645312 0.208333 0.043157 0.051097
0 0.728125 0.204167 0.020416 0.025301
0 0.664844 0.208333 0.017759 0.024215
0 0.939844 0.209375 0.018773 0.023107
0 0.682031 0.223958 0.021264 0.026134
0 0.403125 0.2375 0.032128 0.037752
0 0.727344 0.241667 0.024535 0.029481
0 0.625 0.253125 0.035716 0.04809
0 0.289062 0.25 0.028373 0.036894
0 0.5875 0.251042 0.022937 0.028155
0 0.771875 0.267708 0.026275 0.032061
0 0.217969 0.273958 0.024341 0.028597
0 0.379688 0.283333 0.030097 0.034045
0 0.771875 0.289583 0.02306 0.029195
0 0.278125 0.320833 0.029113 0.034806
0 0.576562 0.326042 0.037502 0.046388
0 0.619531 0.339583 0.024101 0.03339
0 0.841406 0.345833 0.022815 0.027608
0 0.342187 0.354167 0.03264 0.04078
0 0.270313 0.375 0.018161 0.023679
0 0.067187 0.388542 0.026026 0.036828
0 0.169531 0.423958 0.019574 0.023676
0 0.496875 0.430208 0.019638 0.024534
0 0.367969 0.448958 0.037257 0.048576
0 0.952344 0.45625 0.019627 0.024405
0 0.895312 0.473958 0.022883 0.028677
0 0.4 0.483333 0.021448 0.030739
0 0.670312 0.4875 0.024293 0.036833
0 0.100781 0.507292 0.024652 0.030465
0 0.815625 0.529167 0.019733 0.025046
0 0.398438 0.545833 0.031906 0.03972
0 0.064844 0.552083 0.026061 0.032032
0 0.04375 0.591667 0.030915 0.040125
0 0.199219 0.617708 0.021239 0.025868
0 0.259375 0.630208 0.035355 0.040187
0 0.142969 0.641667 0.031146 0.039183
0 0.189844 0.642708 0.019574 0.023676
0 0.045312 0.653125 0.028691 0.041226
0 0.629687 0.657292 0.023293 0.029834
0 0.190625 0.660417 0.018161 0.023679
0 0.052344 0.686458 0.036806 0.045195
0 0.852344 0.688542 0.026952 0.035557
0 0.783594 0.711458 0.021727 0.028969
0 0.057031 0.73125 0.030111 0.041853
0 0.835156 0.74375 0.021264 0.026134
0 0.95625 0.747917 0.027027 0.036869
0 0.566406 0.759375 0.032279 0.041966
0 0.475781 0.761458 0.021198 0.026257
0 0.591406 0.770833 0.022558 0.029051
0 0.348438 0.8 0.01971 0.025332
0 0.753906 0.820833 0.020697 0.026524
0 0.8125 0.828125 0.029435 0.036442
0 0.339844 0.861458 0.025424 0.031337
0 0.449219 0.861458 0.01971 0.025332
0 0.5625 0.86875 0.026966 0.033171
0 0.503906 0.872917 0.030554 0.034608
0 0.35 0.870833 0.020676 0.026744
0 0.734375 0.876042 0.02714 0.033665
0 0.920312 0.895833 0.025477 0.035
0 0.325 0.892708 0.018999 0.02628
0 0.132812 0.905208 0.019768 0.025593
0 0.578125 0.9375 0.030084 0.035656
0 0.330469 0.967708 0.029328 0.036983
0 0.895312 0.96875 0.026159 0.03105
0 0.771094 0.969792 0.017317 0.024011
0 0.098437 0.973958 0.021243 0.027194
0 0.042188 0.980208 0.020537 0.027934
0 0.7625 0.986791 0.024496 0.026417