0 0.721094 0.04375 0.022128 0.030307
0 0.142969 0.058333 0.019531 0.026042
0 0.863281 0.061458 0.027672 0.036151
0 0.984375 0.0625 0.026491 0.032644
0 0.916406 0.070833 0.024011 0.034285
0 0.25625 0.071875 0.025938 0.031646
0 0.682031 0.067708 0.017438 0.024063
0 0.160156 0.076042 0.022374 0.031728
0 0.413281 0.071875 0.018161 0.023679
0 0.696094 0.085417 0.025695 0.034958
0 0.85625 0.083333 0.019574 0.023676
0 0.798438 0.0875 0.019909 0.025929
0 0.759375 0.0875 0.019638 0.024534
0 0.536719 0.101042 0.020231 0.026656
0 0.805469 0.10625 0.026613 0.04041
0 0.814063 0.098958 0.020566 0.026042
0 0.203906 0.127083 0.025424 0.031337
0 0.863281 0.132292 0.018773 0.023107
0 0.364844 0.139583 0.02198 0.027324
0 0.738281 0.148958 0.032363 0.03477
0 0.875781 0.151042 0.021999 0.028864
0 0.803906 0.159375 0.018161 0.023679
0 0.006282 0.169792 0.012563 0.02557
0 0.594531 0.173958 0.024384 0.02969
0 0.667188 0.18125 0.030003 0.036118
0 0.114844 0.1875 0.021314 0.02663
0 0.710938 0.189583 0.022017 0.028277
0 0.489844 0.203125 0.025552 0.033182
0 0.6 0.202083 0.020479 0.026286
0 0.775 0.217708 0.026075 0.034418
0 0.591406 0.233333 0.018876 0.02557
0 0.68125 0.233333 0.021978 0.027245
0 0.629687 0.240625 0.021259 0.029733
0 0.203125 0.244792 0.01971 0.025332
0 0.353125 0.25 0.019638 0.024534
0 0.985156 0.263542 0.02168 0.028193
0 0.045312 0.263542 0.018939 0.024442
0 0.905469 0.26875 0.018442 0.024589
0 0.10625 0.273958 0.019574 0.023676
0 0.209375 0.294792 0.020566 0.026042
0 0.339062 0.298958 0.020134 0.027719
0 0.455469 0.301042 0.025541 0.034209
0 0.725 0.313542 0.025949 0.029877
0 0.585938 0.320833 0.027099 0.03509
0 0.2125 0.317708 0.020566 0.026042
0 0.223438 0.326042 0.023293 0.029834
0 0.209375 0.330208 0.026389 0.034301
0 0.505469 0.345833 0.025552 0.033182
0 0.909375 0.351042 0.01971 0.025332
0 0.466406 0.360417 0.021804 0.02852
0 0.925781 0.364583 0.025086 0.031874
0 0.405469 0.365625 0.018756 0.022285
0 0.072656 0.372917 0.018331 0.025253
0 0.653125 0.378125 0.027605 0.033962
0 0.13125 0.389583 0.026642 0.029619
0 0.960156 0.395833 0.025552 0.033182
0 0.542188 0.408333 0.028495 0.03856
0 0.6875 0.411458 0.023345 0.03313
0 0.657813 0.413542 0.017759 0.024215
0 0.567187 0.414583 0.019574 0.023676
0 0.296875 0.43125 0.02867 0.035498
0 0.9625 0.439583 0.022929 0.03555
0 0.835938 0.463542 0.026 0.035478
0 0.914844 0.464583 0.024384 0.02969
0 0.309375 0.471875 0.023319 0.029672
0 0.572656 0.470833 0.020566 0.026042
0 0.978125 0.475 0.021902 0.027122
0 0.915625 0.475 0.018921 0.024472
0 0.892188 0.491667 0.025424 0.031337
0 0.321875 0.5 0.024359 0.033115
0 0.375 0.508333 0.019925 0.025905
0 0.027344 0.511458 0.02197 0.025832
0 0.670312 0.510417 0.019574 0.023676
0 0.811719 0.516667 0.027753 0.032981
0 0.878906 0.513542 0.021796 0.02989
0 0.423438 0.51875 0.028598 0.034664
0 0.375 0.51875 0.0201 0.026364
0 0.227344 0.525 0.021479 0.027243
0 0.399219 0.526042 0.019574 0.023676
0 0.403125 0.532292 0.020938 0.027401
0 0.860938 0.535417 0.026124 0.031426
0 0.951562 0.539583 0.023161 0.029971
0 0.683594 0.54375 0.025905 0.033963
0 0.89375 0.55 0.020811 0.029482
0 0.942187 0.551042 0.025887 0.034069
0 0.811719 0.55625 0.025086 0.031874
0 0.563281 0.555208 0.021314 0.02663
0 0.324219 0.563542 0.027753 0.032981
0 0.863281 0.560417 0.021819 0.028356
0 0.253906 0.5625 0.01971 0.025332
0 0.183594 0.565625 0.021618 0.02791
0 0.63125 0.570833 0.019733 0.025046
0 0.153906 0.572917 0.020697 0.026524
0 0.355469 0.577083 0.02714 0.033665
0 0.795312 0.571875 0.019558 0.02407
0 0.447656 0.580208 0.027141 0.034876
0 0.675 0.584375 0.019638 0.024534
0 0.392969 0.59375 0.025589 0.035797
0 0.792188 0.59375 0.0201 0.026364
0 0.435937 0.598958 0.018561 0.025359
0 0.430469 0.604167 0.018846 0.02378
0 0.413281 0.611458 0.025033 0.034809
0 0.775781 0.623958 0.021314 0.02663
0 0.982812 0.630208 0.020537 0.027934
0 0.967969 0.63125 0.018561 0.025359
0 0.378906 0.6375 0.021362 0.02664
0 0.914062 0.64375 0.027842 0.038184
0 0.267969 0.644792 0.023899 0.035706
0 0.107031 0.644792 0.027444 0.031564
0 0.372656 0.648958 0.019178 0.025168
0 0.757031 0.651042 0.021339 0.026862
0 0.964844 0.658333 0.018827 0.023629
0 0.823438 0.675 0.022756 0.02825
0 0.251563 0.68125 0.019768 0.025593
0 0.869531 0.688542 0.021796 0.02989
0 0.604688 0.696875 0.030134 0.039147
0 0.666406 0.692708 0.022883 0.028677
0 0.7625 0.698958 0.029061 0.031417
0 0.707031 0.705208 0.021701 0.028014
0 0.870313 0.714583 0.02585 0.031338
0 0.236719 0.728125 0.03369 0.033348
0 0.196875 0.738542 0.026281 0.032051
0 0.010438 0.739583 0.020876 0.029737
0 0.778125 0.741667 0.026195 0.032242
0 0.551562 0.747917 0.023232 0.0323
0 0.942969 0.745833 0.018939 0.024442
0 0.88125 0.752083 0.023741 0.031149
0 0.503125 0.759375 0.023476 0.030208
0 0.522656 0.758333 0.023535 0.029328
0 0.651563 0.757292 0.019733 0.025046
0 0.795312 0.773958 0.026221 0.032529
0 0.414062 0.771875 0.019429 0.026567
0 0.664062 0.777083 0.023103 0.02886
0 0.228906 0.792708 0.018756 0.022285
0 0.191406 0.802083 0.024652 0.030465
0 0.01076 0.808333 0.021521 0.02728
0 0.675 0.810417 0.019792 0.025321
0 0.690625 0.813542 0.019638 0.024534
0 0.239844 0.820833 0.025289 0.031092
0 0.628906 0.825 0.027624 0.03239
0 0.705469 0.828125 0.02679 0.041079
0 0.210156 0.84375 0.022017 0.028277
0 0.291406 0.859375 0.021701 0.028014
0 0.36875 0.86875 0.026 0.030914
0 0.538281 0.875 0.025243 0.032454
0 0.696094 0.896875 0.025394 0.035366
0 0.632812 0.9 0.025747 0.034775
0 0.753906 0.905208 0.02168 0.028193
0 0.660937 0.908333 0.018773 0.023107
0 0.832812 0.942708 0.019925 0.025905
0 0.757812 0.955208 0.020134 0.027719
0 0.251563 0.961458 0.019429 0.026567
0 0.419531 0.976042 0.028606 0.036385
0 0.097656 0.98125 0.026979 0.035446
0 0.800781 0.982292 0.021314 0.02663
0 0.179688 0.982292 0.018939 0.024442