0 0.069531 0.041667 0.021314 0.02663
0 0.323437 0.04375 0.025957 0.03004
0 0.507031 0.119792 0.024416 0.036121
0 0.242188 0.11875 0.019627 0.024405
0 0.603125 0.204167 0.020134 0.027719
0 0.153906 0.252083 0.025086 0.031874
0 0.65 0.284375 0.019909 0.025929
0 0.044531 0.305208 0.02479 0.031527
0 0.861719 0.351042 0.019534 0.022292
0 0.860938 0.357292 0.023557 0.030821
0 0.073438 0.396875 0.026281 0.032051
0 0.680469 0.415625 0.021314 0.02663
0 0.527344 0.432292 0.024847 0.031127
0 0.142187 0.4875 0.024291 0.029293
0 0.136719 0.595833 0.035282 0.034651
0 0.842187 0.6 0.021479 0.027243
0 0.435156 0.652083 0.021819 0.028356
0 0.233594 0.664583 0.024652 0.030465
0 0.303906 0.666667 0.027612 0.032177
0 0.972656 0.665625 0.024496 0.029918
0 0.196875 0.69375 0.034371 0.047498
0 0.715625 0.69375 0.025747 0.034775
0 0.646094 0.747917 0.022489 0.033625
0 0.528125 0.766667 0.023385 0.032449
0 0.864062 0.822917 0.026376 0.032785
0 0.166406 0.852083 0.025424 0.031337
0 0.532813 0.85625 0.023731 0.033941
0 0.796094 0.858333 0.022828 0.030437
0 0.696094 0.867708 0.019531 0.026042
0 0.300781 0.9125 0.019893 0.027596
0 0.153125 0.934375 0.022995 0.03066
0 0.328906 0.966667 0.025215 0.032495
0 0.189062 0.983333 0.02269 0.029686