0 0.475781 0.021875 0.020422 0.025409
0 0.667188 0.035417 0.019925 0.025905
0 0.935156 0.042708 0.022758 0.030751
0 0.55625 0.051042 0.019429 0.026567
0 0.598437 0.05625 0.022945 0.029561
0 0.760156 0.066667 0.025345 0.037078
0 0.430469 0.084375 0.038292 0.047921
0 0.011878 0.089583 0.023757 0.032101
0 0.029687 0.1125 0.017348 0.026056
0 0.114062 0.14375 0.038769 0.057873
0 0.036719 0.1375 0.033315 0.046608
0 0.229687 0.155208 0.02981 0.039124
0 0.242188 0.160417 0.022828 0.027821
0 0.611719 0.163542 0.017317 0.024011
0 0.067187 0.1875 0.05582 0.072329
0 0.254688 0.177083 0.036854 0.050709
0 0.092969 0.192708 0.022209 0.027663
0 0.148438 0.204167 0.025043 0.028321
0 0.005859 0.216667 0.011719 0.023958
0 0.539062 0.240625 0.039093 0.044829
0 0.475781 0.235417 0.019574 0.023676
0 0.946875 0.242708 0.029995 0.033319
0 0.113281 0.263542 0.034753 0.057418
0 0.103906 0.252083 0.020371 0.024457
0 0.164062 0.265625 0.0399 0.04388
0 0.357812 0.277083 0.024291 0.029293
0 0.369531 0.273958 0.018756 0.022285
0 0.374219 0.282292 0.028506 0.035084
0 0.363281 0.28125 0.021102 0.024102
0 0.561719 0.2875 0.018442 0.024589
0 0.089063 0.292708 0.019633 0.024542
0 0.010937 0.303125 0.02127 0.026124
0 0.346094 0.307292 0.017757 0.026099
0 0.035938 0.341667 0.051761 0.075623
0 0.519531 0.323958 0.019012 0.028214
0 0.1125 0.325 0.021875 0.026042
0 0.825 0.361458 0.027443 0.037177
0 0.075781 0.461458 0.092335 0.17565
0 0.376563 0.380208 0.020339 0.023705
0 0.015625 0.385417 0.022265 0.030253
0 0.385937 0.388542 0.022685 0.025414
0 0.625 0.395833 0.019683 0.026728
0 0.378906 0.43125 0.018921 0.024472
0 0.448437 0.458333 0.060553 0.080015
0 0.372656 0.4375 0.02111 0.023724
0 0.550781 0.442708 0.020134 0.027719
0 0.548438 0.45625 0.031892 0.039969
0 0.626563 0.451042 0.017982 0.022269
0 0.3625 0.461458 0.017982 0.022269
0 0.213281 0.463542 0.02111 0.023724
0 0.3625 0.471875 0.021128 0.024499
0 0.353906 0.509375 0.061737 0.071515
0 0.38125 0.4875 0.021187 0.026376
0 0.222656 0.492708 0.024383 0.028296
0 0.46875 0.535417 0.06433 0.070523
0 0.38125 0.513542 0.018769 0.023116
0 0.213281 0.520833 0.026705 0.030084
0 0.45625 0.521875 0.020154 0.028445
0 0.446875 0.520833 0.021983 0.02661
0 0.432812 0.525 0.024229 0.024547
0 0.457031 0.526042 0.019534 0.022292
0 0.433594 0.532292 0.019543 0.023126
0 0.4375 0.538542 0.025938 0.035144
0 0.160938 0.535417 0.018769 0.023116
0 0.446875 0.536458 0.016719 0.026046
0 0.086719 0.54375 0.023661 0.032628
0 0.3375 0.542708 0.022209 0.027663
0 0.152344 0.584375 0.062418 0.098419
0 0.422656 0.548958 0.019573 0.024204
0 0.057813 0.555208 0.021107 0.029216
0 0.423438 0.554167 0.019534 0.022292
0 0.423438 0.561458 0.025164 0.029162
0 0.167187 0.559375 0.019534 0.022292
0 0.171094 0.560417 0.019558 0.02407
0 0.180469 0.5625 0.021701 0.028014
0 0.246875 0.575 0.031306 0.038607
0 0.369531 0.571875 0.025788 0.027151
0 0.203125 0.573958 0.024267 0.03169
0 0.210938 0.572917 0.019792 0.025321
0 0.236719 0.570833 0.017337 0.025026
0 0.426563 0.575 0.025826 0.029329
0 0.228906 0.573958 0.019531 0.027421
0 0.866406 0.583333 0.029428 0.044514
0 0.363281 0.576042 0.021162 0.025464
0 0.400781 0.579167 0.02979 0.03187
0 0.210938 0.578125 0.020314 0.022296
0 0.332813 0.578125 0.021878 0.023148
0 0.178906 0.580208 0.020377 0.024589
0 0.264844 0.584375 0.030829 0.034019
0 0.450781 0.58125 0.025002 0.024117
0 0.364063 0.582292 0.02032 0.023137
0 0.221875 0.583333 0.01882 0.024173
0 0.422656 0.583333 0.018756 0.022285
0 0.446094 0.591667 0.026588 0.036075
0 0.182031 0.59375 0.030086 0.038025
0 0.188281 0.5875 0.019543 0.023126
0 0.351562 0.586458 0.018785 0.024068
0 0.220312 0.5875 0.020325 0.024095
0 0.364063 0.588542 0.019542 0.02313
0 0.370312 0.589583 0.021104 0.024098
0 0.467187 0.588542 0.019534 0.022292
0 0.20625 0.590625 0.021094 0.023958
0 0.244531 0.590625 0.020314 0.022296
0 0.357812 0.592708 0.021239 0.025868
0 0.473438 0.594792 0.023259 0.032779
0 0.19375 0.594792 0.023556 0.02766
0 0.207031 0.597917 0.018062 0.026069
0 0.364063 0.596875 0.01733 0.02503
0 0.2 0.597917 0.019534 0.022292
0 0.278906 0.6 0.018051 0.025047
0 0.360156 0.598958 0.018827 0.023629
0 0.201563 0.603125 0.019638 0.024534
0 0.341406 0.604167 0.020313 0.022917
0 0.219531 0.607292 0.020441 0.025129
0 0.272656 0.609375 0.025156 0.030503
0 0.459375 0.616667 0.035327 0.044972
0 0.357031 0.610417 0.023576 0.027289
0 0.236719 0.608333 0.019534 0.022292
0 0.327344 0.628125 0.04927 0.066706
0 0.180469 0.666667 0.082378 0.120666
0 0.398438 0.6125 0.024221 0.024115
0 0.185156 0.614583 0.020313 0.021875
0 0.202344 0.616667 0.019531 0.022917
0 0.246875 0.622917 0.017345 0.026058
0 0.395313 0.621875 0.019534 0.022292
0 0.097656 0.642708 0.048518 0.053315
0 0.365625 0.626042 0.020319 0.023139
0 0.507812 0.633333 0.021095 0.032525
0 0.582812 0.640625 0.042755 0.051683
0 0.38125 0.630208 0.021095 0.022299
0 0.035937 0.632292 0.022658 0.023151
0 0.05 0.632292 0.019542 0.02313
0 0.042969 0.685417 0.075124 0.113336
0 0.054688 0.641667 0.018769 0.023116
0 0.049219 0.641667 0.021094 0.021875
0 0.027344 0.645833 0.022674 0.02453
0 0.328125 0.652083 0.021875 0.022917
0 0.396875 0.664583 0.019057 0.027229
0 0.480469 0.669792 0.020145 0.033399
0 0.254688 0.682292 0.020341 0.025073
0 0.257031 0.690625 0.020328 0.024087
0 0.270313 0.695833 0.019762 0.028269
0 0.559375 0.694792 0.019558 0.02407
0 0.511719 0.70625 0.0201 0.026364
0 0.163281 0.707292 0.028138 0.027376
0 0.173437 0.709375 0.023523 0.026519
0 0.172656 0.716667 0.022707 0.026328
0 0.233594 0.722917 0.018773 0.023107
0 0.266406 0.736458 0.019195 0.026357
0 0.089844 0.758333 0.036711 0.044554
0 0.374219 0.773958 0.059818 0.077026
0 0.151562 0.784375 0.070486 0.085214
0 0.016406 0.757292 0.018331 0.025253
0 0.23125 0.766667 0.029284 0.033519
0 0.310937 0.776042 0.018773 0.023107
0 0.2125 0.784375 0.031256 0.03844
0 0.01875 0.7875 0.022227 0.031837
0 0.440625 0.7875 0.018827 0.023629
0 0.028906 0.791667 0.026608 0.027772
0 0.049219 0.798958 0.028228 0.032699
0 0.06875 0.815625 0.055668 0.070517
0 0.026562 0.798958 0.018324 0.026151
0 0.347656 0.798958 0.024383 0.028296
0 0.199219 0.807292 0.021038 0.029672
0 0.353125 0.811458 0.027474 0.029548
0 0.161719 0.811458 0.019542 0.02313
0 0.142187 0.820833 0.018817 0.02711
0 0.354687 0.822917 0.021161 0.025349
0 0.157031 0.825 0.019638 0.024534
0 0.009245 0.825 0.01849 0.025321
0 0.203125 0.839583 0.038971 0.051041
0 0.092188 0.840625 0.024247 0.026365
0 0.746094 0.88125 0.01892 0.026267
0 0.075781 0.9 0.022418 0.029062
0 0.761719 0.9 0.021819 0.028356
0 0.557031 0.9 0.01971 0.025332
0 0.959375 0.925 0.019683 0.026728
0 0.103125 0.928125 0.025511 0.032143
0 0.077344 0.93125 0.022094 0.027539
0 0.1125 0.947917 0.018331 0.025253
0 0.177344 0.954167 0.020441 0.025129
0 0.794531 0.954167 0.019627 0.024405
0 0.473438 0.961458 0.020371 0.024457
0 0.642969 0.964583 0.022017 0.028277
0 0.025 0.987606 0.023607 0.024787
0 0.530469 0.987357 0.018876 0.025285