0 0.044531 0.010957 0.018342 0.021914
0 0.342969 0.164583 0.018096 0.024127
0 0.804688 0.303125 0.020801 0.028133
0 0.69375 0.447917 0.023654 0.029634
0 0.923438 0.452083 0.019627 0.024405
0 0.375 0.454167 0.018773 0.023107
0 0.698438 0.507292 0.022883 0.028677
0 0.767969 0.519792 0.019543 0.023126
0 0.295312 0.5625 0.022728 0.025973
0 0.823438 0.573958 0.022937 0.028155
0 0.455469 0.59375 0.025611 0.031936
0 0.685937 0.613542 0.019792 0.025321
0 0.200781 0.636458 0.025892 0.035279
0 0.153125 0.66875 0.022729 0.02728
0 0.970313 0.669792 0.018939 0.024442
0 0.3625 0.727083 0.017721 0.025103
0 0.715625 0.739583 0.019768 0.025593
0 0.2 0.814583 0.019574 0.023676
0 0.167187 0.872917 0.019574 0.023676