0 0.957031 0.009438 0.018331 0.018876
0 0.9375 0.012769 0.018052 0.025539
0 0.395313 0.017708 0.024533 0.03271
0 0.7125 0.020833 0.019429 0.026567
0 0.752344 0.041667 0.019627 0.024405
0 0.690625 0.047917 0.022047 0.026945
0 0.857031 0.048958 0.019119 0.025492
0 0.8 0.053125 0.019558 0.02407
0 0.151562 0.060417 0.022268 0.032512
0 0.640625 0.057292 0.017301 0.024027
0 0.132812 0.06875 0.022094 0.027539
0 0.559375 0.075 0.026671 0.036497
0 0.967187 0.070833 0.018939 0.024442
0 0.073438 0.073958 0.021161 0.025349
0 0.530469 0.08125 0.019992 0.026974
0 0.710938 0.120833 0.030429 0.039783
0 0.027344 0.119792 0.02746 0.034275
0 0.507031 0.125 0.018052 0.026078
0 0.828906 0.129167 0.022393 0.030491
0 0.746875 0.141667 0.030285 0.038538
0 0.895312 0.145833 0.021198 0.026257
0 0.827344 0.160417 0.027621 0.034701
0 0.6375 0.171875 0.021239 0.025868
0 0.53125 0.172917 0.021161 0.025349
0 0.021094 0.178125 0.026376 0.032785
0 0.326562 0.194792 0.024274 0.028304
0 0.010199 0.201042 0.020397 0.028741
0 0.754687 0.211458 0.021542 0.027554
0 0.632812 0.219792 0.026089 0.035063
0 0.35625 0.221875 0.019792 0.025321
0 0.464062 0.225 0.021894 0.026105
0 0.921094 0.226042 0.023451 0.027139
0 0.99238 0.222917 0.015241 0.022269
0 0.272656 0.227083 0.018029 0.025068
0 0.414062 0.239583 0.032386 0.044649
0 0.524219 0.229167 0.017982 0.022269
0 0.525 0.235417 0.01802 0.023067
0 0.495312 0.240625 0.022383 0.029621
0 0.982812 0.259375 0.027609 0.04089
0 0.329688 0.255208 0.021971 0.029612
0 0.688281 0.260417 0.026123 0.035908
0 0.846875 0.254167 0.018876 0.02557
0 0.729688 0.255208 0.018442 0.024589
0 0.857031 0.261458 0.018827 0.023629
0 0.169531 0.272917 0.021946 0.026299
0 0.817187 0.273958 0.022828 0.027821
0 0.532813 0.282292 0.019339 0.027372
0 0.826562 0.289583 0.024178 0.032486
0 0.921875 0.288542 0.024897 0.032298
0 0.270313 0.289583 0.020313 0.026042
0 0.848437 0.291667 0.020441 0.025129
0 0.740625 0.3 0.021949 0.026392
0 0.821094 0.305208 0.019627 0.024405
0 0.100781 0.31875 0.029528 0.037575
0 0.789062 0.336458 0.022325 0.028159
0 0.733594 0.345833 0.027736 0.035553
0 0.717969 0.340625 0.019925 0.025905
0 0.304688 0.344792 0.023026 0.028919
0 0.796875 0.351042 0.027003 0.034726
0 0.903125 0.35625 0.027598 0.038361
0 0.861719 0.358333 0.020361 0.033344
0 0.714063 0.35625 0.0184 0.026183
0 0.5125 0.36875 0.027672 0.036151
0 0.728125 0.36875 0.025219 0.029986
0 0.436719 0.367708 0.018773 0.023107
0 0.449219 0.382292 0.023533 0.029266
0 0.321875 0.383333 0.019429 0.026567
0 0.679688 0.395833 0.018304 0.026169
0 0.915625 0.402083 0.023183 0.031878
0 0.532031 0.41875 0.030698 0.037942
0 0.767969 0.422917 0.024565 0.029737
0 0.076563 0.422917 0.018304 0.026169
0 0.380469 0.430208 0.028683 0.041102
0 0.542188 0.430208 0.021885 0.028544
0 0.521094 0.436458 0.023161 0.029971
0 0.013281 0.453125 0.018939 0.024442
0 0.886719 0.460417 0.02095 0.027383
0 0.842187 0.467708 0.018442 0.024589
0 0.89375 0.467708 0.018561 0.025359
0 0.258594 0.473958 0.025982 0.033258
0 0.80625 0.473958 0.016702 0.023976
0 0.93125 0.488542 0.022731 0.029504
0 0.973437 0.490625 0.020661 0.028728
0 0.094531 0.514583 0.029386 0.041159
0 0.661719 0.517708 0.02434 0.033657
0 0.641406 0.517708 0.018939 0.024442
0 0.884375 0.55 0.018331 0.025253
0 0.171094 0.565625 0.023718 0.029015
0 0.40625 0.577083 0.02237 0.031064
0 0.139844 0.584375 0.029187 0.040969
0 0.664844 0.584375 0.028427 0.039941
0 0.757812 0.579167 0.021819 0.028356
0 0.8625 0.579167 0.018052 0.026078
0 0.549219 0.585417 0.020647 0.026788
0 0.098437 0.586458 0.01875 0.022917
0 0.440625 0.589583 0.018784 0.026311
0 0.642188 0.59375 0.023778 0.030992
0 0.457813 0.6 0.02203 0.026707
0 0.829688 0.6 0.02203 0.026707
0 0.839063 0.604167 0.024038 0.035041
0 0.792188 0.604167 0.026966 0.033171
0 0.897656 0.603125 0.017301 0.024027
0 0.961719 0.603125 0.018939 0.024442
0 0.149219 0.636458 0.027816 0.03591
0 0.909375 0.638542 0.023421 0.033
0 0.705469 0.640625 0.019084 0.024921
0 0.19375 0.640625 0.019543 0.023126
0 0.65 0.645833 0.02461 0.03379
0 0.670312 0.672917 0.04575 0.048748
0 0.224219 0.6625 0.019247 0.026491
0 0.774219 0.6625 0.019925 0.025905
0 0.611719 0.672917 0.024533 0.03271
0 0.879687 0.671875 0.022883 0.028677
0 0.560937 0.684375 0.028963 0.030634
0 0.989062 0.679167 0.018048 0.02325
0 0.45 0.707292 0.019446 0.026546
0 0.785156 0.708333 0.01875 0.023958
0 0.344531 0.733333 0.020627 0.027503
0 0.10625 0.741667 0.020479 0.026286
0 0.833594 0.75 0.019925 0.025905
0 0.489844 0.755208 0.024291 0.029293
0 0.40625 0.760417 0.018008 0.02309
0 0.817187 0.771875 0.021563 0.029929
0 0.271875 0.771875 0.017982 0.022269
0 0.884375 0.776042 0.018442 0.024589
0 0.267188 0.7875 0.020528 0.029524
0 0.676562 0.79375 0.026436 0.037088
0 0.967969 0.79375 0.018921 0.024472
0 0.85625 0.814583 0.03272 0.042588
0 0.975781 0.815625 0.019558 0.02407
0 0.734375 0.820833 0.026166 0.030931
0 0.01875 0.829167 0.022707 0.026328
0 0.979688 0.84375 0.027876 0.038048
0 0.955469 0.847917 0.03111 0.043419
0 0.432812 0.857292 0.032597 0.042234
0 0.460156 0.853125 0.019925 0.025905
0 0.479687 0.878125 0.018756 0.022285
0 0.927344 0.889583 0.029082 0.037672
0 0.650781 0.884375 0.018846 0.02378
0 0.950781 0.888542 0.019972 0.028419
0 0.716406 0.898958 0.031916 0.045444
0 0.866406 0.896875 0.020736 0.028573
0 0.767188 0.907292 0.027985 0.039341
0 0.135156 0.903125 0.018756 0.022285
0 0.899219 0.90625 0.019531 0.026042
0 0.529687 0.911458 0.028145 0.036568
0 0.661719 0.91875 0.020801 0.028133
0 0.289062 0.917708 0.018096 0.024127
0 0.367969 0.933333 0.019925 0.025905
0 0.378906 0.944792 0.019733 0.025046
0 0.640625 0.961458 0.02617 0.036863
0 0.7 0.976042 0.02217 0.02922
0 0.629687 0.977083 0.017982 0.022269
0 0.070312 0.988132 0.020666 0.023737