0 0.640625 0.021875 0.019909 0.025929
0 0.664062 0.03125 0.023319 0.029672
0 0.592969 0.046875 0.021999 0.028864
0 0.639062 0.061458 0.021894 0.026105
0 0.699219 0.059375 0.018161 0.023679
0 0.234375 0.065625 0.019429 0.026567
0 0.485938 0.083333 0.017438 0.024063
0 0.847656 0.092708 0.018124 0.023544
0 0.55625 0.097917 0.021887 0.025097
0 0.90625 0.154167 0.028371 0.034763
0 0.401562 0.16875 0.020697 0.026524
0 0.092188 0.171875 0.022937 0.028155
0 0.483594 0.196875 0.022242 0.030281
0 0.542969 0.217708 0.021618 0.02791
0 0.629687 0.233333 0.032366 0.037592
0 0.817187 0.232292 0.018769 0.023116
0 0.198437 0.239583 0.02648 0.033546
0 0.795312 0.248958 0.021978 0.027245
0 0.253125 0.276042 0.020566 0.026042
0 0.491406 0.280208 0.021161 0.025349
0 0.502344 0.294792 0.024039 0.030661
0 0.271094 0.311458 0.02168 0.028193
0 0.599219 0.3125 0.021131 0.02449
0 0.838281 0.320833 0.021542 0.027554
0 0.71875 0.3625 0.023319 0.029672
0 0.400781 0.365625 0.020341 0.025073
0 0.548438 0.383333 0.022758 0.030751
0 0.335938 0.428125 0.019868 0.025663
0 0.192969 0.461458 0.025161 0.030661
0 0.629687 0.472917 0.023227 0.029506
0 0.691406 0.478125 0.022128 0.030307
0 0.453125 0.497917 0.024447 0.033091
0 0.325781 0.504167 0.021727 0.028969
0 0.638281 0.566667 0.022776 0.032111
0 0.661719 0.582292 0.021701 0.028014
0 0.367969 0.594792 0.021819 0.028356
0 0.452344 0.609375 0.024481 0.03562
0 0.725781 0.636458 0.021239 0.025868
0 0.4875 0.670833 0.021816 0.032581
0 0.907813 0.673958 0.020046 0.026244
0 0.842969 0.682292 0.021339 0.026862
0 0.371875 0.723958 0.024997 0.036357
0 0.573438 0.7625 0.017982 0.022269
0 0.942187 0.802083 0.020479 0.026286
0 0.56875 0.85 0.026376 0.032785
0 0.367969 0.859375 0.028106 0.035108
0 0.824219 0.873958 0.029759 0.032605
0 0.589063 0.901042 0.030003 0.036118
0 0.966406 0.920833 0.021314 0.02663
0 0.292187 0.925 0.018756 0.022285
0 0.535156 0.934375 0.023583 0.030562
0 0.489063 0.982913 0.03087 0.034174