0 0.225 0.012277 0.022017 0.024555
0 0.422656 0.030208 0.034028 0.039703
0 0.96875 0.067708 0.019574 0.023676
0 0.413281 0.121875 0.022729 0.02728
0 0.704688 0.121875 0.019531 0.026042
0 0.894531 0.138542 0.018939 0.024442
0 0.428125 0.160417 0.01971 0.025332
0 0.750781 0.161458 0.02143 0.027648
0 0.983594 0.166667 0.023103 0.02886
0 0.754687 0.197917 0.030057 0.037262
0 0.963281 0.209375 0.026703 0.039582
0 0.317188 0.2625 0.030086 0.038025
0 0.921875 0.265625 0.035716 0.038926
0 0.092188 0.264583 0.018921 0.024472
0 0.41875 0.275 0.030632 0.042283
0 0.154688 0.291667 0.02648 0.033546
0 0.965625 0.297917 0.025008 0.027148
0 0.7125 0.305208 0.020046 0.026244
0 0.389844 0.314583 0.026608 0.030345
0 0.554688 0.33125 0.025219 0.029986
0 0.272656 0.35 0.018561 0.025359
0 0.653125 0.410417 0.029369 0.035583
0 0.961719 0.415625 0.026796 0.034437
0 0.425781 0.439583 0.021999 0.028864
0 0.967969 0.460417 0.027147 0.040307
0 0.120313 0.457292 0.019733 0.025046
0 0.859375 0.486458 0.028827 0.042244
0 0.949219 0.48125 0.023451 0.027139
0 0.85625 0.552083 0.030383 0.037827
0 0.230469 0.575 0.027753 0.034375
0 0.127344 0.595833 0.029977 0.042523
0 0.925 0.628125 0.024011 0.034285
0 0.602344 0.629167 0.018939 0.024442
0 0.889062 0.664583 0.029572 0.040987
0 0.319531 0.675 0.021479 0.027243
0 0.616406 0.673958 0.018442 0.024589
0 0.710938 0.690625 0.020537 0.027934
0 0.464844 0.708333 0.019178 0.025168
0 0.020313 0.753125 0.026494 0.038028
0 0.569531 0.75625 0.028606 0.036385
0 0.794531 0.7625 0.025552 0.033182
0 0.08125 0.767708 0.028947 0.039934
0 0.78125 0.789583 0.023432 0.030501
0 0.813281 0.828125 0.024847 0.031127
0 0.65 0.844792 0.02018 0.026907
0 0.828906 0.903125 0.025086 0.031874
0 0.452344 0.913542 0.029307 0.034742
0 0.908594 0.948958 0.02479 0.031527
0 0.799219 0.95625 0.018442 0.024589
0 0.173437 0.979432 0.03396 0.041136
0 0.221094 0.978125 0.026791 0.034443
0 0.423438 0.975 0.022729 0.02728