0 0.219531 0.030208 0.019574 0.023676
0 0.859375 0.085417 0.023293 0.029834
0 0.928906 0.147917 0.018008 0.02309
0 0.246094 0.197917 0.021198 0.026257
0 0.234375 0.23125 0.023778 0.030992
0 0.103906 0.269792 0.019909 0.025929
0 0.746094 0.360417 0.024496 0.029918
0 0.010156 0.685417 0.019574 0.023676
0 0.138281 0.6875 0.021339 0.026862
0 0.824219 0.75625 0.021314 0.02663
0 0.252344 0.807292 0.022094 0.027539
0 0.883594 0.828125 0.021618 0.02791
0 0.616406 0.841667 0.023103 0.02886
0 0.022656 0.861458 0.024847 0.031127
0 0.364063 0.961458 0.02003 0.029373