0 0.25625 0.010217 0.020479 0.020435
0 0.703125 0.025 0.027613 0.032411
0 0.614844 0.054167 0.021761 0.031624
0 0.977344 0.066667 0.021247 0.027272
0 0.296875 0.084375 0.018999 0.02628
0 0.853125 0.310417 0.023607 0.028741
0 0.817187 0.335417 0.023778 0.030992
0 0.91875 0.3375 0.02306 0.029195
0 0.407813 0.352083 0.018773 0.023107
0 0.950781 0.363542 0.024516 0.030178
0 0.6125 0.448958 0.018331 0.025253
0 0.622656 0.677083 0.022017 0.028277
0 0.809375 0.757292 0.023026 0.028919
0 0.614844 0.860417 0.020697 0.026524