0 0.24375 0.046875 0.018773 0.023107
0 0.969531 0.089583 0.020046 0.026244
0 0.067969 0.092708 0.020328 0.024087
0 0.865625 0.115625 0.01902 0.024748
0 0.5625 0.127083 0.019543 0.023126
0 0.483594 0.16875 0.020313 0.026042
0 0.267969 0.171875 0.020058 0.027568
0 0.821094 0.289583 0.02823 0.044141
0 0.235937 0.397917 0.024886 0.03407
0 0.670312 0.398958 0.023081 0.032753
0 0.540625 0.4 0.020566 0.026042
0 0.602344 0.619792 0.017301 0.024027
0 0.427344 0.6375 0.018304 0.026169
0 0.917969 0.642708 0.019972 0.028419
0 0.889844 0.669792 0.019543 0.023126
0 0.380469 0.704167 0.021887 0.025097
0 0.478906 0.710417 0.021198 0.026257
0 0.099219 0.728125 0.028416 0.038813
0 0.139063 0.729167 0.023734 0.034584
0 0.485938 0.723958 0.017759 0.024215
0 0.453906 0.730208 0.020147 0.028452
0 0.280469 0.755208 0.019543 0.023126
0 0.601562 0.794792 0.025376 0.034895
0 0.570312 0.835417 0.0184 0.026183
0 0.715625 0.854167 0.018846 0.02378
0 0.507031 0.910417 0.028742 0.037634
0 0.40625 0.913542 0.019178 0.025168
0 0.301563 0.982292 0.018161 0.023679