0 0.557031 0.010341 0.021999 0.020682
0 0.273438 0.027083 0.0201 0.026364
0 0.425 0.03125 0.020676 0.026744
0 0.810937 0.047917 0.019119 0.025492
0 0.648438 0.079167 0.0201 0.026364
0 0.866406 0.08125 0.018773 0.023107
0 0.429688 0.107292 0.019531 0.027421
0 0.600781 0.146875 0.021259 0.028345
0 0.31875 0.151042 0.019543 0.023126
0 0.513281 0.223958 0.021339 0.026862
0 0.8125 0.236458 0.019792 0.025321
0 0.275 0.25 0.020058 0.027568
0 0.5875 0.270833 0.022828 0.027821
0 0.5375 0.277083 0.019925 0.025905
0 0.817187 0.341667 0.023402 0.030544
0 0.410938 0.359375 0.022756 0.02825
0 0.426563 0.359375 0.019925 0.025905
0 0.816406 0.386458 0.020328 0.024087
0 0.839063 0.413542 0.020046 0.026244
0 0.364063 0.432292 0.019893 0.027596
0 0.410938 0.485417 0.019925 0.025905
0 0.621875 0.505208 0.020697 0.026524
0 0.9625 0.523958 0.019534 0.022292
0 0.664844 0.55 0.021314 0.02663
0 0.008019 0.569792 0.016037 0.023676
0 0.664062 0.576042 0.019909 0.025929
0 0.442969 0.589583 0.021542 0.027554
0 0.402344 0.591667 0.021989 0.028877
0 0.333594 0.596875 0.025215 0.032495
0 0.367188 0.621875 0.019534 0.022292
0 0.258594 0.63125 0.018939 0.024442
0 0.238281 0.648958 0.021479 0.027243
0 0.971875 0.65 0.019574 0.023676
0 0.405469 0.653125 0.019531 0.026042
0 0.239063 0.660417 0.01902 0.024748
0 0.044531 0.673958 0.019909 0.025929
0 0.217969 0.680208 0.018773 0.023107
0 0.401562 0.68125 0.019925 0.025905
0 0.933594 0.684375 0.018827 0.023629
0 0.870313 0.732292 0.025014 0.029203
0 0.63125 0.732292 0.021701 0.028014
0 0.9125 0.747917 0.020537 0.027934
0 0.029687 0.752083 0.019909 0.025929
0 0.197656 0.765625 0.022152 0.027355
0 0.578125 0.769792 0.020134 0.027719
0 0.204687 0.829167 0.022883 0.028677
0 0.626563 0.85 0.01882 0.024173
0 0.09375 0.859375 0.019733 0.025046
0 0.227344 0.873958 0.021161 0.025349
0 0.427344 0.889583 0.021618 0.02791
0 0.5625 0.890625 0.020537 0.027934
0 0.991779 0.888542 0.016441 0.024173
0 0.026562 0.890625 0.019909 0.025929
0 0.869531 0.895833 0.021161 0.025349
0 0.074219 0.911458 0.021239 0.025868
0 0.101562 0.920833 0.019693 0.024852
0 0.764844 0.926042 0.018939 0.024442
0 0.389062 0.933333 0.019574 0.023676
0 0.8375 0.954167 0.019768 0.025593
0 0.463281 0.972917 0.018939 0.024442
0 0.071875 0.983333 0.02306 0.029195
0 0.432031 0.982292 0.021701 0.028014