0 0.342969 0.192708 0.018756 0.022285
0 0.58125 0.204167 0.018773 0.023107
0 0.524219 0.213542 0.022911 0.031609
0 0.009055 0.228125 0.018109 0.029015
0 0.764062 0.335417 0.023476 0.030208
0 0.0375 0.345833 0.022883 0.028677
0 0.652344 0.389583 0.023234 0.041749
0 0.554688 0.390625 0.022828 0.027821
0 0.296094 0.440625 0.02143 0.027648
0 0.728125 0.45625 0.018756 0.022285
0 0.936719 0.461458 0.021119 0.029767
0 0.80625 0.471875 0.023489 0.025902
0 0.730469 0.51875 0.021145 0.028907
0 0.392969 0.538542 0.024302 0.038592
0 0.201563 0.54375 0.019638 0.024534
0 0.232813 0.559375 0.02393 0.031906
0 0.059375 0.590625 0.023103 0.02886
0 0.917969 0.601042 0.017658 0.024165
0 0.292969 0.626042 0.019574 0.023676
0 0.782813 0.632292 0.019925 0.025905
0 0.529687 0.653125 0.019429 0.026567
0 0.485938 0.659375 0.020697 0.026524
0 0.570312 0.667708 0.019558 0.02407
0 0.310937 0.677083 0.020537 0.027934
0 0.596094 0.716667 0.020938 0.027401
0 0.201563 0.741667 0.025252 0.029558
0 0.325 0.741667 0.020566 0.026042
0 0.942969 0.754167 0.024 0.037857
0 0.504687 0.8 0.019925 0.025905
0 0.496094 0.8125 0.019627 0.024405
0 0.30625 0.827083 0.024416 0.036121
0 0.375781 0.848958 0.022128 0.030307
0 0.540625 0.960417 0.020432 0.028638
0 0.367188 0.961458 0.018939 0.024442
0 0.346875 0.988618 0.023103 0.022764