0 0.366406 0.052083 0.020231 0.026656
0 0.273438 0.111458 0.022495 0.030475
0 0.494531 0.196875 0.022758 0.030751
0 0.515625 0.207292 0.024274 0.028304
0 0.170313 0.259375 0.023476 0.030208
0 0.778125 0.2625 0.022996 0.028271
0 0.246875 0.2875 0.019768 0.025593
0 0.523438 0.301042 0.019909 0.025929
0 0.780469 0.334375 0.024915 0.031486
0 0.492188 0.439583 0.022995 0.032052
0 0.891406 0.519792 0.022226 0.031538
0 0.198437 0.520833 0.021259 0.029733
0 0.564063 0.609375 0.022828 0.027821
0 0.823438 0.676042 0.018008 0.02309
0 0.066406 0.883333 0.020231 0.026656
0 0.335938 0.88125 0.018756 0.022285
0 0.6125 0.935417 0.020501 0.032435