0 0.782031 0.017484 0.026681 0.034968
0 0.475781 0.121875 0.02854 0.036758
0 0.179688 0.204167 0.021161 0.025349
0 0.485938 0.234375 0.025685 0.036465
0 0.786719 0.272917 0.021796 0.030069
0 0.935937 0.282292 0.025162 0.036319
0 0.990368 0.277083 0.019263 0.026862
0 0.416406 0.3125 0.025211 0.033309
0 0.025 0.35625 0.022729 0.02728
0 0.269531 0.369792 0.024858 0.03202
0 0.228125 0.415625 0.023026 0.028919
0 0.086719 0.438542 0.021258 0.033506
0 0.196094 0.473958 0.0257 0.033535
0 0.355469 0.5375 0.022393 0.030491
0 0.650781 0.538542 0.021504 0.027927
0 0.607031 0.5875 0.01882 0.024173
0 0.826562 0.610417 0.021653 0.030795
0 0.673438 0.61875 0.022971 0.028458
0 0.663281 0.66875 0.024547 0.038
0 0.255469 0.669792 0.018161 0.023679
0 0.536719 0.673958 0.02466 0.031871
0 0.196875 0.682292 0.022128 0.030307
0 0.442188 0.729167 0.023103 0.02886
0 0.195312 0.758333 0.023055 0.030355
0 0.966406 0.772917 0.021339 0.026862
0 0.821094 0.828125 0.022393 0.030491
0 0.904687 0.85 0.023484 0.032424
0 0.974219 0.863542 0.020697 0.026524
0 0.847656 0.871875 0.024897 0.032298
0 0.386719 0.90625 0.024436 0.029089
0 0.521875 0.90625 0.022868 0.029857
0 0.64375 0.966667 0.021119 0.029767
0 0.199219 0.969792 0.022566 0.031762
0 0.825781 0.977083 0.018939 0.024442