0 0.210938 0.016667 0.018756 0.022285
0 0.989816 0.020833 0.020367 0.025409
0 0.478906 0.053125 0.020938 0.027401
0 0.950781 0.055208 0.021198 0.026257
0 0.625781 0.115625 0.019531 0.026042
0 0.217969 0.191667 0.024652 0.030465
0 0.814844 0.194792 0.03054 0.030961
0 0.916406 0.192708 0.018773 0.023107
0 0.139844 0.220833 0.030512 0.043558
0 0.648438 0.235417 0.019792 0.025321
0 0.35625 0.329167 0.026308 0.031809
0 0.205469 0.360417 0.019178 0.025168
0 0.105469 0.390625 0.024384 0.02969
0 0.036719 0.413542 0.018939 0.024442
0 0.44375 0.427083 0.026159 0.03105
0 0.030469 0.43125 0.023103 0.02886
0 0.10625 0.491667 0.027149 0.037383
0 0.373437 0.564583 0.027381 0.027788
0 0.878906 0.598958 0.018756 0.022285
0 0.473438 0.625 0.022828 0.027821
0 0.603125 0.658333 0.018008 0.02309
0 0.159375 0.670833 0.027276 0.037584
0 0.289844 0.70625 0.02376 0.035586
0 0.405469 0.71875 0.025289 0.031092
0 0.653125 0.75625 0.01882 0.024173
0 0.796094 0.776042 0.021259 0.029733
0 0.8 0.790625 0.019733 0.025046
0 0.184375 0.858333 0.023319 0.029672
0 0.885938 0.860417 0.024084 0.035848
0 0.989062 0.926042 0.019909 0.025929
0 0.422656 0.948958 0.019574 0.023676
0 0.28125 0.98125 0.018773 0.023107
0 0.967187 0.985581 0.023771 0.028838