0 0.110937 0.020833 0.018773 0.023107
0 0.428125 0.095833 0.021894 0.026105
0 0.611719 0.133333 0.021999 0.028864
0 0.375 0.152083 0.019627 0.024405
0 0.504687 0.183333 0.019339 0.027372
0 0.923438 0.185417 0.019633 0.024542
0 0.575 0.211458 0.021894 0.026105
0 0.391406 0.21875 0.017438 0.024063
0 0.015625 0.259375 0.022883 0.028677
0 0.405469 0.267708 0.018773 0.023107
0 0.707031 0.2875 0.02168 0.028193
0 0.569531 0.323958 0.021479 0.027243
0 0.278125 0.327083 0.023026 0.028919
0 0.100781 0.326042 0.021479 0.027243
0 0.617188 0.341667 0.026281 0.032051
0 0.242969 0.360417 0.027816 0.035248
0 0.664844 0.357292 0.021339 0.026862
0 0.533594 0.363542 0.027736 0.03412
0 0.092969 0.366667 0.023874 0.032174
0 0.048438 0.391667 0.020046 0.026244
0 0.413281 0.405208 0.025685 0.038911
0 0.335938 0.416667 0.018561 0.025359
0 0.413281 0.425 0.018442 0.024589
0 0.513281 0.429167 0.021314 0.02663
0 0.701562 0.430208 0.017438 0.024063
0 0.877344 0.438542 0.02431 0.030289
0 0.205469 0.45625 0.02847 0.044488
0 0.533594 0.448958 0.026041 0.030394
0 0.371094 0.448958 0.018773 0.023107
0 0.136719 0.459375 0.024079 0.030374
0 0.569531 0.507292 0.021999 0.028864
0 0.696094 0.519792 0.025219 0.029986
0 0.782031 0.541667 0.028606 0.033757
0 0.453125 0.545833 0.022971 0.028458
0 0.589063 0.544792 0.01892 0.026267
0 0.6 0.55625 0.018773 0.023107
0 0.628125 0.557292 0.01971 0.025332
0 0.409375 0.561458 0.022325 0.028159
0 0.128125 0.572917 0.025243 0.032454
0 0.86875 0.596875 0.019733 0.025046
0 0.80625 0.622917 0.028586 0.033237
0 0.541406 0.622917 0.019627 0.024405
0 0.183594 0.623958 0.021479 0.027243
0 0.575 0.626042 0.019992 0.026974
0 0.635938 0.640625 0.028162 0.031378
0 0.777344 0.644792 0.020328 0.024087
0 0.013281 0.66875 0.019401 0.028319
0 0.910937 0.678125 0.020058 0.027568
0 0.23125 0.683333 0.022828 0.027821
0 0.796094 0.685417 0.019638 0.024534
0 0.529687 0.735417 0.019429 0.026567
0 0.665625 0.770833 0.020537 0.027934
0 0.013281 0.790625 0.022325 0.028159
0 0.338281 0.798958 0.025171 0.029147
0 0.015625 0.819792 0.023103 0.02886
0 0.866406 0.822917 0.021339 0.026862
0 0.317188 0.833333 0.026195 0.032242
0 0.99191 0.844792 0.01618 0.027163
0 0.36875 0.882292 0.020627 0.027503
0 0.711719 0.892708 0.024623 0.030229
0 0.398438 0.91875 0.018773 0.023107
0 0.09375 0.95 0.026281 0.032051
0 0.226562 0.955208 0.02993 0.036759
0 0.695312 0.972917 0.023758 0.031125
0 0.982812 0.987795 0.019925 0.024411