0 0.778125 0.038542 0.028644 0.039937
0 0.472656 0.054167 0.027753 0.034375
0 0.689063 0.064583 0.024436 0.029089
0 0.7125 0.160417 0.023232 0.0323
0 0.935156 0.257292 0.028371 0.040511
0 0.353906 0.290625 0.021198 0.026257
0 0.654687 0.3125 0.023476 0.030208
0 0.990273 0.402083 0.019455 0.031127
0 0.384375 0.539583 0.029528 0.037575
0 0.173437 0.703125 0.0223 0.028345
0 0.379688 0.75 0.023227 0.029506
0 0.900781 0.828125 0.023232 0.0323
0 0.596875 0.927083 0.027517 0.031773
0 0.163281 0.985417 0.021618 0.02791