0 0.330469 0.018031 0.030505 0.036063
0 0.105469 0.017708 0.024332 0.031292
0 0.569531 0.014583 0.018331 0.025253
0 0.95 0.01875 0.021105 0.028403
0 0.280469 0.03125 0.019627 0.024405
0 0.511719 0.03125 0.0197 0.025227
0 0.885156 0.03125 0.018304 0.026169
0 0.475781 0.04375 0.02984 0.037433
0 0.56875 0.0375 0.017982 0.022269
0 0.979688 0.039583 0.021247 0.027272
0 0.927344 0.047917 0.020654 0.029458
0 0.641406 0.057292 0.037338 0.042093
0 0.626563 0.051042 0.018304 0.026169
0 0.532031 0.054167 0.021202 0.026349
0 0.379688 0.066667 0.026572 0.038562
0 0.577344 0.08125 0.038725 0.045033
0 0.675781 0.085417 0.037357 0.044455
0 0.190625 0.088542 0.020566 0.026042
0 0.266406 0.1 0.021202 0.026349
0 0.313281 0.110417 0.032166 0.040781
0 0.917188 0.109375 0.029509 0.042312
0 0.546094 0.108333 0.018999 0.02628
0 0.255469 0.125 0.02309 0.032923
0 0.319531 0.122917 0.018805 0.027121
0 0.946875 0.125 0.020676 0.026744
0 0.253906 0.132292 0.016702 0.023976
0 0.511719 0.152083 0.045708 0.056786
0 0.207031 0.147917 0.026156 0.035428
0 0.06875 0.146875 0.021946 0.026299
0 0.928125 0.15 0.024982 0.033615
0 0.573438 0.154167 0.018787 0.026105
0 0.658594 0.16875 0.036309 0.045152
0 0.533594 0.1625 0.02101 0.028935
0 0.748437 0.171875 0.023344 0.031678
0 0.622656 0.172917 0.021202 0.026349
0 0.610156 0.192708 0.045027 0.055013
0 0.496875 0.198958 0.043206 0.057833
0 0.446875 0.216667 0.045095 0.064696
0 0.560156 0.202083 0.02195 0.031377
0 0.482812 0.201042 0.018769 0.023116
0 0.482031 0.205208 0.021095 0.022299
0 0.157031 0.208333 0.020566 0.026042
0 0.165625 0.221875 0.020566 0.026042
0 0.307031 0.241667 0.026642 0.029619
0 0.033594 0.24375 0.024608 0.032281
0 0.153125 0.2625 0.034672 0.054111
0 0.803906 0.253125 0.020046 0.026244
0 0.836719 0.257292 0.023081 0.032753
0 0.54375 0.273958 0.025838 0.032623
0 0.126562 0.279167 0.028246 0.034848
0 0.057031 0.286458 0.025781 0.032981
0 0.485156 0.2875 0.026114 0.032925
0 0.835156 0.286458 0.018442 0.024589
0 0.883594 0.286458 0.018008 0.02309
0 0.172656 0.304167 0.023557 0.030821
0 0.708594 0.303125 0.01875 0.027083
0 0.445312 0.335417 0.068165 0.101891
0 0.353906 0.342708 0.045083 0.072258
0 0.133594 0.328125 0.021796 0.02989
0 0.941406 0.334375 0.026155 0.040825
0 0.194531 0.334375 0.030709 0.033769
0 0.080469 0.345833 0.030512 0.043558
0 0.6625 0.386458 0.038182 0.054383
0 0.907813 0.404167 0.023503 0.033898
0 0.332813 0.416667 0.03915 0.048042
0 0.965625 0.442708 0.023702 0.033596
0 0.849219 0.454167 0.027186 0.04298
0 0.734375 0.4625 0.023493 0.032412
0 0.717187 0.464583 0.018827 0.023629
0 0.171094 0.511458 0.042977 0.093752
0 0.988935 0.479167 0.02213 0.036202
0 0.564844 0.488542 0.018846 0.02378
0 0.4375 0.50625 0.020313 0.022917
0 0.432031 0.508333 0.017759 0.024215
0 0.972656 0.510417 0.019792 0.025321
0 0.185156 0.513542 0.018773 0.023107
0 0.648438 0.519792 0.020046 0.026244
0 0.127344 0.548958 0.028529 0.04109
0 0.178906 0.542708 0.021171 0.025078
0 0.899219 0.560417 0.034379 0.050014
0 0.241406 0.558333 0.021112 0.025088
0 0.278125 0.616667 0.125634 0.168435
0 0.822656 0.56875 0.021339 0.026862
0 0.253906 0.572917 0.018846 0.02378
0 0.685156 0.589583 0.031644 0.039308
0 0.079687 0.59375 0.026742 0.033612
0 0.6125 0.613542 0.052852 0.075154
0 0.5 0.627083 0.058109 0.081723
0 0.008637 0.617708 0.017273 0.024472
0 0.275 0.644792 0.021094 0.021875
0 0.267188 0.652083 0.018785 0.024068
0 0.271875 0.654167 0.018846 0.025128
0 0.261719 0.65625 0.018051 0.025047
0 0.784375 0.669792 0.019178 0.025168
0 0.314063 0.691667 0.018867 0.026122
0 0.086719 0.7125 0.039896 0.056293
0 0.450781 0.709375 0.021049 0.031547
0 0.414844 0.708333 0.021875 0.023958
0 0.798438 0.715625 0.01902 0.024748
0 0.186719 0.758333 0.037841 0.054319
0 0.236719 0.765625 0.035973 0.054226
0 0.825781 0.758333 0.027915 0.040858
0 0.905469 0.763542 0.019534 0.022292
0 0.896875 0.779167 0.026724 0.034099
0 0.194531 0.776042 0.019543 0.023126
0 0.120313 0.78125 0.021894 0.026105
0 0.621094 0.829167 0.136961 0.102595
0 0.859375 0.804167 0.020932 0.028824
0 0.925781 0.815625 0.018051 0.025047
0 0.410156 0.8375 0.021161 0.025349
0 0.121094 0.86875 0.039412 0.050733
0 0.600781 0.859375 0.021447 0.032454
0 0.627344 0.859375 0.019531 0.022917
0 0.557031 0.863542 0.024341 0.028597
0 0.416406 0.879167 0.045191 0.050949
0 0.6375 0.866667 0.018342 0.027161
0 0.526563 0.870833 0.024494 0.031715
0 0.358594 0.883333 0.034193 0.044544
0 0.488281 0.875 0.019693 0.028264
0 0.580469 0.875 0.018846 0.02378
0 0.202344 0.923958 0.02749 0.031005
0 0.563281 0.923958 0.019693 0.028264
0 0.611719 0.925 0.01882 0.024173
0 0.63125 0.947917 0.031909 0.043454
0 0.700781 0.945833 0.031559 0.034174
0 0.753906 0.957292 0.027149 0.037383
0 0.078125 0.954167 0.021894 0.026105
0 0.528906 0.958333 0.019429 0.026567
0 0.578906 0.971875 0.035265 0.045152
0 0.592969 0.964583 0.019543 0.023126