0 0.346094 0.011805 0.022401 0.023611
0 0.890625 0.047917 0.021105 0.028403
0 0.29375 0.066667 0.02563 0.034173
0 0.053125 0.06875 0.018756 0.022285
0 0.480469 0.0875 0.020328 0.024087
0 0.738281 0.115625 0.026156 0.035428
0 0.425781 0.132292 0.018773 0.023107
0 0.066406 0.142708 0.018331 0.025253
0 0.535156 0.147917 0.018442 0.024589
0 0.528125 0.180208 0.021701 0.028014
0 0.883594 0.202083 0.021618 0.02791
0 0.077344 0.20625 0.024938 0.031451
0 0.871875 0.251042 0.024162 0.031385
0 0.421094 0.25 0.018331 0.025253
0 0.530469 0.252083 0.021999 0.028864
0 0.296875 0.258333 0.018756 0.022285
0 0.052344 0.261458 0.021122 0.026093
0 0.083594 0.270833 0.021946 0.026299
0 0.43125 0.29375 0.02466 0.031871
0 0.249219 0.353125 0.02292 0.033794
0 0.546875 0.359375 0.021508 0.03051
0 0.659375 0.369792 0.026593 0.033416
0 0.650781 0.407292 0.018561 0.025359
0 0.292969 0.408333 0.019627 0.024405
0 0.685937 0.439583 0.024612 0.033577
0 0.192969 0.440625 0.022254 0.02805
0 0.550781 0.454167 0.02217 0.030923
0 0.654687 0.475 0.019531 0.026042
0 0.110156 0.490625 0.021894 0.026105
0 0.947656 0.522917 0.020441 0.025129
0 0.457031 0.53125 0.026389 0.034301
0 0.746875 0.542708 0.018876 0.02557
0 0.808594 0.54375 0.021618 0.02791
0 0.54375 0.561458 0.022254 0.02805
0 0.172656 0.570833 0.022729 0.02728
0 0.766406 0.577083 0.026742 0.040111
0 0.359375 0.594792 0.019992 0.026974
0 0.441406 0.601042 0.028416 0.03589
0 0.753906 0.614583 0.024736 0.0419
0 0.951562 0.630208 0.028904 0.04038
0 0.110156 0.636458 0.027753 0.034375
0 0.609375 0.638542 0.026671 0.036497
0 0.935937 0.640625 0.020676 0.026744
0 0.291406 0.657292 0.027003 0.034726
0 0.450781 0.684375 0.021479 0.027243
0 0.363281 0.690625 0.021479 0.027243
0 0.974219 0.705208 0.019574 0.023676
0 0.564844 0.708333 0.01971 0.025332
0 0.048438 0.723958 0.019925 0.025905
0 0.085156 0.833333 0.032634 0.040237
0 0.375781 0.830208 0.022971 0.028458
0 0.623437 0.855208 0.027003 0.034726
0 0.3875 0.892708 0.023319 0.029672
0 0.435937 0.915625 0.019574 0.023676
0 0.291406 0.944792 0.018773 0.023107
0 0.371094 0.959375 0.021804 0.02852
0 0.213281 0.959375 0.020566 0.026042
0 0.647656 0.9875 0.020328 0.024087