0 0.60625 0.104167 0.02966 0.037702
0 0.744531 0.135417 0.041507 0.038648
0 0.629687 0.136458 0.024319 0.034057
0 0.136719 0.166667 0.021618 0.02791
0 0.821094 0.16875 0.0197 0.025227
0 0.402344 0.232292 0.030697 0.03911
0 0.342187 0.264583 0.020566 0.026042
0 0.5125 0.278125 0.023654 0.029634
0 0.589063 0.302083 0.027189 0.043365
0 0.19375 0.334375 0.026202 0.038317
0 0.846875 0.38125 0.026862 0.034014
0 0.710156 0.417708 0.030643 0.03722
0 0.902344 0.4625 0.025032 0.034809
0 0.391406 0.501042 0.019638 0.024534
0 0.899219 0.509375 0.021362 0.02664
0 0.351562 0.60625 0.022758 0.030751
0 0.697656 0.820833 0.021339 0.026862
0 0.583594 0.834375 0.03186 0.039148
0 0.238281 0.9 0.02563 0.034173
0 0.717969 0.951042 0.024496 0.029918
0 0.548438 0.951042 0.019925 0.025905
0 0.620313 0.960417 0.034599 0.040158
0 0.926562 0.965625 0.026681 0.038686
0 0.252344 0.965625 0.028864 0.035994
0 0.75625 0.978125 0.022971 0.028458