0 0.079687 0.012068 0.022861 0.024136
0 0.986719 0.05 0.024416 0.036121
0 0.991017 0.113542 0.017966 0.030501
0 0.19375 0.177083 0.022254 0.02805
0 0.367969 0.209375 0.024652 0.030465
0 0.859375 0.220833 0.022729 0.02728
0 0.14375 0.239583 0.021816 0.032581
0 0.59375 0.278125 0.023821 0.030088
0 0.3875 0.338542 0.025933 0.028897
0 0.79375 0.366667 0.025333 0.031738
0 0.039844 0.365625 0.021339 0.026862
0 0.428906 0.369792 0.025379 0.035044
0 0.673438 0.388542 0.023778 0.030992
0 0.246875 0.405208 0.023227 0.029506
0 0.923438 0.436458 0.019531 0.026042
0 0.6125 0.440625 0.022937 0.028155
0 0.8375 0.441667 0.023771 0.032677
0 0.676562 0.455208 0.020288 0.027694
0 0.871875 0.464583 0.020866 0.027821
0 0.277344 0.480208 0.02613 0.038424
0 0.242969 0.488542 0.025086 0.031874
0 0.80625 0.489583 0.022971 0.028458
0 0.163281 0.50625 0.025084 0.027371
0 0.370312 0.564583 0.020676 0.026744
0 0.528125 0.598958 0.026862 0.034014
0 0.380469 0.598958 0.021479 0.027243
0 0.475 0.659375 0.019893 0.027596
0 0.817969 0.66875 0.027678 0.033246
0 0.552344 0.7 0.026686 0.03868
0 0.282031 0.711458 0.024162 0.031385
0 0.821875 0.754167 0.022729 0.02728
0 0.391406 0.854167 0.021648 0.029332
0 0.108594 0.883333 0.024045 0.035033
0 0.703125 0.885417 0.022729 0.02728
0 0.675 0.959375 0.02743 0.037292
0 0.811719 0.955208 0.022006 0.030167
0 0.990056 0.963542 0.019889 0.036614