0 0.907813 0.046875 0.025161 0.030661
0 0.4875 0.103125 0.020147 0.028452
0 0.554688 0.167708 0.031313 0.039635
0 0.574219 0.259375 0.02714 0.033665
0 0.066406 0.283333 0.028395 0.03899
0 0.295312 0.289583 0.018876 0.02557
0 0.207813 0.296875 0.018773 0.023107
0 0.697656 0.319792 0.031498 0.039933
0 0.432812 0.330208 0.023988 0.030346
0 0.019531 0.373958 0.02979 0.03187
0 0.151562 0.386458 0.018939 0.024442
0 0.375781 0.432292 0.017301 0.024027
0 0.667188 0.475 0.025088 0.031317
0 0.174219 0.510417 0.025071 0.030312
0 0.692969 0.528125 0.01902 0.024748
0 0.182812 0.534375 0.018048 0.02325
0 0.6875 0.565625 0.032608 0.041704
0 0.546875 0.559375 0.018342 0.027161
0 0.840625 0.740625 0.018939 0.024442
0 0.691406 0.753125 0.022006 0.035464
0 0.872656 0.795833 0.028577 0.036218
0 0.24375 0.839583 0.029185 0.036894
0 0.379688 0.883333 0.018052 0.026078
0 0.65 0.89375 0.027736 0.03412