0 0.775 0.010122 0.019925 0.020244
0 0.539062 0.020899 0.028481 0.041799
0 0.6875 0.01875 0.020416 0.025301
0 0.584375 0.023958 0.022995 0.032052
0 0.989844 0.022917 0.018561 0.025359
0 0.814063 0.033333 0.020044 0.026726
0 0.800781 0.035417 0.017835 0.025128
0 0.594531 0.0375 0.018939 0.024442
0 0.485938 0.057292 0.037182 0.052422
0 0.035937 0.053125 0.020566 0.026042
0 0.248438 0.060417 0.027637 0.03634
0 0.627344 0.064583 0.021542 0.029952
0 0.392969 0.072917 0.040919 0.040259
0 0.675 0.073958 0.02867 0.035498
0 0.064844 0.076042 0.019627 0.024405
0 0.129688 0.078125 0.023796 0.029832
0 0.572656 0.080208 0.018691 0.025445
0 0.202344 0.089583 0.027054 0.032892
0 0.242969 0.090625 0.018773 0.023107
0 0.360938 0.092708 0.019558 0.02407
0 0.945312 0.105208 0.023293 0.029834
0 0.883594 0.119792 0.02486 0.031
0 0.189062 0.11875 0.018773 0.023107
0 0.854688 0.13125 0.02545 0.035034
0 0.764062 0.145833 0.027013 0.034554
0 0.414844 0.146875 0.021648 0.029332
0 0.367969 0.15 0.018939 0.024442
0 0.721875 0.155208 0.028598 0.034664
0 0.365625 0.1625 0.022937 0.028155
0 0.491406 0.165625 0.02143 0.027648
0 0.058594 0.178125 0.022995 0.032052
0 0.219531 0.179167 0.026753 0.035531
0 0.203125 0.177083 0.022883 0.028677
0 0.032813 0.182292 0.020697 0.026524
0 0.814063 0.194792 0.026317 0.036132
0 0.38125 0.191667 0.020676 0.026744
0 0.201563 0.207292 0.029919 0.036775
0 0.4625 0.213542 0.020537 0.027934
0 0.553906 0.220833 0.026593 0.033416
0 0.592969 0.228125 0.022707 0.026328
0 0.738281 0.234375 0.032859 0.041096
0 0.419531 0.234375 0.031258 0.036923
0 0.723437 0.238542 0.019733 0.025046
0 0.971875 0.239583 0.019339 0.027372
0 0.009657 0.242708 0.019313 0.030774
0 0.671875 0.252083 0.018756 0.022285
0 0.680469 0.257292 0.021618 0.02791
0 0.292187 0.264583 0.027141 0.034876
0 0.245312 0.260417 0.020328 0.024087
0 0.465625 0.261458 0.019627 0.024405
0 0.679688 0.279167 0.025456 0.031641
0 0.36875 0.284375 0.020046 0.026244
0 0.032813 0.288542 0.026376 0.032785
0 0.439063 0.284375 0.020441 0.025129
0 0.93125 0.2875 0.01733 0.02503
0 0.450781 0.30625 0.026302 0.034779
0 0.278125 0.309375 0.022418 0.029062
0 0.511719 0.314583 0.021339 0.026862
0 0.857031 0.320833 0.024492 0.034303
0 0.735938 0.326042 0.026376 0.032785
0 0.496875 0.329167 0.022729 0.02728
0 0.609375 0.330208 0.020627 0.027503
0 0.260937 0.3375 0.029528 0.037575
0 0.802344 0.3375 0.028506 0.035084
0 0.896875 0.339583 0.020416 0.025301
0 0.480469 0.346875 0.023185 0.034666
0 0.3125 0.346875 0.022828 0.027821
0 0.238281 0.347917 0.021362 0.02664
0 0.5375 0.346875 0.019925 0.025905
0 0.425781 0.3625 0.028215 0.035868
0 0.24375 0.360417 0.020566 0.026042
0 0.313281 0.361458 0.023456 0.028163
0 0.822656 0.360417 0.019909 0.025929
0 0.214844 0.366667 0.025365 0.0303
0 0.529687 0.369792 0.019531 0.027421
0 0.790625 0.383333 0.037738 0.047039
0 0.551562 0.376042 0.019531 0.027421
0 0.814063 0.379167 0.020046 0.026244
0 0.442188 0.383333 0.023718 0.029015
0 0.578906 0.38125 0.018939 0.024442
0 0.414844 0.388542 0.020566 0.026042
0 0.451562 0.394792 0.023532 0.037745
0 0.555469 0.391667 0.017438 0.024063
0 0.095312 0.39375 0.018756 0.022285
0 0.686719 0.4 0.027149 0.037383
0 0.873437 0.408333 0.020416 0.025301
0 0.289844 0.413542 0.030857 0.035187
0 0.236719 0.415625 0.031588 0.036648
0 0.036719 0.41875 0.028106 0.035108
0 0.559375 0.427083 0.023293 0.029834
0 0.453125 0.444792 0.020328 0.024087
0 0.263281 0.45 0.021161 0.025349
0 0.563281 0.459375 0.026 0.035478
0 0.140625 0.45625 0.021161 0.025349
0 0.049219 0.459375 0.024623 0.030229
0 0.652344 0.463542 0.019638 0.024534
0 0.148438 0.472917 0.026791 0.034443
0 0.689844 0.475 0.017438 0.024063
0 0.386719 0.486458 0.021542 0.027554
0 0.952344 0.485417 0.018008 0.02309
0 0.58125 0.494792 0.026823 0.032782
0 0.795312 0.495833 0.020676 0.026744
0 0.199219 0.497917 0.020328 0.024087
0 0.011719 0.501042 0.0197 0.025227
0 0.289844 0.505208 0.027905 0.034571
0 0.361719 0.504167 0.025243 0.032454
0 0.692187 0.514583 0.027408 0.028239
0 0.389062 0.522917 0.029623 0.036902
0 0.202344 0.519792 0.026686 0.031536
0 0.371875 0.519792 0.022111 0.027748
0 0.973437 0.523958 0.019909 0.025929
0 0.471094 0.527083 0.0211 0.027734
0 0.124219 0.534375 0.018161 0.023679
0 0.345313 0.55 0.019925 0.025905
0 0.73125 0.554167 0.023293 0.029834
0 0.904687 0.55625 0.020551 0.027917
0 0.349219 0.555208 0.018756 0.022285
0 0.021875 0.560417 0.019909 0.025929
0 0.310937 0.576042 0.037257 0.048576
0 0.536719 0.566667 0.019531 0.026042
0 0.71875 0.586458 0.021105 0.028403
0 0.933594 0.59375 0.028563 0.035992
0 0.186719 0.595833 0.019627 0.024405
0 0.817969 0.596875 0.021264 0.026134
0 0.525781 0.604167 0.030797 0.035486
0 0.600781 0.60625 0.025511 0.032143
0 0.720313 0.60625 0.02306 0.029195
0 0.741406 0.605208 0.018756 0.022285
0 0.478125 0.619792 0.025853 0.032508
0 0.828906 0.623958 0.021198 0.026257
0 0.6375 0.633333 0.019893 0.027596
0 0.794531 0.644792 0.033048 0.041527
0 0.971094 0.647917 0.019638 0.024534
0 0.422656 0.659375 0.02799 0.035397
0 0.6625 0.660417 0.02377 0.034186
0 0.870313 0.661458 0.029009 0.033698
0 0.696094 0.667708 0.021119 0.029767
0 0.726562 0.667708 0.020676 0.026744
0 0.402344 0.671875 0.025095 0.028633
0 0.277344 0.679167 0.037065 0.038811
0 0.777344 0.676042 0.018442 0.024589
0 0.388281 0.686458 0.019195 0.026357
0 0.242969 0.698958 0.023456 0.028163
0 0.196875 0.713542 0.020801 0.028133
0 0.182031 0.71875 0.020328 0.024087
0 0.261719 0.73125 0.021804 0.02852
0 0.86875 0.732292 0.019558 0.02407
0 0.939063 0.734375 0.019893 0.027596
0 0.135156 0.748958 0.03041 0.038352
0 0.294531 0.752083 0.027905 0.034571
0 0.664062 0.754167 0.0201 0.026364
0 0.117188 0.755208 0.019178 0.025168
0 0.083594 0.760417 0.024185 0.030712
0 0.258594 0.766667 0.021989 0.028877
0 0.860156 0.769792 0.02537 0.032683
0 0.482031 0.767708 0.021339 0.026862
0 0.467187 0.772917 0.026124 0.031426
0 0.622656 0.779167 0.026724 0.034099
0 0.209375 0.780208 0.024733 0.030499
0 0.167187 0.785417 0.02679 0.03209
0 0.591406 0.789583 0.020341 0.025073
0 0.239844 0.792708 0.018773 0.023107
0 0.876563 0.798958 0.024663 0.031259
0 0.198437 0.801042 0.019574 0.023676
0 0.992572 0.811458 0.014855 0.023107
0 0.286719 0.830208 0.026571 0.034874
0 0.771875 0.832292 0.026593 0.033416
0 0.626563 0.830208 0.020789 0.026845
0 0.966406 0.829167 0.018008 0.02309
0 0.182812 0.841667 0.026041 0.030394
0 0.390625 0.841667 0.023293 0.029834
0 0.849219 0.839583 0.018561 0.025359
0 0.664062 0.841667 0.018756 0.022285
0 0.621094 0.845833 0.018331 0.025253
0 0.070312 0.847917 0.021112 0.025088
0 0.207031 0.847917 0.018939 0.024442
0 0.070312 0.85625 0.020566 0.026042
0 0.514062 0.857292 0.021198 0.026257
0 0.474219 0.858333 0.020566 0.026042
0 0.30625 0.860417 0.020537 0.027934
0 0.200781 0.863542 0.019909 0.025929
0 0.021094 0.877083 0.021999 0.028864
0 0.107813 0.896875 0.026048 0.031808
0 0.692969 0.895833 0.020328 0.024087
0 0.759375 0.902083 0.020537 0.027934
0 0.95 0.905208 0.026124 0.031426
0 0.617969 0.909375 0.026045 0.036005
0 0.036719 0.911458 0.018773 0.023107
0 0.308594 0.923958 0.018773 0.023107
0 0.277344 0.928125 0.020479 0.026286
0 0.189844 0.930208 0.020697 0.026524
0 0.285938 0.94375 0.028263 0.04104
0 0.334375 0.934375 0.018939 0.024442
0 0.040625 0.938542 0.021976 0.025927
0 0.241406 0.940625 0.023796 0.029832
0 0.460938 0.944792 0.019925 0.025905
0 0.107813 0.946875 0.019627 0.024405
0 0.046875 0.948958 0.019792 0.025321
0 0.715625 0.955208 0.019992 0.026974
0 0.794531 0.961458 0.022026 0.030025
0 0.075781 0.964583 0.023592 0.027503
0 0.091406 0.977083 0.027826 0.033764