0 0.689844 0.032292 0.017759 0.024215
0 0.502344 0.044792 0.02168 0.028193
0 0.241406 0.065625 0.027459 0.039071
0 0.955469 0.071875 0.02168 0.028193
0 0.504687 0.071875 0.01971 0.025332
0 0.877344 0.089583 0.020627 0.027503
0 0.254688 0.097917 0.020566 0.026042
0 0.913281 0.107292 0.021701 0.028014
0 0.767969 0.107292 0.018939 0.024442
0 0.125 0.160417 0.020328 0.024087
0 0.557813 0.160417 0.019638 0.024534
0 0.567187 0.169792 0.020666 0.028723
0 0.839063 0.1875 0.026637 0.037182
0 0.921875 0.19375 0.028034 0.037029
0 0.383594 0.214583 0.020328 0.024087
0 0.522656 0.232292 0.026901 0.032323
0 0.392969 0.238542 0.021198 0.026257
0 0.044531 0.238542 0.018876 0.02557
0 0.977344 0.246875 0.028522 0.040307
0 0.354687 0.240625 0.021239 0.025868
0 0.678906 0.25625 0.021314 0.02663
0 0.377344 0.264583 0.018773 0.023107
0 0.439844 0.282292 0.020566 0.026042
0 0.444531 0.294792 0.021339 0.026862
0 0.961719 0.315625 0.024669 0.036072
0 0.852344 0.342708 0.028125 0.037981
0 0.84375 0.340625 0.02095 0.027383
0 0.517188 0.353125 0.019992 0.026974
0 0.900781 0.364583 0.027328 0.035328
0 0.780469 0.361458 0.018561 0.025359
0 0.091406 0.408333 0.025873 0.039054
0 0.93125 0.405208 0.023325 0.031295
0 0.94375 0.405208 0.020676 0.026744
0 0.16875 0.41875 0.021978 0.027245
0 0.715625 0.428125 0.022883 0.028677
0 0.73125 0.435417 0.020801 0.028133
0 0.142969 0.463542 0.018773 0.023107
0 0.878906 0.471875 0.033878 0.038391
0 0.857031 0.483333 0.018008 0.02309
0 0.355469 0.495833 0.026742 0.033612
0 0.357812 0.53125 0.018773 0.023107
0 0.948438 0.598958 0.023931 0.031351
0 0.448437 0.610417 0.018999 0.02628
0 0.4375 0.655208 0.023583 0.030562
0 0.674219 0.678125 0.020566 0.026042
0 0.901563 0.683333 0.019925 0.025905
0 0.35625 0.694792 0.02095 0.027383
0 0.839063 0.733333 0.020432 0.028638
0 0.684375 0.735417 0.019531 0.027421
0 0.404687 0.765625 0.019992 0.026974
0 0.226562 0.769792 0.021701 0.028014
0 0.894531 0.796875 0.031256 0.03844
0 0.684375 0.795833 0.022971 0.028458
0 0.429688 0.810417 0.029398 0.038363
0 0.771094 0.809375 0.01882 0.024173
0 0.839844 0.822917 0.020341 0.025073
0 0.202344 0.840625 0.029398 0.038363
0 0.653125 0.835417 0.019925 0.025905
0 0.05 0.847917 0.041938 0.043213
0 0.083594 0.840625 0.020441 0.025129
0 0.210938 0.839583 0.018773 0.023107
0 0.264062 0.869792 0.023103 0.02886
0 0.867188 0.86875 0.019531 0.027421
0 0.533594 0.876042 0.019638 0.024534
0 0.716406 0.883333 0.024837 0.032478
0 0.305469 0.889583 0.02101 0.028935
0 0.041406 0.897917 0.041557 0.039876
0 0.740625 0.903125 0.023127 0.02972
0 0.435937 0.909375 0.020676 0.026744
0 0.411719 0.919792 0.042014 0.045683
0 0.140625 0.970833 0.020938 0.027401