0 0.371875 0.011508 0.022729 0.023015
0 0.228906 0.016059 0.026084 0.032118
0 0.358594 0.0125 0.018921 0.024472
0 0.210938 0.028125 0.022111 0.027748
0 0.621875 0.0625 0.026048 0.031808
0 0.961719 0.114583 0.018442 0.024589
0 0.082812 0.144792 0.025129 0.029733
0 0.00828 0.154167 0.01656 0.029296
0 0.741406 0.165625 0.024418 0.030455
0 0.934375 0.169792 0.023583 0.030562
0 0.239844 0.204167 0.028259 0.041045
0 0.564063 0.2 0.019627 0.024405
0 0.464844 0.202083 0.018561 0.025359
0 0.617188 0.227083 0.023432 0.030501
0 0.899219 0.232292 0.028106 0.035108
0 0.253906 0.232292 0.018773 0.023107
0 0.260156 0.242708 0.021161 0.025349
0 0.919531 0.294792 0.018161 0.023679
0 0.390625 0.296875 0.019574 0.023676
0 0.176563 0.311458 0.019792 0.025321
0 0.577344 0.315625 0.026571 0.034874
0 0.639062 0.316667 0.020046 0.026244
0 0.184375 0.316667 0.018939 0.024442
0 0.444531 0.322917 0.020441 0.025129
0 0.820312 0.326042 0.02306 0.029195
0 0.454688 0.347917 0.022143 0.027371
0 0.734375 0.347917 0.023227 0.029506
0 0.764844 0.352083 0.027516 0.034627
0 0.971094 0.372917 0.023623 0.035791
0 0.480469 0.373958 0.018876 0.02557
0 0.204687 0.378125 0.020416 0.025301
0 0.432031 0.383333 0.021239 0.025868
0 0.553125 0.404167 0.018756 0.022285
0 0.54375 0.419792 0.021727 0.028969
0 0.417969 0.423958 0.021339 0.026862
0 0.757812 0.455208 0.020566 0.026042
0 0.583594 0.457292 0.021819 0.028356
0 0.117969 0.470833 0.024309 0.027699
0 0.652344 0.469792 0.019683 0.026728
0 0.407813 0.482292 0.021701 0.028014
0 0.221094 0.508333 0.026838 0.03795
0 0.649219 0.508333 0.021978 0.027245
0 0.386719 0.514583 0.019792 0.025321
0 0.329688 0.520833 0.025088 0.031317
0 0.732031 0.530208 0.032944 0.040476
0 0.846094 0.552083 0.024381 0.03447
0 0.942187 0.546875 0.017759 0.024215
0 0.290625 0.596875 0.026299 0.033348
0 0.5375 0.604167 0.027816 0.03591
0 0.599219 0.611458 0.018939 0.024442
0 0.504687 0.627083 0.02018 0.026907
0 0.071875 0.644792 0.020441 0.025129
0 0.278906 0.651042 0.021243 0.027194
0 0.250781 0.6625 0.031179 0.042748
0 0.980469 0.675 0.02479 0.031527
0 0.0125 0.680208 0.022937 0.028155
0 0.139844 0.682292 0.023796 0.029832
0 0.24375 0.691667 0.025969 0.046021
0 0.094531 0.689583 0.01882 0.024173
0 0.360156 0.694792 0.021264 0.026134
0 0.653906 0.704167 0.021542 0.027554
0 0.588281 0.709375 0.02143 0.027648
0 0.117969 0.711458 0.02128 0.027471
0 0.377344 0.714583 0.025348 0.03196
0 0.4125 0.721875 0.022464 0.028723
0 0.830469 0.727083 0.02475 0.031228
0 0.554688 0.734375 0.02648 0.033546
0 0.198437 0.732292 0.01971 0.025332
0 0.642969 0.74375 0.026608 0.034667
0 0.504687 0.744792 0.024232 0.030858
0 0.133594 0.74375 0.02284 0.02723
0 0.864062 0.761458 0.023538 0.032216
0 0.945312 0.761458 0.019925 0.025905
0 0.34375 0.770833 0.026402 0.034282
0 0.809375 0.769792 0.019925 0.025905
0 0.520312 0.780208 0.031347 0.039233
0 0.398438 0.784375 0.021701 0.028014
0 0.430469 0.7875 0.024492 0.034303
0 0.489063 0.802083 0.020479 0.026286
0 0.516406 0.802083 0.021362 0.02664
0 0.914844 0.807292 0.021563 0.029929
0 0.224219 0.819792 0.028373 0.036894
0 0.28125 0.816667 0.021894 0.026105
0 0.932813 0.820833 0.02095 0.027383
0 0.421875 0.835417 0.020627 0.027503
0 0.217969 0.847917 0.02434 0.033657
0 0.009422 0.846875 0.018845 0.025253
0 0.139063 0.858333 0.026757 0.03663
0 0.490625 0.861458 0.020441 0.025129
0 0.01875 0.870833 0.021362 0.02664
0 0.398438 0.873958 0.021999 0.028864
0 0.361719 0.873958 0.018939 0.024442
0 0.14375 0.91875 0.021198 0.026257
0 0.63125 0.930208 0.028521 0.035325
0 0.307812 0.94375 0.026848 0.034118
0 0.964063 0.970833 0.022128 0.030307
0 0.017969 0.984375 0.021314 0.02663
0 0.513281 0.984375 0.01882 0.024173
0 0.429688 0.987487 0.029692 0.025026
0 0.302344 0.989741 0.018756 0.020517