0 0.750781 0.027083 0.022094 0.027539
0 0.567969 0.032292 0.018939 0.024442
0 0.964063 0.0375 0.025814 0.034767
0 0.292187 0.038542 0.019633 0.024542
0 0.642188 0.045833 0.03354 0.039789
0 0.367969 0.055208 0.030286 0.048252
0 0.690625 0.054167 0.032998 0.039856
0 0.660937 0.048958 0.019909 0.025929
0 0.447656 0.051042 0.018773 0.023107
0 0.725781 0.084375 0.018756 0.022285
0 0.749219 0.092708 0.021198 0.026257
0 0.730469 0.108333 0.02563 0.038202
0 0.376563 0.103125 0.018939 0.024442
0 0.68125 0.105208 0.019558 0.02407
0 0.876563 0.107292 0.019558 0.02407
0 0.764844 0.113542 0.024995 0.032943
0 0.507031 0.11875 0.030952 0.040324
0 0.125 0.116667 0.017438 0.024063
0 0.625 0.119792 0.019627 0.024405
0 0.810937 0.122917 0.022971 0.028458
0 0.630469 0.121875 0.018773 0.023107
0 0.157031 0.128125 0.022418 0.029062
0 0.542969 0.129167 0.018124 0.023544
0 0.385156 0.133333 0.018008 0.02309
0 0.344531 0.140625 0.019531 0.026042
0 0.85 0.146875 0.022111 0.027748
0 0.591406 0.146875 0.020566 0.026042
0 0.530469 0.163542 0.01882 0.024173
0 0.575781 0.182292 0.034496 0.042598
0 0.227344 0.175 0.019574 0.023676
0 0.48125 0.189583 0.01882 0.024173
0 0.517188 0.190625 0.0197 0.025227
0 0.249219 0.205208 0.031134 0.040923
0 0.499219 0.208333 0.035402 0.045989
0 0.646094 0.198958 0.018756 0.022285
0 0.61875 0.203125 0.019429 0.026567
0 0.539844 0.203125 0.019178 0.025168
0 0.325 0.208333 0.018442 0.024589
0 0.345313 0.209375 0.018939 0.024442
0 0.790625 0.219792 0.019909 0.025929
0 0.915625 0.223958 0.019558 0.02407
0 0.071094 0.232292 0.019574 0.023676
0 0.192188 0.240625 0.030452 0.039049
0 0.745313 0.233333 0.019792 0.025321
0 0.245312 0.245833 0.023556 0.02766
0 0.828125 0.246875 0.022729 0.02728
0 0.971875 0.255208 0.023248 0.030703
0 0.136719 0.260417 0.021105 0.028403
0 0.367188 0.284375 0.029992 0.039491
0 0.980469 0.284375 0.028734 0.037644
0 0.921875 0.285417 0.023026 0.028919
0 0.546094 0.283333 0.020328 0.024087
0 0.767188 0.283333 0.018773 0.023107
0 0.961719 0.290625 0.025003 0.032842
0 0.269531 0.291667 0.021176 0.031534
0 0.217969 0.295833 0.021362 0.02664
0 0.574219 0.294792 0.019178 0.025168
0 0.386719 0.316667 0.046686 0.052657
0 0.407031 0.304167 0.019925 0.025905
0 0.508594 0.313542 0.03199 0.039062
0 0.629687 0.3125 0.019531 0.026042
0 0.417969 0.31875 0.021412 0.031463
0 0.761719 0.316667 0.019558 0.02407
0 0.282031 0.323958 0.024847 0.031127
0 0.432812 0.332292 0.020566 0.027421
0 0.552344 0.340625 0.033326 0.043575
0 0.951562 0.33125 0.020416 0.025301
0 0.346094 0.33125 0.018442 0.024589
0 0.447656 0.340625 0.034376 0.043003
0 0.307031 0.333333 0.018773 0.023107
0 0.245312 0.335417 0.019531 0.026042
0 0.946094 0.334375 0.018773 0.023107
0 0.426563 0.342708 0.027373 0.029352
0 0.496094 0.348958 0.020566 0.026042
0 0.639844 0.348958 0.017438 0.024063
0 0.760938 0.352083 0.024039 0.030661
0 0.263281 0.355208 0.019627 0.024405
0 0.425781 0.377083 0.035646 0.06371
0 0.403125 0.36875 0.031144 0.038767
0 0.89375 0.364583 0.022566 0.031762
0 0.239063 0.363542 0.02077 0.027051
0 0.620313 0.3625 0.018008 0.02309
0 0.346875 0.365625 0.018124 0.023544
0 0.9875 0.372917 0.0201 0.026364
0 0.900781 0.382292 0.02755 0.038906
0 0.477344 0.38125 0.018787 0.026105
0 0.008816 0.388542 0.017631 0.024534
0 0.889062 0.390625 0.017317 0.024011
0 0.682031 0.398958 0.0201 0.026364
0 0.703906 0.4 0.017438 0.024063
0 0.529687 0.410417 0.019683 0.026728
0 0.461719 0.413542 0.018161 0.023679
0 0.1375 0.415625 0.018096 0.024127
0 0.399219 0.41875 0.018773 0.023107
0 0.575 0.421875 0.018008 0.02309
0 0.732031 0.426042 0.02479 0.031527
0 0.741406 0.429167 0.020416 0.025301
0 0.410156 0.43125 0.020341 0.025073
0 0.64375 0.432292 0.022937 0.028155
0 0.303125 0.436458 0.023556 0.02766
0 0.757031 0.4375 0.021459 0.027275
0 0.471875 0.453125 0.019543 0.023126
0 0.189062 0.45625 0.021161 0.025349
0 0.291406 0.458333 0.018939 0.024442
0 0.323437 0.461458 0.019925 0.025905
0 0.341406 0.4625 0.018008 0.02309
0 0.757812 0.463542 0.019733 0.025046
0 0.339844 0.46875 0.019638 0.024534
0 0.648438 0.480208 0.019925 0.025905
0 0.832812 0.482292 0.018939 0.024442
0 0.8625 0.485417 0.018756 0.022285
0 0.050781 0.496875 0.021542 0.027554
0 0.723437 0.497917 0.018756 0.022285
0 0.2375 0.502083 0.017982 0.022269
0 0.616406 0.503125 0.021161 0.025349
0 0.396875 0.510417 0.018827 0.023629
0 0.335156 0.517708 0.024943 0.034642
0 0.555469 0.516667 0.020328 0.024087
0 0.519531 0.519792 0.02143 0.027648
0 0.710156 0.520833 0.018561 0.025359
0 0.348438 0.527083 0.019627 0.024405
0 0.982812 0.530208 0.019925 0.025905
0 0.323437 0.551042 0.041591 0.05627
0 0.650781 0.536458 0.019638 0.024534
0 0.574219 0.54375 0.018048 0.02325
0 0.8125 0.54375 0.019792 0.025321
0 0.860156 0.554167 0.031634 0.037536
0 0.645312 0.552083 0.019119 0.025492
0 0.496094 0.55625 0.018939 0.024442
0 0.782813 0.55625 0.019574 0.023676
0 0.11875 0.565625 0.016702 0.023976
0 0.157031 0.582292 0.032325 0.040655
0 0.966406 0.598958 0.03089 0.038487
0 0.494531 0.597917 0.019558 0.02407
0 0.726562 0.597917 0.019925 0.025905
0 0.736719 0.616667 0.033049 0.040282
0 0.085938 0.610417 0.019733 0.025046
0 0.244531 0.625 0.021258 0.033506
0 0.364063 0.628125 0.019792 0.025321
0 0.783594 0.629167 0.018008 0.02309
0 0.415625 0.638542 0.018008 0.02309
0 0.66875 0.646875 0.018939 0.024442
0 0.685156 0.666667 0.02434 0.033657
0 0.674219 0.684375 0.017759 0.024215
0 0.844531 0.694792 0.020566 0.026042
0 0.607031 0.725 0.024535 0.029481
0 0.6375 0.726042 0.023097 0.028871
0 0.870313 0.726042 0.020566 0.026042
0 0.114844 0.727083 0.021819 0.028356
0 0.647656 0.728125 0.0184 0.026183
0 0.307812 0.729167 0.018827 0.023629
0 0.642969 0.73125 0.018008 0.02309
0 0.202344 0.738542 0.019574 0.023676
0 0.642969 0.740625 0.018442 0.024589
0 0.246094 0.745833 0.02095 0.027383
0 0.089844 0.75 0.020566 0.026042
0 0.942187 0.753125 0.019574 0.023676
0 0.619531 0.75625 0.018331 0.025253
0 0.89375 0.759375 0.020566 0.026042
0 0.783594 0.763542 0.018939 0.024442
0 0.599219 0.780208 0.020537 0.027934
0 0.846094 0.785417 0.018442 0.024589
0 0.673438 0.786458 0.019925 0.025905
0 0.6625 0.794792 0.019627 0.024405
0 0.60625 0.802083 0.023607 0.028741
0 0.882031 0.815625 0.027871 0.035612
0 0.057813 0.832292 0.026571 0.025454
0 0.521875 0.847917 0.018756 0.022285
0 0.410156 0.855208 0.018756 0.022285
0 0.814063 0.85625 0.019909 0.025929
0 0.719531 0.860417 0.019792 0.025321
0 0.440625 0.864583 0.018161 0.023679
0 0.724219 0.870833 0.019531 0.026042
0 0.750781 0.872917 0.017759 0.024215
0 0.335938 0.886458 0.030698 0.037942
0 0.711719 0.879167 0.017438 0.024063
0 0.689844 0.901042 0.018442 0.024589
0 0.300781 0.911458 0.018008 0.02309
0 0.772656 0.921875 0.026273 0.033081
0 0.244531 0.91875 0.017317 0.024011
0 0.235156 0.928125 0.028771 0.035224
0 0.348438 0.928125 0.019574 0.023676
0 0.4 0.938542 0.018442 0.024589
0 0.90625 0.939583 0.019084 0.024921
0 0.567187 0.944792 0.017759 0.024215
0 0.88125 0.966667 0.026358 0.034584
0 0.949219 0.973958 0.021796 0.030069
0 0.847656 0.989723 0.018939 0.020554