0 0.025781 0.032292 0.02585 0.031338
0 0.759375 0.057292 0.019925 0.025905
0 0.769531 0.064583 0.022186 0.028591
0 0.334375 0.105208 0.022937 0.028155
0 0.778125 0.103125 0.01971 0.025332
0 0.653906 0.111458 0.023462 0.02542
0 0.350781 0.120833 0.018827 0.023629
0 0.189062 0.166667 0.018939 0.024442
0 0.00811 0.227083 0.016221 0.027927
0 0.785156 0.282292 0.018939 0.024442
0 0.006448 0.285417 0.012896 0.02313
0 0.579688 0.330208 0.022731 0.029504
0 0.644531 0.422917 0.019178 0.025168
0 0.65625 0.422917 0.019543 0.023126
0 0.482812 0.483333 0.024488 0.029055
0 0.54375 0.48125 0.019534 0.022292
0 0.008044 0.519792 0.016088 0.025868
0 0.81875 0.558333 0.023319 0.029672
0 0.667969 0.692708 0.018442 0.024589
0 0.752344 0.703125 0.021618 0.02791
0 0.785937 0.741667 0.023583 0.030562
0 0.203125 0.796875 0.019925 0.025905
0 0.057813 0.888542 0.023293 0.029834
0 0.417187 0.901042 0.024242 0.035869