0 0.774219 0.052083 0.021761 0.031624
0 0.092969 0.064583 0.024459 0.028776
0 0.805469 0.065625 0.020422 0.025409
0 0.485156 0.102083 0.018939 0.024442
0 0.480469 0.383333 0.020745 0.031408
0 0.054688 0.4875 0.021996 0.031379
0 0.483594 0.50625 0.024341 0.028597
0 0.658594 0.516667 0.0223 0.028345
0 0.608594 0.58125 0.027522 0.031911
0 0.742969 0.594792 0.022383 0.029112
0 0.361719 0.623958 0.024341 0.028597
0 0.114844 0.717708 0.021727 0.028969
0 0.171875 0.795833 0.022707 0.026328
0 0.873437 0.838542 0.023878 0.029636
0 0.603125 0.846875 0.023026 0.028919
0 0.328906 0.880208 0.024359 0.033115
0 0.365625 0.9375 0.025826 0.029329
0 0.410938 0.987737 0.021264 0.024525