0 0.439063 0.047917 0.024341 0.028597
0 0.261719 0.232292 0.025541 0.033198
0 0.792188 0.267708 0.023778 0.030992
0 0.182812 0.311458 0.026571 0.025454
0 0.228906 0.319792 0.024309 0.031325
0 0.892188 0.326042 0.02306 0.029195
0 0.163281 0.360417 0.021921 0.025381
0 0.264062 0.38125 0.023654 0.030791
0 0.894531 0.580208 0.021989 0.028877
0 0.475 0.675 0.02606 0.030638
0 0.253906 0.7 0.025343 0.032814
0 0.889844 0.772917 0.021999 0.028864
0 0.142187 0.802083 0.022325 0.028159
0 0.017969 0.80625 0.02426 0.027326
0 0.171094 0.845833 0.024436 0.029089
0 0.1875 0.871875 0.026004 0.03357
0 0.474219 0.916667 0.021921 0.025381
0 0.198437 0.944792 0.022918 0.028188
0 0.075 0.951042 0.025991 0.033068
0 0.24375 0.9625 0.023438 0.03125
0 0.573438 0.964583 0.027172 0.035363