0 0.684375 0.153125 0.02563 0.034173
0 0.204687 0.208333 0.024383 0.028296
0 0.327344 0.2125 0.025543 0.032425
0 0.988281 0.2125 0.021727 0.028969
0 0.732031 0.270833 0.021314 0.02663
0 0.4875 0.388542 0.029355 0.03426
0 0.090625 0.401042 0.023583 0.030562
0 0.182031 0.442708 0.01882 0.024173
0 0.989502 0.501042 0.020996 0.036176
0 0.055469 0.544792 0.027663 0.031935
0 0.8375 0.577083 0.026931 0.034831
0 0.942187 0.644792 0.022937 0.028155
0 0.24375 0.70625 0.025056 0.029313
0 0.439063 0.871875 0.021978 0.027245
0 0.725 0.932292 0.026416 0.034181