0 0.45 0.020833 0.020416 0.025301
0 0.292187 0.04375 0.019401 0.028319
0 0.578125 0.065625 0.021243 0.027194
0 0.354687 0.114583 0.026376 0.032785
0 0.671094 0.161458 0.021479 0.027243
0 0.64375 0.196875 0.02317 0.029214
0 0.496875 0.275 0.025018 0.030234
0 0.108594 0.284375 0.021796 0.030069
0 0.414062 0.301042 0.025819 0.026793
0 0.135937 0.326042 0.023319 0.029672
0 0.051562 0.338542 0.025273 0.030852
0 0.378906 0.364583 0.021978 0.027245
0 0.497656 0.40625 0.01902 0.024748
0 0.717969 0.428125 0.024496 0.029918
0 0.558594 0.454167 0.020566 0.026042
0 0.3 0.466667 0.022758 0.030751
0 0.470313 0.472917 0.022996 0.028271
0 0.528906 0.49375 0.021339 0.026862
0 0.755469 0.527083 0.024496 0.029918
0 0.538281 0.571875 0.021479 0.027243
0 0.328906 0.576042 0.021243 0.027194
0 0.408594 0.639583 0.021542 0.027554
0 0.704688 0.664583 0.022828 0.027821
0 0.511719 0.665625 0.021479 0.027243
0 0.130469 0.672917 0.01882 0.024173
0 0.325781 0.682292 0.024988 0.032589
0 0.515625 0.704167 0.020416 0.025301
0 0.963281 0.716667 0.018939 0.024442
0 0.249219 0.746875 0.01971 0.025332
0 0.590625 0.748958 0.019531 0.027421
0 0.110156 0.766667 0.021804 0.02852
0 0.404687 0.776042 0.020945 0.028672
0 0.597656 0.798958 0.019574 0.023676
0 0.710156 0.830208 0.025323 0.037101
0 0.020313 0.839583 0.02443 0.036107
0 0.182812 0.876042 0.019925 0.025905
0 0.854688 0.89375 0.023452 0.03577
0 0.126562 0.935417 0.02095 0.027383
0 0.565625 0.973958 0.026057 0.030133
0 0.276562 0.987358 0.021259 0.025283