0 0.171094 0.026042 0.02426 0.027326
0 0.9 0.072917 0.02755 0.036734
0 0.521875 0.070833 0.019792 0.025321
0 0.76875 0.094792 0.025806 0.027353
0 0.682031 0.147917 0.02143 0.027648
0 0.220312 0.153125 0.019084 0.024921
0 0.082031 0.213542 0.019574 0.023676
0 0.123438 0.321875 0.022861 0.027439
0 0.977344 0.341667 0.021119 0.029767
0 0.385937 0.359375 0.026477 0.032757
0 0.955469 0.377083 0.025243 0.032454
0 0.44375 0.386458 0.020422 0.025409
0 0.755469 0.397917 0.029961 0.037346
0 0.684375 0.427083 0.020627 0.027503
0 0.896875 0.485417 0.023319 0.029672
0 0.029687 0.494792 0.022729 0.02728
0 0.446875 0.517708 0.017759 0.024215
0 0.484375 0.535417 0.018773 0.023107
0 0.626563 0.609375 0.020579 0.030481
0 0.785156 0.6125 0.02168 0.028193
0 0.80625 0.632292 0.023227 0.029506
0 0.700781 0.66875 0.020328 0.024087
0 0.657031 0.673958 0.019178 0.025168
0 0.878125 0.697917 0.018756 0.022285
0 0.760938 0.725 0.026189 0.036773
0 0.40625 0.782292 0.022995 0.032052
0 0.507031 0.792708 0.021819 0.028356
0 0.367969 0.851042 0.021496 0.029886
0 0.438281 0.864583 0.02276 0.031984
0 0.540625 0.920833 0.019627 0.024405