0 0.10625 0.019792 0.021198 0.026257
0 0.032813 0.046875 0.020416 0.025301
0 0.365625 0.082292 0.023139 0.033697
0 0.516406 0.080208 0.018773 0.023107
0 0.659375 0.1 0.024516 0.030178
0 0.35625 0.102083 0.019574 0.023676
0 0.88125 0.113542 0.01902 0.024748
0 0.533594 0.122917 0.021239 0.025868
0 0.364063 0.133333 0.020627 0.027503
0 0.079687 0.15625 0.022669 0.026114
0 0.2875 0.191667 0.019792 0.025321
0 0.202344 0.203125 0.021362 0.02664
0 0.107031 0.222917 0.021542 0.029952
0 0.185156 0.219792 0.018161 0.023679
0 0.089063 0.227083 0.020046 0.026244
0 0.250781 0.2375 0.024623 0.030229
0 0.3125 0.25 0.020314 0.022296
0 0.710938 0.288542 0.018756 0.022285
0 0.835156 0.294792 0.018008 0.02309
0 0.08125 0.330208 0.022911 0.031609
0 0.567969 0.33125 0.022856 0.029993
0 0.314063 0.358333 0.018846 0.02378
0 0.391406 0.366667 0.021161 0.025349
0 0.85 0.371875 0.030578 0.031337
0 0.667969 0.372917 0.019574 0.023676
0 0.396875 0.380208 0.023964 0.032621
0 0.982812 0.390625 0.020072 0.030358
0 0.210938 0.40625 0.024835 0.031146
0 0.605469 0.460417 0.018939 0.024442
0 0.894531 0.475 0.024274 0.028304
0 0.469531 0.508333 0.018939 0.024442
0 0.054688 0.547917 0.022937 0.028155
0 0.339062 0.5625 0.022971 0.028458
0 0.069531 0.620833 0.019627 0.024405
0 0.626563 0.629167 0.021314 0.02663
0 0.317969 0.639583 0.028005 0.034371
0 0.558594 0.652083 0.018991 0.026389
0 0.534375 0.65625 0.020416 0.025301
0 0.425781 0.658333 0.021819 0.028356
0 0.991966 0.661458 0.016068 0.026257
0 0.550781 0.671875 0.018939 0.024442
0 0.694531 0.678125 0.020566 0.026042
0 0.539844 0.68125 0.018442 0.024589
0 0.130469 0.688542 0.018939 0.024442
0 0.535937 0.697917 0.029977 0.042523
0 0.291406 0.7125 0.021239 0.025868
0 0.588281 0.7125 0.021339 0.026862
0 0.870313 0.727083 0.0201 0.026364
0 0.521094 0.740625 0.018124 0.023544
0 0.782813 0.766667 0.019638 0.024534
0 0.282031 0.76875 0.018008 0.02309
0 0.153906 0.780208 0.021171 0.025078
0 0.975781 0.795833 0.018442 0.024589
0 0.617188 0.803125 0.01902 0.024748
0 0.060156 0.81875 0.019574 0.023676
0 0.309375 0.823958 0.022883 0.028677
0 0.957812 0.822917 0.020627 0.027503
0 0.553125 0.823958 0.019909 0.025929
0 0.649219 0.830208 0.018124 0.023544
0 0.660156 0.84375 0.018939 0.024442
0 0.217188 0.844792 0.019733 0.025046
0 0.417969 0.863542 0.021339 0.026862
0 0.017969 0.884375 0.021264 0.026134
0 0.205469 0.888542 0.018939 0.024442
0 0.109375 0.923958 0.019534 0.022292
0 0.780469 0.936458 0.019531 0.026042
0 0.35625 0.982292 0.022729 0.02728