0 0.714063 0.060417 0.018561 0.025359
0 0.114844 0.063542 0.021989 0.028877
0 0.465625 0.094792 0.0201 0.026364
0 0.821875 0.110417 0.021978 0.027245
0 0.344531 0.110417 0.017759 0.024215
0 0.959375 0.122917 0.020537 0.027934
0 0.535937 0.132292 0.0184 0.026183
0 0.15625 0.136458 0.019574 0.023676
0 0.116406 0.153125 0.01882 0.024173
0 0.698438 0.18125 0.018939 0.024442
0 0.335156 0.192708 0.019543 0.023126
0 0.927344 0.2125 0.021648 0.029332
0 0.335938 0.215625 0.021701 0.028014
0 0.389062 0.214583 0.018008 0.02309
0 0.433594 0.222917 0.022017 0.028277
0 0.4875 0.241667 0.019909 0.025929
0 0.417187 0.2625 0.020676 0.026744
0 0.425781 0.285417 0.018876 0.02557
0 0.507031 0.294792 0.018773 0.023107
0 0.326562 0.3125 0.018756 0.022285
0 0.870313 0.358333 0.020441 0.025129
0 0.050781 0.366667 0.021479 0.027243
0 0.259375 0.375 0.019574 0.023676
0 0.528125 0.386458 0.019531 0.026042
0 0.115625 0.410417 0.021796 0.02989
0 0.6625 0.409375 0.019558 0.02407
0 0.25 0.43125 0.027624 0.03239
0 0.182031 0.434375 0.027736 0.03412
0 0.042188 0.442708 0.018827 0.023629
0 0.371875 0.458333 0.018756 0.022285
0 0.767188 0.467708 0.022828 0.027821
0 0.611719 0.5 0.021479 0.027243
0 0.808594 0.517708 0.021479 0.027243
0 0.360156 0.53125 0.019119 0.025492
0 0.353125 0.533333 0.020801 0.028133
0 0.592187 0.5375 0.020046 0.026244
0 0.45625 0.558333 0.019893 0.027596
0 0.739062 0.558333 0.020134 0.027719
0 0.136719 0.594792 0.018773 0.023107
0 0.589063 0.602083 0.019925 0.025905
0 0.402344 0.603125 0.01802 0.023067
0 0.833594 0.611458 0.021989 0.028877
0 0.81875 0.627083 0.02095 0.027383
0 0.596094 0.630208 0.018756 0.022285
0 0.324219 0.654167 0.021804 0.02852
0 0.272656 0.66875 0.021479 0.027243
0 0.423438 0.673958 0.020091 0.02753
0 0.567969 0.679167 0.017759 0.024215
0 0.314844 0.709375 0.021479 0.027243
0 0.873437 0.709375 0.019543 0.023126
0 0.4375 0.714583 0.022729 0.02728
0 0.552344 0.721875 0.021701 0.028014
0 0.758594 0.740625 0.020566 0.026042
0 0.517969 0.757292 0.021479 0.027243
0 0.728125 0.775 0.023319 0.029672
0 0.959375 0.801042 0.018939 0.024442
0 0.442969 0.809375 0.025011 0.028174
0 0.410938 0.811458 0.024652 0.030465
0 0.277344 0.820833 0.018331 0.025253
0 0.296875 0.830208 0.020697 0.026524
0 0.133594 0.866667 0.021443 0.029582
0 0.842187 0.895833 0.018773 0.023107
0 0.417969 0.913542 0.021479 0.027243
0 0.557813 0.91875 0.020537 0.027934
0 0.945312 0.953125 0.024652 0.030465
0 0.180469 0.964583 0.019531 0.026042
0 0.578125 0.972917 0.020046 0.026244
0 0.220312 0.984375 0.019792 0.025321