0 0.714063 0.020833 0.020058 0.027568
0 0.990285 0.117708 0.019429 0.02937
0 0.328906 0.176042 0.020566 0.026042
0 0.403125 0.213542 0.022128 0.030307
0 0.425 0.248958 0.019925 0.025905
0 0.051562 0.297917 0.024136 0.031823
0 0.177344 0.323958 0.018773 0.023107
0 0.060937 0.4 0.021946 0.026299
0 0.335938 0.403125 0.022729 0.02728
0 0.271875 0.4625 0.019909 0.025929
0 0.554688 0.471875 0.019768 0.025593
0 0.660937 0.590625 0.01902 0.024748
0 0.58125 0.804167 0.019768 0.025593
0 0.408594 0.811458 0.021701 0.028014
0 0.495312 0.954167 0.021894 0.026105