0 0.5125 0.023958 0.019574 0.023676
0 0.671875 0.029167 0.021882 0.024105
0 0.119531 0.046875 0.025243 0.032454
0 0.148438 0.04375 0.017969 0.025
0 0.6375 0.059375 0.023325 0.031295
0 0.36875 0.06875 0.026619 0.031404
0 0.779687 0.078125 0.020537 0.027934
0 0.914844 0.079167 0.019638 0.024534
0 0.18125 0.144792 0.032853 0.03969
0 0.476562 0.148958 0.020566 0.026042
0 0.416406 0.15625 0.029113 0.034806
0 0.467187 0.202083 0.018029 0.025068
0 0.867188 0.214583 0.019925 0.025905
0 0.189062 0.239583 0.027113 0.036896
0 0.042969 0.236458 0.018756 0.022285
0 0.389062 0.259375 0.039296 0.044678
0 0.808594 0.282292 0.031025 0.041756
0 0.476562 0.307292 0.029385 0.038626
0 0.633594 0.313542 0.018773 0.023107
0 0.023438 0.336458 0.01882 0.024173
0 0.4875 0.342708 0.028268 0.034657
0 0.20625 0.354167 0.030215 0.052433
0 0.132031 0.345833 0.025273 0.030852
0 0.278125 0.342708 0.018561 0.025359
0 0.482031 0.352083 0.019543 0.023126
0 0.717969 0.370833 0.027652 0.036036
0 0.05 0.378125 0.021239 0.025868
0 0.80625 0.441667 0.02732 0.035414
0 0.021094 0.452083 0.030597 0.033915
0 0.629687 0.475 0.019531 0.026042
0 0.396094 0.542708 0.018756 0.022285
0 0.385937 0.551042 0.023489 0.025902
0 0.291406 0.559375 0.022111 0.027748
0 0.277344 0.584375 0.022111 0.027748
0 0.204687 0.598958 0.018939 0.024442
0 0.199219 0.6125 0.028864 0.035994
0 0.119531 0.638542 0.019119 0.025492
0 0.517969 0.6375 0.017438 0.024063
0 0.182031 0.682292 0.02761 0.03662
0 0.744531 0.711458 0.020537 0.027934
0 0.145313 0.797917 0.026833 0.03299
0 0.969531 0.803125 0.026581 0.045841
0 0.69375 0.833333 0.020046 0.026244
0 0.578906 0.846875 0.018442 0.024589
0 0.934375 0.863542 0.020697 0.026524
0 0.280469 0.870833 0.02648 0.033546
0 0.377344 0.869792 0.018773 0.023107
0 0.060937 0.965625 0.020529 0.025786
0 0.464844 0.98691 0.026583 0.026181
0 0.542188 0.98693 0.022729 0.02614