0 0.279687 0.158333 0.026107 0.033377
0 0.055469 0.176042 0.024467 0.034451
0 0.647656 0.196875 0.025086 0.031874
0 0.254688 0.217708 0.02692 0.036212
0 0.277344 0.234375 0.019909 0.025929
0 0.558594 0.247917 0.021239 0.025868
0 0.771875 0.257292 0.023654 0.030791
0 0.732031 0.272917 0.0223 0.028345
0 0.565625 0.310417 0.021479 0.027243
0 0.857812 0.335417 0.02377 0.034186
0 0.114844 0.403125 0.025348 0.03196
0 0.302344 0.427083 0.022111 0.027748
0 0.476562 0.442708 0.024584 0.031012
0 0.180469 0.540625 0.019574 0.023676
0 0.307031 0.595833 0.02563 0.038202
0 0.391406 0.61875 0.028864 0.035994
0 0.691406 0.647917 0.027965 0.034071
0 0.913281 0.689583 0.026574 0.030242
0 0.053125 0.716667 0.020416 0.025301
0 0.153125 0.828125 0.027799 0.035009
0 0.316406 0.842708 0.019574 0.023676
0 0.386719 0.86875 0.024516 0.030178
0 0.248438 0.961458 0.020371 0.024457