0 0.797656 0.019792 0.026175 0.03679
0 0.221875 0.023958 0.022447 0.02875
0 0.882812 0.033333 0.022815 0.027608
0 0.466406 0.102083 0.027787 0.032649
0 0.935156 0.123958 0.024332 0.031292
0 0.784375 0.14375 0.022756 0.02825
0 0.457813 0.1625 0.02827 0.039786
0 0.216406 0.160417 0.023456 0.028163
0 0.596875 0.203125 0.022226 0.031538
0 0.617188 0.201042 0.01902 0.024748
0 0.464062 0.2125 0.026297 0.034785
0 0.838281 0.220833 0.027816 0.035248
0 0.252344 0.221875 0.02198 0.027324
0 0.816406 0.235417 0.022383 0.029621
0 0.590625 0.238542 0.019909 0.025929
0 0.441406 0.25625 0.025333 0.031738
0 0.084375 0.285417 0.021887 0.025097
0 0.569531 0.294792 0.021198 0.026257
0 0.616406 0.319792 0.031071 0.037922
0 0.791406 0.325 0.019627 0.024405
0 0.18125 0.330208 0.019792 0.025321
0 0.432812 0.340625 0.022937 0.028155
0 0.673438 0.352083 0.021267 0.029091
0 0.585938 0.359375 0.025907 0.03371
0 0.849219 0.366667 0.025086 0.031874
0 0.215625 0.3875 0.027042 0.032911
0 0.850781 0.3875 0.026157 0.036188
0 0.742969 0.427083 0.02684 0.036594
0 0.261719 0.433333 0.019925 0.025905
0 0.740625 0.448958 0.024291 0.029293
0 0.25 0.453125 0.023319 0.029672
0 0.441406 0.489583 0.021618 0.02791
0 0.096875 0.498958 0.027513 0.035981
0 0.232813 0.496875 0.020058 0.027568
0 0.310156 0.523958 0.019627 0.024405
0 0.55 0.551042 0.022111 0.027748
0 0.990373 0.551042 0.019254 0.028677
0 0.383594 0.558333 0.019543 0.023126
0 0.829688 0.5625 0.023026 0.028919
0 0.009972 0.575 0.019943 0.024621
0 0.31875 0.596875 0.021339 0.026862
0 0.285156 0.613542 0.017759 0.024215
0 0.664062 0.620833 0.029803 0.039573
0 0.789844 0.621875 0.021701 0.028014
0 0.379688 0.638542 0.025594 0.03579
0 0.978125 0.633333 0.018773 0.023107
0 0.701562 0.641667 0.023964 0.032621
0 0.198437 0.676042 0.026966 0.033171
0 0.367969 0.678125 0.023471 0.0311
0 0.016406 0.70625 0.02486 0.031
0 0.86875 0.710417 0.019909 0.025929
0 0.676562 0.733333 0.018773 0.023107
0 0.566406 0.746875 0.027383 0.037483
0 0.789844 0.789583 0.021618 0.02791
0 0.567969 0.791667 0.019909 0.025929
0 0.177344 0.798958 0.027102 0.037178
0 0.471094 0.794792 0.02217 0.02922
0 0.417187 0.802083 0.022937 0.028155
0 0.676562 0.822917 0.020537 0.027934
0 0.549219 0.842708 0.029314 0.043101
0 0.198437 0.847917 0.023491 0.027306
0 0.610156 0.852083 0.024039 0.030661
0 0.335938 0.958333 0.02663 0.032412
0 0.778125 0.95625 0.0201 0.026364
0 0.835938 0.965625 0.020479 0.026286
0 0.676562 0.980208 0.02095 0.027383