0 0.247656 0.113542 0.025543 0.032425
0 0.172656 0.122917 0.024436 0.029089
0 0.980469 0.15625 0.019768 0.025593
0 0.198437 0.163542 0.019638 0.024534
0 0.217969 0.195833 0.021976 0.025927
0 0.505469 0.217708 0.02217 0.02922
0 0.266406 0.233333 0.020328 0.024087
0 0.421094 0.239583 0.021479 0.027243
0 0.7125 0.290625 0.018827 0.023629
0 0.396094 0.346875 0.027597 0.033767
0 0.370312 0.35 0.018756 0.022285
0 0.532813 0.3625 0.019792 0.025321
0 0.114062 0.3625 0.01902 0.024748
0 0.564063 0.417708 0.017759 0.024215
0 0.599219 0.467708 0.019574 0.023676
0 0.508594 0.48125 0.021999 0.028864
0 0.578125 0.484375 0.02365 0.028234
0 0.727344 0.4875 0.018442 0.024589
0 0.790625 0.491667 0.020537 0.027934
0 0.200781 0.540625 0.018161 0.023679
0 0.552344 0.561458 0.021902 0.027122
0 0.277344 0.610417 0.018008 0.02309
0 0.010937 0.615625 0.019574 0.023676
0 0.08125 0.619792 0.019531 0.026042
0 0.560937 0.647917 0.018756 0.022285
0 0.389062 0.66875 0.0299 0.037009
0 0.117188 0.717708 0.022828 0.027821
0 0.333594 0.716667 0.021105 0.028403
0 0.45 0.720833 0.020801 0.028133
0 0.484375 0.735417 0.023293 0.029834
0 0.685156 0.783333 0.018561 0.025359
0 0.749219 0.819792 0.018939 0.024442
0 0.298438 0.823958 0.019531 0.026042
0 0.757031 0.836458 0.018561 0.025359
0 0.335938 0.880208 0.019733 0.025046
0 0.490625 0.884375 0.019733 0.025046
0 0.380469 0.935417 0.022209 0.029294
0 0.323437 0.944792 0.018784 0.026311
0 0.660156 0.953125 0.021819 0.028356
0 0.673438 0.967708 0.020046 0.026244
0 0.580469 0.975 0.020341 0.025073
0 0.875781 0.976042 0.021542 0.027554