0 0.442969 0.011265 0.018784 0.02253
0 0.146094 0.059375 0.02525 0.032349
0 0.520312 0.140625 0.020046 0.026244
0 0.553125 0.163542 0.023362 0.031655
0 0.358594 0.173958 0.023952 0.034149
0 0.765625 0.195833 0.027697 0.032207
0 0.021094 0.226042 0.024463 0.033072
0 0.244531 0.230208 0.026202 0.031339
0 0.499219 0.229167 0.021727 0.028969
0 0.012509 0.2625 0.025019 0.031378
0 0.908594 0.314583 0.024586 0.037932
0 0.826562 0.353125 0.025014 0.029203
0 0.307812 0.40625 0.026041 0.030394
0 0.908594 0.433333 0.022438 0.032662
0 0.796094 0.447917 0.02486 0.031
0 0.867188 0.471875 0.027099 0.03509
0 0.301563 0.478125 0.019792 0.025321
0 0.699219 0.482292 0.024652 0.030465
0 0.110156 0.488542 0.027426 0.030596
0 0.944531 0.497917 0.023476 0.030208
0 0.842969 0.539583 0.023476 0.030208
0 0.501563 0.565625 0.024043 0.032841
0 0.194531 0.566667 0.021618 0.02791
0 0.713281 0.590625 0.018999 0.02628
0 0.554688 0.598958 0.02606 0.030638
0 0.239063 0.608333 0.020789 0.026845
0 0.836719 0.63125 0.021618 0.02791
0 0.267188 0.640625 0.030285 0.038538
0 0.082812 0.675 0.023786 0.032659
0 0.876563 0.73125 0.02292 0.033794
0 0.354687 0.730208 0.020479 0.026286
0 0.203125 0.759375 0.034466 0.041282
0 0.435937 0.795833 0.020566 0.026042
0 0.272656 0.807292 0.024033 0.032854
0 0.185938 0.814583 0.02551 0.035817
0 0.446875 0.85625 0.025282 0.034542
0 0.2 0.863542 0.023385 0.032449
0 0.441406 0.870833 0.020676 0.026744
0 0.683594 0.898958 0.023484 0.032424
0 0.459375 0.905208 0.023232 0.0323
0 0.801562 0.955208 0.02087 0.028194
0 0.311719 0.978125 0.021479 0.027243
0 0.660937 0.989015 0.018773 0.02197
0 0.876563 0.991342 0.017759 0.017316