0 0.1125 0.011917 0.023026 0.023835
0 0.334375 0.058333 0.019592 0.025156
0 0.353906 0.063542 0.021915 0.02956
0 0.341406 0.066667 0.021731 0.031554
0 0.333594 0.065625 0.018331 0.025253
0 0.472656 0.082292 0.021542 0.027554
0 0.232031 0.094792 0.018773 0.023107
0 0.7875 0.13125 0.025957 0.03004
0 0.4 0.19375 0.0201 0.026364
0 0.146094 0.198958 0.018756 0.022285
0 0.039844 0.254167 0.021479 0.027243
0 0.674219 0.267708 0.021479 0.027243
0 0.642969 0.273958 0.021701 0.028014
0 0.438281 0.290625 0.021796 0.02989
0 0.560937 0.3125 0.022695 0.02514
0 0.900781 0.321875 0.025219 0.029986
0 0.025781 0.329167 0.02143 0.027648
0 0.471094 0.330208 0.02168 0.028193
0 0.096875 0.39375 0.020537 0.027934
0 0.374219 0.429167 0.025162 0.034253
0 0.121875 0.43125 0.028546 0.033002
0 0.990419 0.447917 0.019162 0.023676
0 0.635156 0.45 0.018939 0.024442
0 0.197656 0.455208 0.019574 0.023676
0 0.619531 0.495833 0.025243 0.032454
0 0.063281 0.517708 0.0223 0.028345
0 0.367188 0.572917 0.021161 0.025349
0 0.2125 0.610417 0.025386 0.038041
0 0.669531 0.639583 0.024436 0.029089
0 0.682813 0.660417 0.022937 0.028155
0 0.25 0.73125 0.031665 0.045273
0 0.279687 0.733333 0.018756 0.022285
0 0.88125 0.7375 0.020676 0.026744
0 0.591406 0.748958 0.018939 0.024442
0 0.522656 0.78125 0.021727 0.028969
0 0.678125 0.79375 0.023319 0.029672
0 0.585156 0.8 0.021479 0.027243
0 0.042969 0.847917 0.021999 0.028864
0 0.054688 0.857292 0.021302 0.02814
0 0.044531 0.878125 0.021989 0.028877
0 0.397656 0.896875 0.030607 0.032351
0 0.222656 0.928125 0.021479 0.027243
0 0.546094 0.955208 0.021479 0.027243
0 0.045312 0.96875 0.021105 0.028403
0 0.248438 0.975 0.026419 0.036941
0 0.5875 0.980208 0.020517 0.029536
0 0.498437 0.984292 0.02714 0.031416