0 0.085156 0.01875 0.021894 0.026105
0 0.81875 0.027083 0.019558 0.02407
0 0.56875 0.029167 0.020676 0.026744
0 0.417969 0.053125 0.020654 0.029458
0 0.702344 0.065625 0.024847 0.031127
0 0.205469 0.067708 0.018331 0.025253
0 0.697656 0.082292 0.02428 0.026751
0 0.96875 0.103125 0.020627 0.027503
0 0.284375 0.122917 0.018773 0.023107
0 0.259375 0.145833 0.023461 0.030231
0 0.688281 0.226042 0.020328 0.024087
0 0.620313 0.234375 0.019558 0.02407
0 0.111719 0.247917 0.021161 0.025349
0 0.253906 0.288542 0.022026 0.030025
0 0.701562 0.297917 0.01892 0.026267
0 0.339062 0.309375 0.019543 0.023126
0 0.854688 0.33125 0.018773 0.023107
0 0.009279 0.336458 0.018559 0.030355
0 0.752344 0.338542 0.018048 0.02325
0 0.214062 0.35 0.020566 0.026042
0 0.110156 0.359375 0.025726 0.035186
0 0.245312 0.358333 0.022883 0.028677
0 0.008837 0.364583 0.017674 0.023679
0 0.38125 0.367708 0.021259 0.029733
0 0.742188 0.384375 0.023922 0.031467
0 0.192969 0.390625 0.023705 0.038635
0 0.928906 0.397917 0.021546 0.027548
0 0.046875 0.398958 0.019733 0.025046
0 0.859375 0.405208 0.018773 0.023107
0 0.609375 0.407292 0.018008 0.02309
0 0.553906 0.43125 0.018939 0.024442
0 0.649219 0.441667 0.021459 0.027275
0 0.828906 0.467708 0.020209 0.029396
0 0.521094 0.470833 0.021161 0.025349
0 0.967969 0.476042 0.02099 0.033499
0 0.109375 0.490625 0.023821 0.030088
0 0.801562 0.49375 0.02377 0.034186
0 0.682031 0.526042 0.020566 0.026042
0 0.624219 0.540625 0.026061 0.032032
0 0.291406 0.547917 0.022039 0.026501
0 0.201563 0.55625 0.026015 0.034015
0 0.272656 0.586458 0.021314 0.02663
0 0.985156 0.595833 0.027883 0.03315
0 0.365625 0.594792 0.022945 0.029561
0 0.71875 0.609375 0.021929 0.025115
0 0.888281 0.615625 0.02431 0.030289
0 0.116406 0.617708 0.018939 0.024442
0 0.080469 0.633333 0.022227 0.031837
0 0.410938 0.634375 0.026195 0.032242
0 0.971875 0.639583 0.026124 0.031426
0 0.390625 0.6375 0.018827 0.023629
0 0.754687 0.638542 0.018784 0.026311
0 0.127344 0.647917 0.018921 0.024472
0 0.614844 0.651042 0.018773 0.023107
0 0.795312 0.651042 0.019925 0.025905
0 0.930469 0.651042 0.018773 0.023107
0 0.857812 0.6625 0.026048 0.031808
0 0.086719 0.735417 0.020441 0.025129
0 0.152344 0.744792 0.021239 0.025868
0 0.917188 0.758333 0.0197 0.025227
0 0.614062 0.775 0.0201 0.026364
0 0.975781 0.786458 0.018939 0.024442
0 0.044531 0.809375 0.018939 0.024442
0 0.30625 0.813542 0.021259 0.029733
0 0.982812 0.859375 0.026417 0.032442
0 0.490625 0.873958 0.022828 0.027821
0 0.328906 0.909375 0.021202 0.026349
0 0.95 0.911458 0.019531 0.027421
0 0.280469 0.920833 0.024652 0.030465
0 0.79375 0.957292 0.019733 0.025046
0 0.782031 0.9625 0.018773 0.023107
0 0.719531 0.966667 0.018048 0.02325
0 0.097656 0.96875 0.021999 0.028864
0 0.024219 0.977083 0.024326 0.027335