0 0.449219 0.05 0.023447 0.026119
0 0.229687 0.063542 0.019792 0.025321
0 0.914844 0.154167 0.021978 0.027245
0 0.10625 0.1875 0.021886 0.023736
0 0.615625 0.379167 0.023256 0.035842
0 0.498437 0.430208 0.023834 0.037873
0 0.951562 0.438542 0.019627 0.024405
0 0.177344 0.475 0.023557 0.030821
0 0.540625 0.538542 0.022726 0.025872
0 0.8 0.547917 0.023026 0.028919
0 0.985938 0.580208 0.021161 0.025349
0 0.775781 0.607292 0.025032 0.027341
0 0.328906 0.6875 0.023964 0.032621
0 0.838281 0.694792 0.021479 0.027243
0 0.324219 0.736458 0.022026 0.030025
0 0.100781 0.75625 0.021667 0.027913
0 0.122656 0.78125 0.021636 0.02966
0 0.702344 0.888542 0.022006 0.030167
0 0.272656 0.894792 0.021176 0.031534