0 0.874219 0.070833 0.02537 0.032683
0 0.563281 0.105208 0.02525 0.032349
0 0.863281 0.110417 0.026823 0.032782
0 0.195312 0.152083 0.026686 0.031536
0 0.659375 0.154167 0.023758 0.031125
0 0.59375 0.189583 0.026299 0.033348
0 0.334375 0.194792 0.019627 0.024405
0 0.472656 0.205208 0.023796 0.029832
0 0.385156 0.207292 0.020341 0.025073
0 0.338281 0.214583 0.018939 0.024442
0 0.273438 0.21875 0.022945 0.029561
0 0.570312 0.232292 0.02597 0.036688
0 0.259375 0.247917 0.022937 0.028155
0 0.217188 0.266667 0.024291 0.029293
0 0.357812 0.270833 0.029228 0.035147
0 0.390625 0.269792 0.026689 0.03168
0 0.665625 0.277083 0.027141 0.034876
0 0.375781 0.275 0.025289 0.031092
0 0.644531 0.282292 0.025781 0.032292
0 0.657031 0.304167 0.02198 0.027324
0 0.303906 0.338542 0.019909 0.025929
0 0.632031 0.364583 0.018008 0.02309
0 0.102344 0.401042 0.018008 0.02309
0 0.348438 0.403125 0.022883 0.028677
0 0.48125 0.405208 0.020479 0.026286
0 0.896875 0.410417 0.026221 0.032529
0 0.596875 0.440625 0.02393 0.031906
0 0.516406 0.461458 0.026357 0.035354
0 0.65625 0.461458 0.023026 0.028919
0 0.844531 0.482292 0.022325 0.028159
0 0.225 0.509375 0.027593 0.0349
0 0.077344 0.55 0.020479 0.026286
0 0.458594 0.55625 0.019627 0.024405
0 0.534375 0.589583 0.025552 0.033182
0 0.267188 0.589583 0.020134 0.027719
0 0.150781 0.595833 0.027446 0.035786
0 0.25625 0.626042 0.020529 0.025786
0 0.588281 0.664583 0.02954 0.037525
0 0.655469 0.702083 0.023713 0.043793
0 0.507812 0.707292 0.021202 0.026349
0 0.057813 0.716667 0.018773 0.023107
0 0.322656 0.719792 0.024623 0.030229
0 0.157812 0.75625 0.026665 0.036981
0 0.238281 0.75625 0.029183 0.034247
0 0.186719 0.775 0.024341 0.028597
0 0.190625 0.783333 0.021112 0.025088
0 0.441406 0.8 0.021989 0.028877
0 0.151562 0.815625 0.020046 0.026244
0 0.220312 0.842708 0.029736 0.030648
0 0.761719 0.85 0.020341 0.025073
0 0.898438 0.85 0.018773 0.023107
0 0.253906 0.859375 0.022152 0.027355
0 0.075781 0.870833 0.025837 0.030331
0 0.185156 0.86875 0.023878 0.029636
0 0.732031 0.879167 0.023103 0.02886
0 0.542969 0.886458 0.018773 0.023107
0 0.313281 0.941667 0.026416 0.034181
0 0.085156 0.944792 0.027597 0.033767
0 0.365625 0.945833 0.020537 0.027934
0 0.600781 0.955208 0.021618 0.02791
0 0.4625 0.9625 0.030593 0.038324
0 0.717969 0.961458 0.021314 0.02663