0 0.74375 0.012832 0.02755 0.025663
0 0.532813 0.013697 0.02466 0.027394
0 0.248438 0.011541 0.01971 0.023083
0 0.342969 0.016369 0.024557 0.032738
0 0.064844 0.021875 0.026901 0.032323
0 0.802344 0.038542 0.021479 0.027243
0 0.228125 0.063542 0.023139 0.033697
0 0.109375 0.063542 0.020328 0.024087
0 0.257031 0.066667 0.02143 0.027648
0 0.4125 0.073958 0.020046 0.026244
0 0.795312 0.15625 0.019792 0.025321
0 0.575 0.157292 0.019792 0.025321
0 0.558594 0.185417 0.019574 0.023676
0 0.705469 0.210417 0.019574 0.023676
0 0.842969 0.267708 0.018773 0.023107
0 0.480469 0.273958 0.021542 0.029952
0 0.939844 0.398958 0.021119 0.029767
0 0.979688 0.428125 0.023227 0.029506
0 0.971094 0.483333 0.02854 0.036758
0 0.200781 0.482292 0.025161 0.030661
0 0.554688 0.554167 0.0201 0.026364
0 0.567969 0.6 0.02563 0.034173
0 0.93125 0.604167 0.022937 0.028155
0 0.627344 0.604167 0.020341 0.025073
0 0.271094 0.619792 0.020551 0.027917
0 0.019531 0.652083 0.021819 0.028356
0 0.139063 0.660417 0.020566 0.026042
0 0.235937 0.705208 0.025938 0.031646
0 0.632812 0.740625 0.021038 0.029672
0 0.727344 0.846875 0.019574 0.023676
0 0.367969 0.852083 0.025086 0.031874
0 0.59375 0.872917 0.024632 0.033338
0 0.49375 0.875 0.020537 0.027934
0 0.626563 0.894792 0.022758 0.030751
0 0.274219 0.9875 0.018442 0.024589