0 0.046875 0.023958 0.018882 0.032321
0 0.992522 0.026042 0.014956 0.027934
0 0.703906 0.027083 0.018976 0.027221
0 0.842187 0.033333 0.018304 0.026169
0 0.839844 0.060417 0.022143 0.027371
0 0.81875 0.082292 0.018976 0.027221
0 0.092188 0.184375 0.027003 0.034726
0 0.649219 0.2 0.02989 0.035805
0 0.929688 0.201042 0.020582 0.02854
0 0.94375 0.210417 0.019792 0.025321
0 0.646094 0.284375 0.017301 0.024027
0 0.645312 0.303125 0.019178 0.025168
0 0.70625 0.317708 0.021582 0.032612
0 0.755469 0.321875 0.025088 0.031368
0 0.179688 0.359375 0.018561 0.025359
0 0.846875 0.373958 0.020377 0.024589
0 0.1375 0.389583 0.025334 0.035549
0 0.592969 0.385417 0.020676 0.026744
0 0.086719 0.414583 0.029796 0.038479
0 0.789062 0.413542 0.019558 0.02407
0 0.870313 0.4375 0.026825 0.03886
0 0.8 0.441667 0.028254 0.038776
0 0.709375 0.442708 0.019036 0.029228
0 0.842187 0.460417 0.017835 0.025128
0 0.660937 0.554167 0.022017 0.028277
0 0.270313 0.6 0.025685 0.036465
0 0.182031 0.6 0.018939 0.024442
0 0.68125 0.673958 0.034704 0.045165
0 0.629687 0.740625 0.019627 0.024405
0 0.125 0.75 0.018051 0.025047
0 0.241406 0.7625 0.041013 0.048745
0 0.128125 0.75625 0.019623 0.027154
0 0.199219 0.786458 0.045539 0.053039
0 0.924219 0.829167 0.018816 0.028149
0 0.984375 0.866667 0.019762 0.028269
0 0.1375 0.871875 0.019627 0.024405
0 0.745313 0.929167 0.025749 0.033637
0 0.253125 0.946875 0.028188 0.034431
0 0.634375 0.951042 0.022959 0.032567
0 0.132812 0.948958 0.019119 0.025492
0 0.560937 0.957292 0.029623 0.036902
0 0.61875 0.972917 0.028404 0.039509
0 0.298438 0.979167 0.029967 0.039956
0 0.473438 0.973958 0.018773 0.023107