0 0.895312 0.010643 0.019925 0.021286
0 0.695312 0.028125 0.026979 0.035446
0 0.775 0.039583 0.01971 0.025332
0 0.769531 0.0625 0.020697 0.026524
0 0.297656 0.073958 0.037218 0.045661
0 0.082031 0.077083 0.030786 0.037316
0 0.44375 0.135417 0.032573 0.041203
0 0.757031 0.171875 0.04136 0.051255
0 0.476562 0.172917 0.022729 0.02728
0 0.246875 0.219792 0.040203 0.05008
0 0.35625 0.233333 0.022883 0.028677
0 0.519531 0.239583 0.019531 0.026042
0 0.967969 0.255208 0.020319 0.023139
0 0.414062 0.277083 0.020537 0.027934
0 0.125781 0.296875 0.028246 0.040293
0 0.871094 0.317708 0.033617 0.042044
0 0.4 0.35 0.018008 0.02309
0 0.803125 0.410417 0.031317 0.041367
0 0.397656 0.436458 0.035055 0.044414
0 0.064844 0.434375 0.021339 0.026862
0 0.214844 0.453125 0.021264 0.026134
0 0.325 0.475 0.033355 0.046475
0 0.130469 0.471875 0.024692 0.030786
0 0.444531 0.488542 0.032668 0.040682
0 0.23125 0.511458 0.018876 0.02557
0 0.878906 0.51875 0.027816 0.035248
0 0.304688 0.530208 0.020566 0.026042
0 0.835156 0.533333 0.02168 0.028193
0 0.675 0.535417 0.024496 0.029918
0 0.394531 0.544792 0.031025 0.041756
0 0.35 0.557292 0.026299 0.033348
0 0.527344 0.563542 0.02456 0.029745
0 0.464844 0.579167 0.018876 0.02557
0 0.857031 0.58125 0.023451 0.024539
0 0.361719 0.592708 0.018161 0.023679
0 0.182031 0.632292 0.025853 0.032508
0 0.807813 0.665625 0.027663 0.036163
0 0.653125 0.663542 0.026607 0.027697
0 0.464844 0.676042 0.037997 0.046875
0 0.185938 0.682292 0.019531 0.026042
0 0.575781 0.691667 0.019574 0.023676
0 0.475781 0.692708 0.020422 0.025409
0 0.626563 0.707292 0.031317 0.045364
0 0.216406 0.707292 0.020697 0.026524
0 0.983594 0.716667 0.030035 0.045012
0 0.021875 0.747917 0.025838 0.032623
0 0.325781 0.759375 0.029639 0.040741
0 0.278906 0.778125 0.020441 0.025129
0 0.532031 0.795833 0.02989 0.035805
0 0.885156 0.804167 0.018008 0.02309
0 0.145313 0.826042 0.033621 0.045183
0 0.840625 0.819792 0.019925 0.025905
0 0.638281 0.823958 0.018773 0.023107
0 0.45 0.85625 0.020537 0.027934
0 0.579688 0.866667 0.026281 0.032051
0 0.682813 0.882292 0.018442 0.024589
0 0.992182 0.89375 0.015636 0.023107
0 0.4 0.898958 0.020046 0.026244
0 0.395313 0.904167 0.018008 0.02309
0 0.569531 0.964583 0.021542 0.029952