0 0.647656 0.008846 0.02077 0.017692
0 0.599219 0.032292 0.017438 0.024063
0 0.504687 0.052083 0.019429 0.026567
0 0.332031 0.077083 0.021761 0.031624
0 0.639844 0.082292 0.032502 0.040331
0 0.579688 0.08125 0.018084 0.031255
0 0.242969 0.086458 0.019601 0.028352
0 0.417187 0.105208 0.030157 0.038995
0 0.386719 0.105208 0.020432 0.028638
0 0.085156 0.114583 0.025011 0.035065
0 0.939844 0.15625 0.023476 0.030208
0 0.423438 0.171875 0.027558 0.032833
0 0.730469 0.171875 0.026881 0.031008
0 0.809375 0.176042 0.023248 0.030703
0 0.476562 0.213542 0.027729 0.032708
0 0.834375 0.221875 0.02434 0.033657
0 0.338281 0.226042 0.020432 0.028638
0 0.76875 0.227083 0.026263 0.031537
0 0.946094 0.246875 0.023103 0.02886
0 0.360156 0.259375 0.017317 0.024011
0 0.939844 0.276042 0.020801 0.028133
0 0.114844 0.309375 0.022303 0.032753
0 0.18125 0.346875 0.018939 0.024442
0 0.571875 0.348958 0.017438 0.024063
0 0.717969 0.379167 0.025022 0.026377
0 0.890625 0.385417 0.02139 0.029072
0 0.752344 0.411458 0.023026 0.028919
0 0.032031 0.417708 0.025414 0.032846
0 0.4 0.440625 0.025249 0.036187
0 0.413281 0.446875 0.019531 0.027421
0 0.392969 0.469792 0.019574 0.023676
0 0.625 0.516667 0.032019 0.043978
0 0.146094 0.513542 0.019531 0.027421
0 0.947656 0.520833 0.023305 0.034861
0 0.492188 0.520833 0.018008 0.02309
0 0.488281 0.526042 0.017317 0.024011
0 0.505469 0.535417 0.024334 0.032184
0 0.634375 0.553125 0.020666 0.028723
0 0.224219 0.582292 0.01902 0.024748
0 0.235937 0.5875 0.017438 0.024063
0 0.68125 0.591667 0.024835 0.031146
0 0.640625 0.604167 0.018304 0.026169
0 0.974219 0.615625 0.022376 0.031057
0 0.251563 0.640625 0.024886 0.03407
0 0.904687 0.6375 0.018008 0.02309
0 0.898438 0.646875 0.025008 0.027148
0 0.245312 0.65625 0.021104 0.024098
0 0.229687 0.703125 0.019178 0.025168
0 0.714063 0.719792 0.042597 0.042031
0 0.266406 0.717708 0.020432 0.028638
0 0.807813 0.736458 0.02981 0.039124
0 0.010156 0.748958 0.018442 0.024589
0 0.852344 0.752083 0.025826 0.029329
0 0.357812 0.785417 0.026159 0.03105
0 0.224219 0.844792 0.024483 0.035321
0 0.359375 0.867708 0.020811 0.029482
0 0.771875 0.901042 0.018442 0.024589
0 0.292187 0.938542 0.024374 0.033489
0 0.959375 0.954167 0.018008 0.02309
0 0.301563 0.9903 0.021946 0.019399