0 0.622656 0.007335 0.018008 0.01467
0 0.760938 0.009943 0.018773 0.019887
0 0.622656 0.01046 0.018008 0.02092
0 0.682031 0.015625 0.01733 0.02503
0 0.234375 0.023958 0.020479 0.026286
0 0.357812 0.03125 0.019638 0.024534
0 0.445312 0.045833 0.022883 0.028677
0 0.229687 0.05 0.018773 0.023107
0 0.869531 0.05 0.018008 0.02309
0 0.020313 0.0625 0.023234 0.02937
0 0.498437 0.0625 0.018756 0.022285
0 0.835938 0.06875 0.020479 0.026286
0 0.696094 0.078125 0.027826 0.033764
0 0.092969 0.086458 0.026114 0.032925
0 0.560937 0.085417 0.01882 0.024173
0 0.527344 0.091667 0.021443 0.029582
0 0.807031 0.088542 0.017438 0.024063
0 0.271875 0.091667 0.021339 0.026862
0 0.150781 0.090625 0.018756 0.022285
0 0.657813 0.091667 0.0201 0.026364
0 0.802344 0.09375 0.021618 0.02791
0 0.577344 0.095833 0.018331 0.025253
0 0.409375 0.097917 0.022383 0.029112
0 0.151562 0.097917 0.018773 0.023107
0 0.720313 0.108333 0.022995 0.032052
0 0.452344 0.111458 0.02168 0.028193
0 0.751563 0.114583 0.021259 0.028345
0 0.067969 0.119792 0.021314 0.02663
0 0.342969 0.122917 0.018052 0.026078
0 0.019531 0.142708 0.034521 0.044587
0 0.060156 0.134375 0.020566 0.026042
0 0.500781 0.133333 0.022217 0.02811
0 0.342187 0.146875 0.022995 0.03066
0 0.378125 0.160417 0.032334 0.046276
0 0.098437 0.155208 0.023026 0.028919
0 0.684375 0.1625 0.02545 0.035034
0 0.954688 0.1625 0.0201 0.026364
0 0.321875 0.177083 0.019768 0.025593
0 0.678906 0.186458 0.030981 0.036824
0 0.339844 0.1875 0.026156 0.035428
0 0.722656 0.192708 0.027576 0.031558
0 0.324219 0.19375 0.020811 0.029482
0 0.225781 0.207292 0.019638 0.024534
0 0.660156 0.208333 0.018008 0.02309
0 0.63125 0.220833 0.020676 0.026744
0 0.582812 0.225 0.019909 0.025929
0 0.541406 0.23125 0.02168 0.028193
0 0.7 0.232292 0.017438 0.024063
0 0.3875 0.246875 0.017438 0.024063
0 0.553906 0.25 0.026195 0.032242
0 0.466406 0.248958 0.018773 0.023107
0 0.494531 0.255208 0.018939 0.024442
0 0.254688 0.267708 0.019733 0.025046
0 0.517188 0.270833 0.019574 0.023676
0 0.6 0.280208 0.027177 0.033983
0 0.525 0.289583 0.022937 0.028155
0 0.973437 0.297917 0.030147 0.037548
0 0.553125 0.296875 0.02588 0.029593
0 0.75625 0.297917 0.022883 0.028677
0 0.375781 0.298958 0.021339 0.026862
0 0.240625 0.31875 0.020058 0.027568
0 0.290625 0.354167 0.02095 0.027383
0 0.760156 0.376042 0.035622 0.04548
0 0.985156 0.386458 0.027111 0.035073
0 0.147656 0.385417 0.018773 0.023107
0 0.814063 0.392708 0.026724 0.034099
0 0.571094 0.389583 0.021264 0.026134
0 0.478906 0.394792 0.022578 0.031994
0 0.313281 0.404167 0.02563 0.034173
0 0.207813 0.4 0.018773 0.023107
0 0.599219 0.409375 0.028188 0.034431
0 0.630469 0.4125 0.021105 0.028403
0 0.573438 0.422917 0.019574 0.023676
0 0.975 0.429167 0.019925 0.025905
0 0.333594 0.432292 0.021479 0.027243
0 0.857812 0.43125 0.0201 0.026364
0 0.344531 0.434375 0.018048 0.02325
0 0.207031 0.436458 0.018008 0.02309
0 0.252344 0.439583 0.02168 0.028193
0 0.18125 0.459375 0.027912 0.039544
0 0.83125 0.45625 0.02829 0.035646
0 0.505469 0.464583 0.029977 0.042523
0 0.944531 0.463542 0.021314 0.02663
0 0.102344 0.477083 0.022669 0.026114
0 0.116406 0.485417 0.019558 0.02407
0 0.403906 0.489583 0.020341 0.025073
0 0.429688 0.494792 0.019627 0.024405
0 0.877344 0.49375 0.018008 0.02309
0 0.144531 0.498958 0.019925 0.025905
0 0.873437 0.503125 0.032279 0.035586
0 0.410156 0.504167 0.02168 0.028193
0 0.900781 0.508333 0.022911 0.031609
0 0.735156 0.517708 0.028743 0.04079
0 0.295312 0.53125 0.020058 0.027568
0 0.577344 0.545833 0.025054 0.032952
0 0.85625 0.547917 0.018773 0.023107
0 0.607812 0.551042 0.019714 0.027305
0 0.975781 0.56875 0.024672 0.039896
0 0.04375 0.56875 0.023644 0.029463
0 0.542969 0.571875 0.021362 0.02664
0 0.813281 0.575 0.022128 0.030307
0 0.610938 0.577083 0.020566 0.026042
0 0.405469 0.583333 0.021648 0.029332
0 0.6125 0.588542 0.020479 0.026286
0 0.226562 0.589583 0.020938 0.027401
0 0.907813 0.59375 0.020416 0.025301
0 0.953125 0.598958 0.019909 0.025929
0 0.979688 0.604167 0.02306 0.029195
0 0.664844 0.605208 0.018124 0.023544
0 0.092188 0.616667 0.034516 0.04311
0 0.414062 0.614583 0.019768 0.025593
0 0.508594 0.615625 0.018939 0.024442
0 0.852344 0.616667 0.018008 0.02309
0 0.788281 0.61875 0.019574 0.023676
0 0.615625 0.633333 0.033581 0.046703
0 0.285938 0.627083 0.021247 0.027272
0 0.334375 0.63125 0.029895 0.035977
0 0.963281 0.634375 0.018773 0.023107
0 0.524219 0.638542 0.019429 0.026567
0 0.083594 0.645833 0.030984 0.038619
0 0.282031 0.647917 0.017759 0.024215
0 0.786719 0.65625 0.018008 0.02309
0 0.336719 0.670833 0.018331 0.025253
0 0.345313 0.686458 0.023026 0.028919
0 0.602344 0.695833 0.040091 0.045512
0 0.9625 0.690625 0.018827 0.023629
0 0.6875 0.698958 0.029951 0.038596
0 0.2375 0.698958 0.025289 0.031092
0 0.523438 0.697917 0.019531 0.027421
0 0.382031 0.71875 0.028012 0.035878
0 0.804688 0.720833 0.019627 0.024405
0 0.142187 0.725 0.019925 0.025905
0 0.432812 0.734375 0.026755 0.038726
0 0.586719 0.744792 0.023796 0.029832
0 0.492188 0.745833 0.019909 0.025929
0 0.102344 0.760417 0.025513 0.033411
0 0.635156 0.764583 0.021198 0.026257
0 0.521875 0.76875 0.022768 0.026762
0 0.378125 0.76875 0.020134 0.027719
0 0.620313 0.782292 0.020046 0.026244
0 0.140625 0.7875 0.024083 0.030368
0 0.910156 0.783333 0.018827 0.023629
0 0.333594 0.802083 0.017438 0.024063
0 0.844531 0.803125 0.018756 0.022285
0 0.142969 0.815625 0.018773 0.023107
0 0.85625 0.828125 0.022937 0.028155
0 0.139844 0.830208 0.021796 0.030069
0 0.795312 0.842708 0.019925 0.025905
0 0.875781 0.864583 0.029151 0.035937
0 0.376563 0.891667 0.030893 0.067825
0 0.417187 0.882292 0.019627 0.024405
0 0.410938 0.888542 0.020801 0.028133
0 0.558594 0.8875 0.018773 0.023107
0 0.146094 0.90625 0.018008 0.02309
0 0.985156 0.915625 0.026218 0.03426
0 0.771875 0.933333 0.039987 0.038001
0 0.68125 0.944792 0.027937 0.038034
0 0.546094 0.941667 0.024291 0.029293
0 0.30625 0.953125 0.018939 0.024442
0 0.902344 0.970812 0.03306 0.058376
0 0.699219 0.967708 0.027905 0.034571
0 0.186719 0.977083 0.033794 0.041878
0 0.409375 0.970833 0.019909 0.025929
0 0.628125 0.977083 0.017757 0.026099
0 0.011773 0.980208 0.023546 0.029634