0 0.615625 0.015902 0.023768 0.031803
0 0.932813 0.030208 0.02393 0.031906
0 0.635156 0.033333 0.025084 0.031877
0 0.065625 0.0625 0.018756 0.022285
0 0.517969 0.1125 0.024669 0.036072
0 0.667188 0.191667 0.020134 0.027719
0 0.415625 0.217708 0.018939 0.024442
0 0.417187 0.2375 0.018939 0.024442
0 0.614062 0.242708 0.023778 0.030992
0 0.50625 0.340625 0.023592 0.030549
0 0.660937 0.359375 0.019925 0.025905
0 0.767188 0.365625 0.022438 0.032662
0 0.675 0.364583 0.021885 0.028544
0 0.696094 0.411458 0.019178 0.025168
0 0.428125 0.470833 0.022937 0.028155
0 0.397656 0.535417 0.020441 0.025129
0 0.975781 0.535417 0.021198 0.026257
0 0.374219 0.541667 0.022227 0.031837
0 0.392188 0.54375 0.021176 0.031534
0 0.699219 0.54375 0.022776 0.032111
0 0.58125 0.559375 0.02292 0.033794
0 0.45 0.569792 0.022169 0.033669
0 0.089844 0.609375 0.020416 0.025301
0 0.264062 0.627083 0.023432 0.030501
0 0.251563 0.632292 0.019909 0.025929
0 0.249219 0.680208 0.020697 0.026524
0 0.549219 0.698958 0.018939 0.024442
0 0.789844 0.720833 0.024652 0.030465
0 0.432031 0.738542 0.024652 0.030465
0 0.511719 0.775 0.02507 0.027729
0 0.042969 0.807292 0.024274 0.028304
0 0.142187 0.823958 0.026537 0.033111
0 0.236719 0.9125 0.021819 0.028356
0 0.317188 0.91875 0.023476 0.030208