0 0.579688 0.008381 0.018773 0.016762
0 0.6125 0.029167 0.028283 0.030293
0 0.847656 0.06875 0.021264 0.026134
0 0.178906 0.108333 0.027887 0.035516
0 0.591406 0.129167 0.018939 0.024442
0 0.244531 0.183333 0.032366 0.037592
0 0.722656 0.205208 0.027639 0.034712
0 0.192969 0.220833 0.021131 0.02449
0 0.205469 0.226042 0.024341 0.028597
0 0.967969 0.23125 0.025086 0.031874
0 0.329688 0.234375 0.026107 0.033377
0 0.829688 0.269792 0.026048 0.031808
0 0.980469 0.275 0.024101 0.03339
0 0.964063 0.291667 0.027854 0.040734
0 0.375 0.341667 0.028951 0.033421
0 0.734375 0.386458 0.023476 0.030208
0 0.935937 0.395833 0.018773 0.023107
0 0.196875 0.405208 0.029422 0.03426
0 0.232813 0.464583 0.024847 0.031127
0 0.2125 0.466667 0.018756 0.022285
0 0.5875 0.473958 0.019768 0.025593
0 0.690625 0.4875 0.0201 0.026364
0 0.010395 0.522917 0.020789 0.034627
0 0.316406 0.522917 0.022111 0.027748
0 0.313281 0.54375 0.026279 0.035676
0 0.83125 0.583333 0.023952 0.034149
0 0.657031 0.5875 0.02479 0.031527
0 0.657031 0.602083 0.025081 0.035982
0 0.446875 0.602083 0.02594 0.03332
0 0.617969 0.605208 0.029003 0.029781
0 0.273438 0.616667 0.026026 0.036828
0 0.927344 0.638542 0.025343 0.032814
0 0.385156 0.651042 0.029426 0.042129
0 0.64375 0.647917 0.024291 0.029293
0 0.978125 0.648958 0.023026 0.028919
0 0.671875 0.679167 0.023319 0.029672
0 0.382031 0.70625 0.024467 0.034451
0 0.389844 0.71875 0.021239 0.025868
0 0.651563 0.763542 0.02585 0.031338
0 0.3375 0.772917 0.023227 0.029506
0 0.782031 0.8 0.026478 0.0367
0 0.389844 0.8 0.021314 0.02663
0 0.01875 0.827083 0.020938 0.027401
0 0.667188 0.845833 0.02306 0.029195
0 0.032031 0.904167 0.02486 0.031
0 0.25 0.927083 0.020697 0.026524
0 0.505469 0.959375 0.021701 0.028014