0 0.385937 0.015625 0.025322 0.03032
0 0.1625 0.029167 0.027736 0.03412
0 0.680469 0.030208 0.022776 0.032111
0 0.942969 0.048958 0.022758 0.030751
0 0.15 0.070833 0.025249 0.036187
0 0.822656 0.205208 0.021999 0.028864
0 0.370312 0.213542 0.020479 0.026286
0 0.424219 0.232292 0.025289 0.031092
0 0.489063 0.254167 0.029714 0.037719
0 0.439844 0.269792 0.02479 0.031527
0 0.457031 0.295833 0.021819 0.028356
0 0.175 0.375 0.021329 0.030643
0 0.940625 0.380208 0.02937 0.033987
0 0.951562 0.411458 0.024007 0.039724
0 0.919531 0.427083 0.032897 0.03999
0 0.775 0.75 0.023476 0.030208
0 0.935156 0.785417 0.022758 0.030751
0 0.025781 0.83125 0.025275 0.02982
0 0.785156 0.898958 0.021259 0.028345
0 0.603125 0.946875 0.019925 0.025905
0 0.794531 0.979167 0.027468 0.032673