0 0.985156 0.073958 0.01733 0.02503
0 0.234375 0.079167 0.02198 0.027324
0 0.990031 0.082292 0.019938 0.025403
0 0.880469 0.128125 0.021362 0.02664
0 0.507031 0.148958 0.018442 0.024589
0 0.861719 0.186458 0.021339 0.026862
0 0.142969 0.202083 0.021198 0.026257
0 0.60625 0.23125 0.021894 0.026105
0 0.152344 0.309375 0.018939 0.024442
0 0.304688 0.348958 0.02276 0.031984
0 0.623437 0.363542 0.019638 0.024534
0 0.330469 0.382292 0.021239 0.025868
0 0.073438 0.414583 0.02317 0.029214
0 0.647656 0.460417 0.021314 0.02663
0 0.953906 0.460417 0.021202 0.026349
0 0.635938 0.552083 0.020537 0.027934
0 0.741406 0.614583 0.020328 0.024087
0 0.140625 0.664583 0.022815 0.027608
0 0.164844 0.744792 0.018876 0.02557
0 0.523438 0.83125 0.020046 0.026244
0 0.564844 0.838542 0.019638 0.024534
0 0.608594 0.848958 0.021222 0.032511
0 0.152344 0.845833 0.022111 0.027748
0 0.361719 0.846875 0.021339 0.026862
0 0.725 0.848958 0.021362 0.02664
0 0.978125 0.859375 0.029714 0.037719
0 0.83125 0.864583 0.026281 0.032051
0 0.017969 0.979167 0.021796 0.02989
0 0.326562 0.98593 0.02306 0.028139