0 0.160156 0.039583 0.020328 0.024087
0 0.367969 0.140625 0.027965 0.034071
0 0.407813 0.1375 0.022937 0.028155
0 0.654687 0.241667 0.023227 0.029506
0 0.380469 0.280208 0.02466 0.031871
0 0.40625 0.352083 0.018827 0.023629
0 0.464062 0.372917 0.023026 0.028919
0 0.119531 0.386458 0.023607 0.028741
0 0.204687 0.386458 0.019574 0.023676
0 0.902344 0.404167 0.024533 0.03271
0 0.357031 0.442708 0.021264 0.026134
0 0.042969 0.45625 0.021976 0.025927
0 0.300781 0.640625 0.024447 0.033091
0 0.350781 0.659375 0.023161 0.029971
0 0.494531 0.723958 0.030597 0.033915
0 0.776563 0.860417 0.020566 0.026042
0 0.296875 0.860417 0.018773 0.023107
0 0.771094 0.941667 0.021701 0.028014