0 0.614844 0.08125 0.02475 0.031228
0 0.825 0.139583 0.019574 0.023676
0 0.598437 0.202083 0.020231 0.026656
0 0.146094 0.247917 0.021788 0.030078
0 0.575 0.278125 0.022438 0.032662
0 0.972656 0.292708 0.01902 0.024748
0 0.497656 0.304167 0.021972 0.031659
0 0.096094 0.452083 0.024679 0.030191
0 0.496094 0.457292 0.023781 0.034173
0 0.558594 0.48125 0.024471 0.030813
0 0.471875 0.532292 0.028215 0.035868
0 0.216406 0.605208 0.022227 0.031837
0 0.689844 0.655208 0.02563 0.034173
0 0.632812 0.688542 0.019574 0.023676
0 0.772656 0.746875 0.021618 0.02791
0 0.464844 0.747917 0.0197 0.025227
0 0.660937 0.8375 0.023319 0.029672
0 0.6125 0.841667 0.024496 0.029918
0 0.490625 0.927083 0.019733 0.025046
0 0.749219 0.932292 0.021259 0.028345
0 0.889062 0.979167 0.018773 0.023107