0 0.921875 0.009455 0.019792 0.01891
0 0.595313 0.014583 0.019909 0.025929
0 0.007263 0.016667 0.014526 0.025868
0 0.694531 0.01875 0.024837 0.032478
0 0.114844 0.022917 0.020046 0.026244
0 0.096875 0.034375 0.020566 0.026042
0 0.409375 0.059375 0.023778 0.030992
0 0.608594 0.065625 0.021819 0.028356
0 0.04375 0.064583 0.019638 0.024534
0 0.395313 0.067708 0.019792 0.025321
0 0.577344 0.070833 0.018773 0.023107
0 0.675781 0.091667 0.021239 0.025868
0 0.366406 0.09375 0.020697 0.026524
0 0.275781 0.097917 0.022094 0.027539
0 0.538281 0.111458 0.021239 0.025868
0 0.95625 0.134375 0.019909 0.025929
0 0.676562 0.160417 0.018773 0.023107
0 0.526563 0.180208 0.019909 0.025929
0 0.884375 0.186458 0.023758 0.031125
0 0.496875 0.186458 0.019992 0.026974
0 0.407031 0.190625 0.018773 0.023107
0 0.435156 0.230208 0.02663 0.032412
0 0.452344 0.285417 0.018331 0.025253
0 0.748437 0.2875 0.018773 0.023107
0 0.294531 0.303125 0.022613 0.03015
0 0.840625 0.304167 0.023654 0.030791
0 0.65625 0.314583 0.019909 0.025929
0 0.827344 0.330208 0.021701 0.028014
0 0.846875 0.351042 0.022729 0.02728
0 0.855469 0.353125 0.021259 0.029733
0 0.861719 0.3625 0.021796 0.030069
0 0.875781 0.3625 0.021999 0.028864
0 0.492969 0.373958 0.026474 0.032764
0 0.853906 0.369792 0.019792 0.025321
0 0.226562 0.39375 0.01882 0.024173
0 0.132031 0.401042 0.026966 0.033171
0 0.915625 0.416667 0.027663 0.036163
0 0.684375 0.419792 0.024043 0.032841
0 0.367969 0.422917 0.018008 0.02309
0 0.044531 0.463542 0.023456 0.028163
0 0.7375 0.46875 0.022945 0.029561
0 0.353125 0.472917 0.018161 0.023679
0 0.786719 0.498958 0.025333 0.031738
0 0.921094 0.504167 0.020521 0.026513
0 0.832812 0.511458 0.023654 0.029634
0 0.946875 0.515625 0.023964 0.032621
0 0.75 0.5375 0.025611 0.031936
0 0.186719 0.560417 0.026245 0.031768
0 0.817969 0.570833 0.021239 0.025868
0 0.041406 0.63125 0.021259 0.028345
0 0.39375 0.667708 0.026724 0.034099
0 0.642969 0.676042 0.018773 0.023107
0 0.682813 0.741667 0.018773 0.023107
0 0.167187 0.759375 0.026281 0.032051
0 0.839844 0.813542 0.021131 0.02449
0 0.25 0.838542 0.022815 0.027608
0 0.958594 0.854167 0.02313 0.033957
0 0.717969 0.877083 0.024496 0.029918
0 0.772656 0.917708 0.023576 0.035871
0 0.945312 0.928125 0.020627 0.027503