0 0.509375 0.016667 0.019638 0.024534
0 0.300781 0.052083 0.026524 0.033859
0 0.234375 0.072917 0.023026 0.028919
0 0.721875 0.098958 0.019429 0.026567
0 0.700781 0.188542 0.021314 0.02663
0 0.870313 0.259375 0.017301 0.024027
0 0.908594 0.329167 0.017969 0.026042
0 0.165625 0.363542 0.023511 0.028281
0 0.466406 0.504167 0.02198 0.027324
0 0.032031 0.50625 0.019909 0.025929
0 0.845313 0.567708 0.019925 0.025905
0 0.298438 0.58125 0.022128 0.030307
0 0.632031 0.659375 0.020441 0.025129
0 0.361719 0.709375 0.021796 0.030069
0 0.525781 0.708333 0.018008 0.02309
0 0.783594 0.78125 0.021701 0.028014
0 0.80625 0.829167 0.021894 0.026105