0 0.010768 0.040625 0.021535 0.030751
0 0.792969 0.04375 0.022495 0.030475
0 0.521875 0.145833 0.019627 0.024405
0 0.144531 0.26875 0.022776 0.032111
0 0.829688 0.267708 0.018846 0.02378
0 0.833594 0.298958 0.029963 0.045945
0 0.9625 0.298958 0.026765 0.033788
0 0.272656 0.311458 0.026621 0.033198
0 0.671875 0.317708 0.026421 0.03234
0 0.465625 0.333333 0.026571 0.034874
0 0.945312 0.360417 0.026281 0.032051
0 0.815625 0.398958 0.023471 0.0311
0 0.744531 0.411458 0.023533 0.029266
0 0.344531 0.466667 0.021727 0.031708
0 0.00823 0.728125 0.01646 0.026839
0 0.122656 0.734375 0.018756 0.022285
0 0.789844 0.786458 0.024436 0.029089
0 0.725781 0.810417 0.024669 0.036072
0 0.701562 0.895833 0.026848 0.034118
0 0.107031 0.966667 0.021161 0.025349
0 0.874219 0.975 0.0236 0.031896