0 0.605469 0.0125 0.018008 0.02309
0 0.655469 0.014583 0.019574 0.023676
0 0.358594 0.030208 0.025638 0.033235
0 0.013281 0.05 0.025171 0.029147
0 0.503125 0.053125 0.019401 0.028319
0 0.720313 0.077083 0.034183 0.043908
0 0.613281 0.101042 0.030004 0.041358
0 0.671094 0.101042 0.026893 0.038633
0 0.21875 0.109375 0.032704 0.042611
0 0.271875 0.103125 0.019552 0.024083
0 0.079687 0.119792 0.01882 0.024173
0 0.635938 0.130208 0.021949 0.026392
0 0.060156 0.145833 0.021203 0.030662
0 0.103906 0.158333 0.024274 0.028304
0 0.6875 0.169792 0.018827 0.023629
0 0.71875 0.18125 0.023185 0.034666
0 0.699219 0.183333 0.019119 0.025492
0 0.080469 0.201042 0.031999 0.040862
0 0.525 0.207292 0.025507 0.03125
0 0.364844 0.226042 0.020566 0.026042
0 0.604688 0.235417 0.01733 0.02503
0 0.769531 0.244792 0.0197 0.025227
0 0.559375 0.248958 0.019531 0.027421
0 0.301563 0.265625 0.018991 0.026389
0 0.363281 0.277083 0.026598 0.034681
0 0.279687 0.28125 0.017982 0.022269
0 0.589063 0.2875 0.018939 0.024442
0 0.370312 0.289583 0.019768 0.025593
0 0.64375 0.308333 0.036785 0.048754
0 0.325781 0.329167 0.042937 0.054181
0 0.8875 0.321875 0.023325 0.031295
0 0.182031 0.351042 0.02287 0.028488
0 0.688281 0.367708 0.028961 0.042773
0 0.541406 0.373958 0.020479 0.026286
0 0.21875 0.4125 0.019627 0.024405
0 0.989497 0.415625 0.021007 0.028014
0 0.496094 0.445833 0.041888 0.072413
0 0.485938 0.429167 0.021131 0.02449
0 0.351562 0.457292 0.031367 0.052152
0 0.475 0.461458 0.025853 0.032508
0 0.034375 0.484375 0.023512 0.02835
0 0.197656 0.4875 0.024425 0.030612
0 0.132031 0.511458 0.025273 0.030852
0 0.273438 0.535417 0.026275 0.033933
0 0.571094 0.55625 0.02937 0.045094
0 0.329688 0.569792 0.029952 0.038191
0 0.9 0.565625 0.021796 0.02989
0 0.0625 0.566667 0.018756 0.022285
0 0.290625 0.571875 0.020058 0.027568
0 0.50625 0.596875 0.025574 0.035632
0 0.978125 0.605208 0.019733 0.025046
0 0.478906 0.609375 0.018827 0.023629
0 0.067969 0.615625 0.02834 0.035716
0 0.796875 0.617708 0.020479 0.026286
0 0.316406 0.617708 0.019543 0.023126
0 0.249219 0.65 0.023535 0.029328
0 0.580469 0.65 0.02597 0.035516
0 0.838281 0.69375 0.02726 0.040018
0 0.766406 0.688542 0.018161 0.023679
0 0.604688 0.7 0.018999 0.02628
0 0.615625 0.728125 0.034751 0.044829
0 0.375 0.745833 0.024 0.037857
0 0.150781 0.757292 0.020566 0.026042
0 0.321094 0.773958 0.039676 0.054447
0 0.185938 0.76875 0.026156 0.035428
0 0.146094 0.780208 0.031554 0.038396
0 0.790625 0.798958 0.026966 0.033171
0 0.119531 0.811458 0.024033 0.032854
0 0.865625 0.809375 0.023103 0.02886
0 0.549219 0.811458 0.020811 0.029482
0 0.979688 0.819792 0.023771 0.032677
0 0.4375 0.823958 0.022717 0.032414
0 0.483594 0.857292 0.036322 0.046627
0 0.569531 0.863542 0.018773 0.023107
0 0.56875 0.870833 0.024436 0.029089
0 0.641406 0.875 0.021999 0.028864
0 0.566406 0.892708 0.021339 0.026862
0 0.749219 0.892708 0.018756 0.022285
0 0.230469 0.919792 0.025343 0.032814
0 0.5125 0.932292 0.035419 0.049419
0 0.357812 0.9375 0.028453 0.034189
0 0.503125 0.955208 0.026221 0.032529
0 0.448437 0.960417 0.02829 0.035646
0 0.875 0.979167 0.020058 0.027568
0 0.389062 0.984265 0.028975 0.03147
0 0.411719 0.982292 0.018161 0.023679