0 0.315625 0.094792 0.022937 0.038707
0 0.632031 0.101042 0.01875 0.022917
0 0.220312 0.116667 0.020058 0.027568
0 0.011769 0.121875 0.023539 0.033788
0 0.885156 0.123958 0.018331 0.025253
0 0.260156 0.25 0.024623 0.030229
0 0.103125 0.3625 0.022883 0.028677
0 0.528906 0.363542 0.018161 0.023679
0 0.35 0.377083 0.028235 0.044137
0 0.45 0.479167 0.024291 0.029293
0 0.491406 0.597917 0.02163 0.033588
0 0.904687 0.621875 0.02456 0.029745
0 0.075 0.626042 0.023097 0.028871
0 0.233594 0.658333 0.025002 0.031555
0 0.817969 0.728125 0.024341 0.028597
0 0.526563 0.773958 0.02273 0.025968
0 0.788281 0.835417 0.025541 0.034209
0 0.694531 0.941667 0.024436 0.029089
0 0.589063 0.946875 0.024211 0.032811
0 0.060937 0.957292 0.021239 0.025868