0 0.347656 0.011205 0.025796 0.022411
0 0.367188 0.014641 0.020209 0.029281
0 0.13125 0.016667 0.018124 0.023544
0 0.075781 0.022917 0.016714 0.025008
0 0.930469 0.027083 0.021648 0.029332
0 0.166406 0.032292 0.022111 0.027748
0 0.505469 0.041667 0.021618 0.02791
0 0.575 0.047917 0.036276 0.037959
0 0.836719 0.0625 0.018939 0.024442
0 0.263281 0.071875 0.021796 0.02989
0 0.314063 0.071875 0.019633 0.024542
0 0.377344 0.078125 0.023491 0.027306
0 0.259375 0.082292 0.019792 0.025321
0 0.308594 0.088542 0.027513 0.035981
0 0.448437 0.086458 0.018442 0.024589
0 0.707812 0.091667 0.020479 0.026286
0 0.510938 0.1 0.02276 0.031984
0 0.742969 0.101042 0.026195 0.032242
0 0.594531 0.119792 0.029228 0.035147
0 0.614844 0.1375 0.018827 0.023629
0 0.860156 0.148958 0.018161 0.023679
0 0.379688 0.154167 0.01971 0.025332
0 0.23125 0.172917 0.019531 0.026042
0 0.925781 0.171875 0.018008 0.02309
0 0.20625 0.179167 0.023232 0.0323
0 0.439844 0.177083 0.018773 0.023107
0 0.546094 0.180208 0.024384 0.02969
0 0.191406 0.185417 0.021339 0.026862
0 0.801562 0.196875 0.026416 0.034181
0 0.315625 0.198958 0.019627 0.024405
0 0.746875 0.207292 0.019574 0.023676
0 0.159375 0.222917 0.023227 0.029506
0 0.324219 0.239583 0.031382 0.045968
0 0.146875 0.236458 0.019909 0.025929
0 0.48125 0.242708 0.023293 0.029834
0 0.425 0.242708 0.018008 0.02309
0 0.80625 0.259375 0.028573 0.038274
0 0.464062 0.276042 0.02829 0.035646
0 0.617969 0.271875 0.018773 0.023107
0 0.217969 0.2875 0.019627 0.024405
0 0.228125 0.291667 0.01733 0.02503
0 0.696875 0.296875 0.019531 0.026042
0 0.235156 0.296875 0.018773 0.023107
0 0.613281 0.297917 0.018756 0.022285
0 0.932813 0.3 0.018773 0.023107
0 0.704688 0.304167 0.018999 0.02628
0 0.56875 0.314583 0.022788 0.029292
0 0.807031 0.3125 0.01902 0.024748
0 0.642188 0.313542 0.019195 0.026357
0 0.278906 0.321875 0.018304 0.026169
0 0.448437 0.346875 0.029435 0.036442
0 0.474219 0.355208 0.028976 0.031606
0 0.308594 0.352083 0.019558 0.02407
0 0.707031 0.359375 0.021618 0.02791
0 0.182812 0.359375 0.019627 0.024405
0 0.546875 0.364583 0.01733 0.02503
0 0.510938 0.372917 0.019925 0.025905
0 0.6625 0.373958 0.018048 0.02325
0 0.555469 0.384375 0.029142 0.038408
0 0.624219 0.38125 0.018442 0.024589
0 0.270313 0.3875 0.025541 0.034209
0 0.900781 0.386458 0.021819 0.028356
0 0.246875 0.389583 0.018161 0.023679
0 0.782813 0.394792 0.019792 0.025321
0 0.623437 0.409375 0.029851 0.043474
0 0.317188 0.417708 0.038421 0.051937
0 0.030469 0.422917 0.036076 0.038131
0 0.858594 0.415625 0.017438 0.024063
0 0.178906 0.416667 0.018846 0.02378
0 0.066406 0.41875 0.019638 0.024534
0 0.677344 0.423958 0.020566 0.026042
0 0.798438 0.43125 0.025727 0.032655
0 0.534375 0.435417 0.025928 0.037207
0 0.307031 0.43125 0.018939 0.024442
0 0.400781 0.436458 0.018442 0.024589
0 0.325781 0.440625 0.021902 0.027122
0 0.475781 0.453125 0.019558 0.02407
0 0.635156 0.466667 0.03457 0.042905
0 0.682813 0.467708 0.019693 0.028264
0 0.044531 0.469792 0.021479 0.027243
0 0.263281 0.473958 0.018048 0.02325
0 0.95625 0.480208 0.022911 0.031609
0 0.074219 0.482292 0.021161 0.025349
0 0.746875 0.485417 0.019531 0.027421
0 0.561719 0.503125 0.018939 0.024442
0 0.895312 0.517708 0.023988 0.030346
0 0.56875 0.517708 0.01971 0.025332
0 0.53125 0.530208 0.019992 0.026974
0 0.660937 0.534375 0.018161 0.023679
0 0.178125 0.539583 0.020537 0.027934
0 0.617969 0.542708 0.01902 0.024748
0 0.589063 0.552083 0.019925 0.025905
0 0.438281 0.561458 0.030366 0.036493
0 0.61875 0.554167 0.018773 0.023107
0 0.090625 0.554167 0.018769 0.023116
0 0.402344 0.559375 0.022756 0.02825
0 0.260156 0.591667 0.018029 0.025068
0 0.502344 0.598958 0.017982 0.022269
0 0.510938 0.598958 0.018939 0.024442
0 0.451562 0.60625 0.018048 0.02325
0 0.689844 0.611458 0.020328 0.024087
0 0.315625 0.614583 0.018756 0.022285
0 0.507812 0.625 0.020092 0.030397
0 0.614844 0.629167 0.025032 0.033377
0 0.163281 0.625 0.018939 0.024442
0 0.434375 0.627083 0.018773 0.023107
0 0.627344 0.627083 0.017759 0.024215
0 0.502344 0.636458 0.018773 0.023107
0 0.863281 0.653125 0.020801 0.028133
0 0.413281 0.66875 0.01902 0.024748
0 0.347656 0.672917 0.01733 0.02503
0 0.930469 0.679167 0.019531 0.026042
0 0.403906 0.680208 0.018331 0.025253
0 0.55 0.703125 0.039715 0.056634
0 0.242188 0.705208 0.020537 0.027934
0 0.655469 0.708333 0.021999 0.028864
0 0.708594 0.715625 0.021339 0.026862
0 0.950781 0.717708 0.020697 0.026524
0 0.628125 0.720833 0.020416 0.025301
0 0.564844 0.720833 0.017982 0.022269
0 0.350781 0.723958 0.019531 0.023958
0 0.478125 0.727083 0.018939 0.024442
0 0.850781 0.741667 0.044255 0.054005
0 0.294531 0.740625 0.01802 0.023067
0 0.310937 0.744792 0.022111 0.027748
0 0.524219 0.745833 0.018876 0.02557
0 0.361719 0.752083 0.018304 0.026169
0 0.78125 0.75625 0.018773 0.023107
0 0.774219 0.790625 0.018756 0.022285
0 0.944531 0.807292 0.021618 0.02791
0 0.922656 0.826042 0.021479 0.027243
0 0.198437 0.828125 0.022828 0.027821
0 0.605469 0.834375 0.020566 0.026042
0 0.516406 0.84375 0.027491 0.033647
0 0.120313 0.854167 0.02203 0.026707
0 0.544531 0.880208 0.020456 0.028611
0 0.624219 0.894792 0.037523 0.039652
0 0.604688 0.894792 0.020046 0.026244
0 0.466406 0.894792 0.018939 0.024442
0 0.470313 0.907292 0.019627 0.024405
0 0.524219 0.9125 0.022731 0.029504
0 0.120313 0.930208 0.030497 0.038955
0 0.477344 0.940625 0.0211 0.027734
0 0.259375 0.951042 0.019531 0.026042
0 0.321094 0.969792 0.021339 0.026862
0 0.894531 0.96875 0.021243 0.027194
0 0.200781 0.987941 0.020938 0.024117