0 0.010012 0.010506 0.020024 0.021011
0 0.024219 0.020833 0.019627 0.024405
0 0.707812 0.032292 0.021128 0.024499
0 0.022656 0.040625 0.01998 0.028483
0 0.688281 0.053125 0.019638 0.024534
0 0.978125 0.058333 0.018304 0.026169
0 0.060156 0.088542 0.019925 0.025905
0 0.289062 0.097917 0.022254 0.031093
0 0.759375 0.1 0.030483 0.026663
0 0.434375 0.111458 0.018442 0.024589
0 0.328906 0.115625 0.020566 0.026042
0 0.185156 0.120833 0.019832 0.026443
0 0.414844 0.121875 0.019925 0.025905
0 0.008606 0.146875 0.017212 0.029232
0 0.982812 0.16875 0.017721 0.025103
0 0.522656 0.190625 0.020371 0.024457
0 0.566406 0.223958 0.020154 0.028445
0 0.945312 0.226042 0.01998 0.028483
0 0.0125 0.235417 0.021198 0.026257
0 0.007732 0.270833 0.015465 0.026974
0 0.597656 0.269792 0.019638 0.024534
0 0.715625 0.284375 0.018939 0.024442
0 0.655469 0.303125 0.019909 0.025929
0 0.751563 0.326042 0.018331 0.025253
0 0.229687 0.334375 0.021901 0.024512
0 0.411719 0.39375 0.019733 0.025046
0 0.89375 0.421875 0.018442 0.024589
0 0.832031 0.427083 0.025957 0.03004
0 0.399219 0.44375 0.01971 0.025332
0 0.517188 0.448958 0.019558 0.02407
0 0.371875 0.466667 0.021999 0.028864
0 0.442188 0.502083 0.019479 0.035442
0 0.36875 0.519792 0.019084 0.024921
0 0.01875 0.536458 0.01902 0.024748
0 0.484375 0.582292 0.022828 0.030437
0 0.058594 0.583333 0.018331 0.025253
0 0.935937 0.595833 0.021787 0.032655
0 0.660937 0.636458 0.018442 0.024589
0 0.594531 0.694792 0.01882 0.024173
0 0.103125 0.736458 0.022017 0.028277
0 0.554688 0.840625 0.018939 0.024442
0 0.083594 0.903125 0.020371 0.024457
0 0.498437 0.967708 0.018096 0.024127
0 0.85 0.98125 0.018784 0.026311