0 0.259375 0.026042 0.020416 0.025301
0 0.227344 0.052083 0.02466 0.031871
0 0.420312 0.058333 0.018561 0.025359
0 0.032031 0.098958 0.030073 0.044905
0 0.095312 0.092708 0.019574 0.023676
0 0.46875 0.117708 0.027461 0.03012
0 0.658594 0.132292 0.02486 0.031
0 0.307812 0.135417 0.019925 0.025905
0 0.359375 0.136458 0.020058 0.027568
0 0.715625 0.14375 0.026281 0.032051
0 0.589063 0.15625 0.022995 0.032052
0 0.750781 0.172917 0.024773 0.03628
0 0.33125 0.180208 0.025129 0.029733
0 0.266406 0.2 0.027608 0.037621
0 0.214062 0.205208 0.019683 0.026728
0 0.078125 0.213542 0.022828 0.027253
0 0.397656 0.258333 0.021131 0.02449
0 0.555469 0.257292 0.018756 0.022285
0 0.85 0.301042 0.024584 0.031012
0 0.55 0.31875 0.026665 0.036981
0 0.501563 0.328125 0.022246 0.031817
0 0.442188 0.334375 0.020676 0.026744
0 0.771094 0.339583 0.021339 0.026862
0 0.55 0.348958 0.019909 0.025929
0 0.591406 0.3625 0.025307 0.033133
0 0.909375 0.436458 0.023878 0.029636
0 0.975781 0.44375 0.021542 0.027554
0 0.497656 0.45625 0.024837 0.032478
0 0.769531 0.463542 0.023503 0.033898
0 0.898438 0.475 0.019574 0.023676
0 0.921094 0.489583 0.018939 0.024442
0 0.257812 0.5 0.02545 0.035034
0 0.103125 0.502083 0.023144 0.03231
0 0.014844 0.510417 0.018008 0.02309
0 0.065625 0.53125 0.025918 0.029193
0 0.730469 0.541667 0.026996 0.038485
0 0.697656 0.566667 0.02838 0.041017
0 0.346094 0.56875 0.026124 0.031426
0 0.119531 0.575 0.032269 0.041618
0 0.013281 0.582292 0.02545 0.035034
0 0.171875 0.592708 0.025581 0.039888
0 0.65 0.5875 0.019909 0.025929
0 0.153125 0.642708 0.020134 0.027719
0 0.167969 0.644792 0.021796 0.030069
0 0.014063 0.697917 0.020416 0.025301
0 0.071875 0.698958 0.020676 0.026744
0 0.594531 0.702083 0.021362 0.02664
0 0.163281 0.71875 0.024359 0.033115
0 0.68125 0.729167 0.019638 0.024534
0 0.045312 0.769792 0.026352 0.035909
0 0.58125 0.764583 0.018773 0.023107
0 0.775 0.775 0.026124 0.031426
0 0.430469 0.8 0.03407 0.046531
0 0.25625 0.813542 0.019683 0.026728
0 0.946094 0.834375 0.024975 0.031796
0 0.214062 0.872917 0.026075 0.034418
0 0.482031 0.883333 0.020551 0.027917
0 0.648438 0.919792 0.031144 0.038767
0 0.983594 0.970833 0.021989 0.028877
0 0.397656 0.98125 0.019543 0.023126
0 0.910937 0.986458 0.019627 0.024405