0 0.428906 0.038542 0.02203 0.026707
0 0.460156 0.047917 0.020328 0.024087
0 0.684375 0.064583 0.020676 0.026744
0 0.165625 0.067708 0.022828 0.027821
0 0.213281 0.116667 0.02198 0.027324
0 0.351562 0.116667 0.022017 0.028277
0 0.622656 0.125 0.025124 0.02956
0 0.178125 0.123958 0.019792 0.025321
0 0.792188 0.144792 0.022768 0.026762
0 0.047656 0.159375 0.021999 0.028864
0 0.411719 0.170833 0.018939 0.024442
0 0.342969 0.198958 0.020811 0.029482
0 0.835938 0.264583 0.026621 0.033198
0 0.1375 0.263542 0.022729 0.02728
0 0.991183 0.292708 0.017635 0.029356
0 0.433594 0.313542 0.021618 0.02791
0 0.132812 0.347917 0.024436 0.029089
0 0.975 0.413542 0.020046 0.026244
0 0.745313 0.415625 0.025918 0.029193
0 0.889062 0.476042 0.023026 0.028919
0 0.275 0.510417 0.022017 0.028277
0 0.035937 0.5125 0.024488 0.029055
0 0.716406 0.553125 0.018561 0.025359
0 0.335156 0.560417 0.021796 0.02989
0 0.35625 0.56875 0.021247 0.027272
0 0.914062 0.607292 0.026376 0.032785
0 0.439844 0.627083 0.027663 0.031935
0 0.280469 0.658333 0.021479 0.027243
0 0.710938 0.686458 0.025171 0.029147
0 0.208594 0.697917 0.018561 0.025359
0 0.005674 0.7125 0.011348 0.02309
0 0.560937 0.727083 0.026105 0.0312
0 0.914844 0.747917 0.018561 0.025359
0 0.286719 0.771875 0.021819 0.028356
0 0.39375 0.775 0.019792 0.025321
0 0.971094 0.782292 0.019531 0.026042
0 0.428125 0.792708 0.018773 0.023107
0 0.830469 0.902083 0.021648 0.029332
0 0.109375 0.9125 0.019925 0.025905
0 0.335156 0.929167 0.0184 0.026183
0 0.703906 0.955208 0.021796 0.02989
0 0.985156 0.976042 0.019531 0.026042