0 0.492188 0.014918 0.025156 0.029835
0 0.61875 0.040625 0.021796 0.02989
0 0.016406 0.05 0.024847 0.031127
0 0.067969 0.061458 0.024359 0.033115
0 0.861719 0.083333 0.024516 0.030178
0 0.898438 0.1 0.022828 0.030437
0 0.971094 0.109375 0.023344 0.031678
0 0.607812 0.108333 0.019792 0.025321
0 0.325781 0.14375 0.018773 0.023107
0 0.36875 0.151042 0.025424 0.031337
0 0.699219 0.177083 0.024564 0.030774
0 0.320312 0.183333 0.019792 0.025321
0 0.511719 0.245833 0.030667 0.036811
0 0.471875 0.259375 0.020537 0.027934
0 0.639062 0.29375 0.021894 0.026105
0 0.028125 0.305208 0.02591 0.030699
0 0.146875 0.3375 0.021314 0.02663
0 0.560156 0.354167 0.028742 0.037634
0 0.713281 0.375 0.018939 0.024442
0 0.985938 0.385417 0.018773 0.023107
0 0.578125 0.40625 0.022959 0.032567
0 0.911719 0.422917 0.018442 0.024589
0 0.760156 0.428125 0.021339 0.026862
0 0.635156 0.440625 0.023447 0.026119
0 0.517969 0.453125 0.017759 0.024215
0 0.360938 0.461458 0.023026 0.028919
0 0.607812 0.459375 0.019792 0.025321
0 0.921094 0.478125 0.027978 0.037304
0 0.454688 0.488542 0.019429 0.026567
0 0.9 0.49375 0.02317 0.029214
0 0.063281 0.496875 0.02143 0.027648
0 0.240625 0.496875 0.019627 0.024405
0 0.861719 0.526042 0.018442 0.024589
0 0.68125 0.54375 0.032269 0.041618
0 0.146094 0.547917 0.019733 0.025046
0 0.846094 0.559375 0.028891 0.040003
0 0.225 0.553125 0.018939 0.024442
0 0.399219 0.560417 0.029992 0.039491
0 0.903125 0.560417 0.030447 0.041194
0 0.759375 0.572917 0.026711 0.032509
0 0.31875 0.577083 0.01971 0.025332
0 0.76875 0.580208 0.019119 0.025492
0 0.219531 0.592708 0.022047 0.026945
0 0.288281 0.592708 0.018124 0.023544
0 0.242188 0.594792 0.020341 0.025073
0 0.1875 0.598958 0.019733 0.025046
0 0.157031 0.605208 0.024359 0.033115
0 0.632812 0.607292 0.018442 0.024589
0 0.724219 0.622917 0.021989 0.028877
0 0.56875 0.642708 0.022937 0.028155
0 0.903125 0.64375 0.020134 0.027719
0 0.6875 0.655208 0.029749 0.038018
0 0.384375 0.654167 0.021161 0.025349
0 0.61875 0.657292 0.019012 0.028214
0 0.204687 0.660417 0.019925 0.025905
0 0.400781 0.66875 0.027605 0.033962
0 0.798438 0.672917 0.026171 0.033834
0 0.664844 0.673958 0.018939 0.024442
0 0.732031 0.675 0.018304 0.026169
0 0.394531 0.698958 0.027648 0.034893
0 0.1125 0.70625 0.02648 0.033546
0 0.360156 0.714583 0.022094 0.027539
0 0.126562 0.734375 0.021122 0.026093
0 0.4 0.733333 0.018096 0.024127
0 0.246094 0.742708 0.018442 0.024589
0 0.665625 0.758333 0.028106 0.035108
0 0.023438 0.760417 0.023718 0.029015
0 0.446094 0.757292 0.017982 0.022269
0 0.903906 0.786458 0.0292 0.038047
0 0.385156 0.811458 0.021542 0.027554
0 0.234375 0.821875 0.026195 0.032242
0 0.973437 0.819792 0.01971 0.025332
0 0.185156 0.827083 0.023597 0.02855
0 0.380469 0.834375 0.025056 0.029313
0 0.391406 0.848958 0.030802 0.041499
0 0.491406 0.860417 0.030967 0.038367
0 0.141406 0.886458 0.025552 0.034516
0 0.063281 0.960417 0.022729 0.02728
0 0.183594 0.967708 0.020826 0.029466
0 0.278906 0.972917 0.023451 0.027139
0 0.19375 0.978125 0.022815 0.027608