0 0.826562 0.00874 0.019633 0.017479
0 0.782031 0.01875 0.018008 0.02309
0 0.572656 0.026042 0.022669 0.026114
0 0.803906 0.066667 0.026195 0.032242
0 0.870313 0.065625 0.019574 0.023676
0 0.961719 0.109375 0.021239 0.025868
0 0.819531 0.127083 0.031905 0.039779
0 0.83125 0.126042 0.019574 0.023676
0 0.65 0.128125 0.019733 0.025046
0 0.620313 0.16875 0.026833 0.03299
0 0.803906 0.170833 0.033994 0.037667
0 0.829688 0.169792 0.022729 0.02728
0 0.36875 0.188542 0.019574 0.023676
0 0.566406 0.235417 0.02203 0.026707
0 0.884375 0.259375 0.020328 0.024087
0 0.179688 0.270833 0.019638 0.024534
0 0.483594 0.278125 0.018787 0.026105
0 0.76875 0.289583 0.018161 0.023679
0 0.170313 0.307292 0.024225 0.030977
0 0.571875 0.322917 0.025642 0.035177
0 0.578906 0.359375 0.025086 0.031874
0 0.254688 0.370833 0.036885 0.045094
0 0.646875 0.361458 0.019627 0.024405
0 0.657031 0.383333 0.018939 0.024442
0 0.186719 0.385417 0.018784 0.026311
0 0.463281 0.401042 0.018827 0.023629
0 0.779687 0.405208 0.019992 0.026974
0 0.41875 0.432292 0.025865 0.032349
0 0.905469 0.439583 0.023456 0.028163
0 0.492188 0.457292 0.03022 0.037662
0 0.901563 0.463542 0.023931 0.031351
0 0.340625 0.46875 0.020537 0.027934
0 0.316406 0.482292 0.021479 0.027243
0 0.43125 0.5 0.018756 0.022285
0 0.690625 0.523958 0.033451 0.04196
0 0.552344 0.525 0.02838 0.035433
0 0.776563 0.522917 0.020058 0.027568
0 0.269531 0.532292 0.03278 0.04026
0 0.276562 0.589583 0.026273 0.033081
0 0.957812 0.619792 0.042632 0.077276
0 0.982812 0.598958 0.026245 0.031768
0 0.006456 0.619792 0.012912 0.023676
0 0.023438 0.628125 0.021198 0.026257
0 0.138281 0.64375 0.027468 0.032673
0 0.821094 0.665625 0.028598 0.048102
0 0.402344 0.659375 0.021618 0.02791
0 0.704688 0.6625 0.019638 0.024534
0 0.729688 0.673958 0.027672 0.036151
0 0.303125 0.671875 0.021131 0.02449
0 0.958594 0.673958 0.018561 0.025359
0 0.336719 0.682292 0.018691 0.025445
0 0.40625 0.697917 0.02714 0.033665
0 0.820312 0.696875 0.021259 0.028345
0 0.878906 0.729167 0.021618 0.02791
0 0.08125 0.730208 0.019574 0.023676
0 0.179688 0.735417 0.022937 0.028155
0 0.966406 0.736458 0.018773 0.023107
0 0.390625 0.748958 0.027891 0.033137
0 0.983594 0.759375 0.021989 0.028877
0 0.395313 0.773958 0.021727 0.028969
0 0.340625 0.780208 0.024232 0.030858
0 0.199219 0.778125 0.018827 0.023629
0 0.495312 0.7875 0.020676 0.026744
0 0.630469 0.789583 0.025343 0.032814
0 0.478906 0.795833 0.022711 0.029656
0 0.891406 0.798958 0.02545 0.035034
0 0.532813 0.796875 0.018876 0.02557
0 0.150781 0.813542 0.022254 0.02805
0 0.700781 0.814583 0.021479 0.027243
0 0.93125 0.822917 0.026933 0.037088
0 0.142969 0.826042 0.021542 0.027554
0 0.982812 0.840625 0.025084 0.031877
0 0.803125 0.852083 0.023293 0.029834
0 0.45625 0.858333 0.022883 0.028677
0 0.392969 0.869792 0.023097 0.028871
0 0.077344 0.871875 0.021314 0.02663
0 0.853125 0.873958 0.020566 0.026042
0 0.399219 0.885417 0.021701 0.028014
0 0.114844 0.905208 0.025552 0.033182
0 0.447656 0.926042 0.025838 0.032623
0 0.125 0.925 0.019909 0.025929
0 0.715625 0.979167 0.018773 0.023107
0 0.311719 0.985494 0.028106 0.029012