0 0.132031 0.038542 0.020441 0.025129
0 0.833594 0.058333 0.019574 0.023676
0 0.58125 0.067708 0.022613 0.03015
0 0.289844 0.073958 0.024377 0.029518
0 0.04375 0.121875 0.019792 0.025321
0 0.522656 0.163542 0.021479 0.027243
0 0.386719 0.183333 0.021804 0.02852
0 0.117188 0.251042 0.019909 0.025929
0 0.310156 0.258333 0.019627 0.024405
0 0.109375 0.277083 0.025511 0.034687
0 0.634375 0.29375 0.020046 0.026244
0 0.494531 0.311458 0.021796 0.030069
0 0.160938 0.319792 0.019909 0.025929
0 0.544531 0.322917 0.024946 0.031337
0 0.675 0.333333 0.020566 0.026042
0 0.973437 0.344792 0.022995 0.032052
0 0.307812 0.369792 0.019627 0.024405
0 0.227344 0.396875 0.018008 0.02309
0 0.458594 0.408333 0.021796 0.02989
0 0.272656 0.421875 0.02836 0.032447
0 0.046094 0.43125 0.024535 0.029481
0 0.26875 0.430208 0.023234 0.02937
0 0.922656 0.43125 0.019178 0.025168
0 0.93125 0.439583 0.022731 0.029504
0 0.382812 0.442708 0.026 0.030914
0 0.11875 0.4625 0.020676 0.026744
0 0.311719 0.463542 0.018939 0.024442
0 0.360156 0.48125 0.03383 0.034808
0 0.482031 0.498958 0.02456 0.029745
0 0.417187 0.5125 0.019638 0.024534
0 0.979688 0.522917 0.024335 0.037813
0 0.123438 0.53125 0.020697 0.026524
0 0.316406 0.540625 0.034804 0.040662
0 0.247656 0.546875 0.028392 0.036456
0 0.341406 0.545833 0.021989 0.028877
0 0.233594 0.571875 0.025907 0.03371
0 0.815625 0.597917 0.026 0.030914
0 0.185156 0.609375 0.020328 0.024087
0 0.834375 0.610417 0.019638 0.024534
0 0.326562 0.619792 0.019925 0.025905
0 0.128906 0.639583 0.031544 0.040864
0 0.278906 0.635417 0.021796 0.030069
0 0.639844 0.64375 0.018691 0.025445
0 0.307031 0.647917 0.021701 0.028014
0 0.382812 0.659375 0.020627 0.027503
0 0.179688 0.672917 0.019733 0.025046
0 0.442188 0.680208 0.020801 0.028133
0 0.428125 0.688542 0.019925 0.025905
0 0.929688 0.69375 0.019531 0.027421
0 0.122656 0.70625 0.02168 0.028193
0 0.86875 0.70625 0.020537 0.027934
0 0.903125 0.721875 0.019925 0.025905
0 0.217188 0.729167 0.019531 0.027421
0 0.7875 0.7375 0.019792 0.025321
0 0.594531 0.755208 0.022254 0.035638
0 0.253906 0.752083 0.021542 0.027554
0 0.727344 0.755208 0.019429 0.026567
0 0.58125 0.784375 0.019531 0.026042
0 0.110156 0.789583 0.021542 0.027554
0 0.882031 0.796875 0.022128 0.030307
0 0.492969 0.796875 0.018756 0.022285
0 0.0625 0.803125 0.025969 0.032604
0 0.98125 0.809375 0.026686 0.03868
0 0.617188 0.80625 0.019909 0.025929
0 0.26875 0.819792 0.022883 0.028677
0 0.653125 0.81875 0.020676 0.026744
0 0.873437 0.821875 0.020566 0.026042
0 0.669531 0.858333 0.018442 0.024589
0 0.502344 0.865625 0.025282 0.034542
0 0.132031 0.875 0.026791 0.034443
0 0.092969 0.909375 0.021701 0.028014
0 0.707812 0.929167 0.026421 0.033117
0 0.800781 0.94375 0.021161 0.025349
0 0.671094 0.946875 0.020328 0.024087
0 0.161719 0.959375 0.021989 0.028877
0 0.370312 0.975 0.020081 0.033397
0 0.389844 0.98125 0.021459 0.027275