0 0.009965 0.008355 0.019931 0.01671
0 0.516406 0.007845 0.018846 0.015689
0 0.226562 0.009736 0.019832 0.019471
0 0.794531 0.00786 0.018773 0.01572
0 0.142187 0.008886 0.018846 0.017772
0 0.271875 0.008371 0.01802 0.016742
0 0.742188 0.008614 0.018801 0.017228
0 0.282031 0.008177 0.019534 0.016354
0 0.067187 0.017073 0.02981 0.034145
0 0.289844 0.010268 0.019627 0.020536
0 0.279687 0.011477 0.020341 0.022953
0 0.198437 0.014432 0.021329 0.028863
0 0.249219 0.01475 0.023293 0.029501
0 0.229687 0.017716 0.026979 0.035431
0 0.220312 0.014583 0.018773 0.023107
0 0.261719 0.019792 0.022759 0.032415
0 0.239063 0.020833 0.0223 0.028345
0 0.715625 0.021875 0.028914 0.031284
0 0.098437 0.023958 0.019534 0.022292
0 0.273438 0.025 0.019542 0.02313
0 0.224219 0.027083 0.022758 0.026784
0 0.108594 0.045833 0.03997 0.069868
0 0.3625 0.027083 0.020339 0.023705
0 0.257031 0.032292 0.021122 0.031275
0 0.164844 0.033333 0.020528 0.029524
0 0.270313 0.033333 0.023447 0.026119
0 0.264062 0.034375 0.016719 0.026046
0 0.213281 0.034375 0.017337 0.025026
0 0.16875 0.035417 0.020314 0.022296
0 0.792188 0.036458 0.018921 0.024472
0 0.271875 0.039583 0.017835 0.025128
0 0.570312 0.040625 0.023451 0.024539
0 0.071875 0.052083 0.024515 0.038981
0 0.24375 0.047917 0.028628 0.03817
0 0.675781 0.051042 0.027036 0.038865
0 0.289062 0.046875 0.016719 0.026046
0 0.2625 0.054167 0.019574 0.023676
0 0.260156 0.057292 0.01882 0.024173
0 0.685156 0.060417 0.020441 0.025129
0 0.723437 0.063542 0.018939 0.024442
0 0.723437 0.071875 0.019445 0.029302
0 0.667188 0.077083 0.027349 0.034246
0 0.260937 0.08125 0.03325 0.040952
0 0.711719 0.075 0.022828 0.027821
0 0.341406 0.073958 0.018331 0.025253
0 0.203125 0.079167 0.019613 0.024433
0 0.184375 0.085417 0.019453 0.029296
0 0.824219 0.086458 0.022874 0.032977
0 0.194531 0.0875 0.020454 0.02833
0 0.213281 0.098958 0.031673 0.042585
0 0.690625 0.088542 0.02273 0.025968
0 0.177344 0.094792 0.025219 0.029986
0 0.528906 0.092708 0.025008 0.024554
0 0.082031 0.095833 0.021901 0.024512
0 0.2625 0.098958 0.019476 0.030306
0 0.973437 0.101042 0.023758 0.031125
0 0.086719 0.103125 0.023462 0.02542
0 0.075781 0.114583 0.030371 0.041607
0 0.0875 0.111458 0.022947 0.027986
0 0.177344 0.117708 0.023529 0.026601
0 0.066406 0.121875 0.01813 0.025093
0 0.092969 0.123958 0.021894 0.026105
0 0.671875 0.127083 0.02563 0.031709
0 0.679688 0.127083 0.018304 0.026169
0 0.177344 0.126042 0.01882 0.024173
0 0.085938 0.132292 0.021259 0.029733
0 0.091406 0.142708 0.029138 0.043817
0 0.655469 0.135417 0.019633 0.024542
0 0.012928 0.138542 0.025856 0.033532
0 0.184375 0.1375 0.020313 0.022917
0 0.078906 0.148958 0.020454 0.02833
0 0.072656 0.151042 0.018921 0.024472
0 0.06875 0.155208 0.019558 0.02407
0 0.075781 0.154167 0.018921 0.024472
0 0.978125 0.15625 0.020432 0.028638
0 0.094531 0.155208 0.019531 0.025
0 0.814844 0.158333 0.016702 0.023976
0 0.090625 0.160417 0.018029 0.025068
0 0.8125 0.1625 0.020866 0.027821
0 0.096875 0.161458 0.021901 0.024512
0 0.81875 0.163542 0.01813 0.025093
0 0.022656 0.165625 0.018756 0.022285
0 0.053906 0.179167 0.028179 0.033411
0 0.978125 0.179167 0.02625 0.033969
0 0.707031 0.177083 0.020371 0.024457
0 0.714844 0.179167 0.020314 0.022296
0 0.746875 0.180208 0.019909 0.025929
0 0.853125 0.183333 0.016714 0.025008
0 0.114062 0.188542 0.021976 0.025927
0 0.729688 0.202083 0.043538 0.05706
0 0.109375 0.197917 0.021542 0.027554
0 0.784375 0.205208 0.025326 0.03978
0 0.725 0.226042 0.019762 0.028269
0 0.721094 0.240625 0.02332 0.039699
0 0.839063 0.240625 0.016702 0.023976
0 0.733594 0.260417 0.039018 0.059367
0 0.714063 0.25 0.022051 0.026939
0 0.7125 0.25625 0.018769 0.023116
0 0.680469 0.263542 0.020566 0.026042
0 0.69375 0.271875 0.027196 0.036515
0 0.016406 0.267708 0.019592 0.025156
0 0.724219 0.26875 0.020938 0.027401
0 0.875781 0.276042 0.017759 0.024215
0 0.707031 0.278125 0.018354 0.025228
0 0.714063 0.279167 0.019724 0.029262
0 0.729688 0.277083 0.018769 0.023116
0 0.821875 0.279167 0.02269 0.029686
0 0.020313 0.28125 0.02099 0.030596
0 0.703125 0.2875 0.027854 0.033377
0 0.725 0.288542 0.022214 0.035523
0 0.69375 0.283333 0.018048 0.02325
0 0.874219 0.285417 0.01733 0.02503
0 0.027344 0.285417 0.021128 0.024499
0 0.010169 0.289583 0.020338 0.024472
0 0.771875 0.295833 0.019579 0.029192
0 0.707812 0.298958 0.020521 0.026513
0 0.033594 0.309375 0.031331 0.043292
0 0.69375 0.305208 0.024243 0.025291
0 0.057031 0.305208 0.019542 0.02313
0 0.089063 0.308333 0.021636 0.02966
0 0.717969 0.30625 0.020377 0.02459
0 0.740625 0.310417 0.025838 0.030386
0 0.075781 0.328125 0.035396 0.0508
0 0.132031 0.315625 0.021881 0.024108
0 0.717969 0.317708 0.023459 0.025427
0 0.064062 0.319792 0.019531 0.023958
0 0.694531 0.319792 0.024459 0.028776
0 0.711719 0.323958 0.029755 0.038539
0 0.750781 0.3375 0.051963 0.052949
0 0.785937 0.327083 0.021898 0.032317
0 0.053125 0.326042 0.021102 0.024102
0 0.044531 0.334375 0.025211 0.033309
0 0.778125 0.335417 0.020697 0.026524
0 0.811719 0.341667 0.028758 0.038887
0 0.047656 0.344792 0.022675 0.027132
0 0.895312 0.370833 0.041432 0.071894
0 0.064062 0.357292 0.019098 0.028216
0 0.075781 0.375 0.037303 0.060704
0 0.013281 0.365625 0.024225 0.030977
0 0.914844 0.365625 0.018561 0.025359
0 0.963281 0.379167 0.024309 0.035507
0 0.060156 0.380208 0.024418 0.030455
0 0.033594 0.379167 0.019531 0.027421
0 0.76875 0.379167 0.018008 0.02309
0 0.78125 0.386458 0.025022 0.031266
0 0.096094 0.385417 0.017317 0.024011
0 0.0875 0.395833 0.021284 0.04064
0 0.0125 0.391667 0.02101 0.028935
0 0.702344 0.391667 0.018442 0.024589
0 0.753125 0.395833 0.025043 0.026787
0 0.771875 0.396875 0.021094 0.029167
0 0.09375 0.396875 0.018406 0.026178
0 0.708594 0.396875 0.020422 0.025409
0 0.74375 0.398958 0.025348 0.03196
0 0.704688 0.4 0.019609 0.026145
0 0.061719 0.403125 0.021083 0.029623
0 0.067969 0.402083 0.020314 0.022296
0 0.075781 0.403125 0.018048 0.02325
0 0.917969 0.417708 0.032145 0.045981
0 0.719531 0.409375 0.018406 0.026178
0 0.060937 0.419792 0.025105 0.039634
0 0.721094 0.41875 0.026591 0.026815
0 0.047656 0.426042 0.03282 0.035439
0 0.026562 0.433333 0.028438 0.037918
0 0.064062 0.430208 0.020314 0.022296
0 0.082812 0.434375 0.025042 0.032134
0 0.680469 0.430208 0.022656 0.027083
0 0.076563 0.432292 0.018846 0.025128
0 0.842187 0.43125 0.018008 0.02309
0 0.714063 0.432292 0.02032 0.023137
0 0.823438 0.434375 0.02047 0.025668
0 0.664062 0.4375 0.02503 0.025943
0 0.675 0.436458 0.019638 0.024534
0 0.683594 0.440625 0.018398 0.030232
0 0.714844 0.438542 0.019119 0.025492
0 0.828906 0.4375 0.018921 0.024472
0 0.8375 0.439583 0.018691 0.025445
0 0.048438 0.448958 0.034745 0.041353
0 0.058594 0.441667 0.020352 0.025177
0 0.982031 0.442708 0.018096 0.024127
0 0.685937 0.447917 0.021211 0.027329
0 0.832031 0.448958 0.020432 0.028638
0 0.691406 0.452083 0.028461 0.032483
0 0.104688 0.448958 0.017317 0.024011
0 0.673438 0.448958 0.022675 0.024528
0 0.097656 0.45 0.018442 0.024589
0 0.709375 0.453125 0.017348 0.026056
0 0.064062 0.45625 0.017348 0.026056
0 0.098437 0.45625 0.024258 0.025926
0 0.677344 0.455208 0.021878 0.023148
0 0.688281 0.460417 0.02664 0.028215
0 0.057813 0.469792 0.023339 0.03403
0 0.009419 0.46875 0.018839 0.030964
0 0.988281 0.473958 0.01882 0.024173
0 0.973437 0.48125 0.022945 0.029561
0 0.094531 0.488542 0.018836 0.029238
0 0.034375 0.492708 0.021098 0.023144
0 0.729688 0.494792 0.029697 0.027385
0 0.028906 0.495833 0.020916 0.029681
0 0.046875 0.494792 0.018846 0.025128
0 0.078906 0.501042 0.018161 0.023679
0 0.908594 0.502083 0.019733 0.025046
0 0.721094 0.504167 0.020319 0.023139
0 0.707031 0.507292 0.020314 0.022296
0 0.721875 0.510417 0.019693 0.028264
0 0.696875 0.511458 0.019592 0.025156
0 0.691406 0.517708 0.018846 0.025128
0 0.721094 0.51875 0.019543 0.023126
0 0.696875 0.526042 0.025807 0.026056
0 0.911719 0.533333 0.021188 0.030341
0 0.795312 0.5375 0.019972 0.028419
0 0.839063 0.560417 0.02984 0.037433
0 0.072656 0.555208 0.018161 0.023679
0 0.066406 0.561458 0.025784 0.023763
0 0.008986 0.564583 0.017972 0.023137
0 0.063281 0.56875 0.029737 0.029081
0 0.982031 0.569792 0.020676 0.026744
0 0.086719 0.572917 0.018442 0.02717
0 0.069531 0.572917 0.019542 0.02313
0 0.945312 0.575 0.022707 0.026328
0 0.075781 0.579167 0.0184 0.026183
0 0.120313 0.580208 0.019562 0.025079
0 0.678906 0.580208 0.021094 0.025
0 0.06875 0.58125 0.021876 0.022301
0 0.089844 0.582292 0.019558 0.02407
0 0.672656 0.584375 0.018784 0.026311
0 0.084375 0.584375 0.019543 0.023126
0 0.117969 0.586458 0.029754 0.03003
0 0.075781 0.5875 0.01813 0.025093
0 0.127344 0.591667 0.019065 0.031282
0 0.082812 0.589583 0.017317 0.024011
0 0.7 0.59375 0.021658 0.029319
0 0.057031 0.620833 0.060529 0.069973
0 0.084375 0.595833 0.020319 0.023139
0 0.628906 0.596875 0.018769 0.023116
0 0.697656 0.601042 0.021921 0.025381
0 0.095312 0.610417 0.037926 0.040326
0 0.13125 0.602083 0.02032 0.023137
0 0.714844 0.607292 0.024309 0.027699
0 0.119531 0.60625 0.021875 0.022917
0 0.967969 0.623958 0.021618 0.02791
0 0.085156 0.64375 0.046543 0.064631
0 0.100781 0.625 0.023492 0.026
0 0.699219 0.628125 0.017759 0.024215
0 0.710938 0.632292 0.019446 0.026546
0 0.800781 0.652083 0.043618 0.056648
0 0.664062 0.648958 0.021886 0.023736
0 0.869531 0.65 0.019683 0.026728
0 0.675 0.648958 0.018008 0.02309
0 0.777344 0.654167 0.020529 0.025786
0 0.676562 0.661458 0.023661 0.028066
0 0.023437 0.66875 0.02755 0.030493
0 0.057813 0.670833 0.026493 0.039277
0 0.707812 0.667708 0.016722 0.027086
0 0.035156 0.669792 0.026598 0.029342
0 0.044531 0.666667 0.020314 0.022296
0 0.655469 0.670833 0.020339 0.023705
0 0.869531 0.685417 0.031014 0.046896
0 0.119531 0.677083 0.021098 0.023145
0 0.735938 0.679167 0.019531 0.027421
0 0.048438 0.683333 0.021095 0.022299
0 0.264062 0.684375 0.020314 0.022296
0 0.071875 0.690625 0.022643 0.032905
0 0.703125 0.688542 0.019542 0.02313
0 0.051562 0.691667 0.021946 0.026299
0 0.078125 0.696875 0.020058 0.029347
0 0.082812 0.694792 0.018773 0.023107
0 0.049219 0.698958 0.018096 0.024127
0 0.047656 0.702083 0.019613 0.024433
0 0.586719 0.7125 0.023319 0.033718
0 0.6875 0.719792 0.035563 0.050162
0 0.082031 0.711458 0.02201 0.026744
0 0.625 0.713542 0.024668 0.03021
0 0.18125 0.713542 0.021943 0.026404
0 0.077344 0.720833 0.026698 0.02992
0 0.102344 0.729167 0.03364 0.04066
0 0.638281 0.720833 0.018756 0.022285
0 0.176563 0.721875 0.019613 0.024433
0 0.083594 0.738542 0.029824 0.054582
0 0.625 0.722917 0.018846 0.02378
0 0.05625 0.726042 0.018999 0.02628
0 0.647656 0.726042 0.021098 0.023144
0 0.176563 0.726042 0.018769 0.023116
0 0.186719 0.730208 0.020529 0.025786
0 0.089844 0.733333 0.01813 0.025093
0 0.185938 0.735417 0.019552 0.024083
0 0.642969 0.739583 0.021884 0.025104
0 0.182812 0.739583 0.022675 0.024528
0 0.625 0.739583 0.019558 0.02407
0 0.939844 0.740625 0.020566 0.026042
0 0.68125 0.740625 0.021901 0.024512
0 0.625781 0.751042 0.022828 0.027821
0 0.65 0.753125 0.021978 0.027245
0 0.097656 0.75625 0.02118 0.025185
0 0.580469 0.75625 0.023438 0.025
0 0.614844 0.75625 0.019543 0.023126
0 0.617188 0.760417 0.021131 0.02449
0 0.174219 0.761458 0.020364 0.024472
0 0.654687 0.763542 0.019534 0.022292
0 0.190625 0.767708 0.021098 0.023144
0 0.600781 0.767708 0.023438 0.022917
0 0.584375 0.771875 0.021314 0.02663
0 0.6 0.770833 0.019768 0.025593
0 0.071875 0.773958 0.021796 0.030069
0 0.177344 0.772917 0.019543 0.023126
0 0.211719 0.772917 0.028128 0.02457
0 0.908594 0.773958 0.021314 0.02663
0 0.610156 0.775 0.019681 0.02538
0 0.339844 0.779167 0.024229 0.027144
0 0.55 0.79375 0.030947 0.048064
0 0.160156 0.782292 0.019332 0.028307
0 0.599219 0.779167 0.019534 0.022292
0 0.60625 0.780208 0.020313 0.022917
0 0.242969 0.780208 0.020319 0.023139
0 0.224219 0.783333 0.018324 0.026151
0 0.151562 0.7875 0.024381 0.03447
0 0.673438 0.811458 0.059618 0.074
0 0.721094 0.7875 0.019893 0.027596
0 0.251563 0.788542 0.019542 0.02313
0 0.213281 0.790625 0.01902 0.024748
0 0.222656 0.79375 0.021104 0.024098
0 0.210938 0.815625 0.066217 0.066183
0 0.558594 0.795833 0.020412 0.025429
0 0.245312 0.797917 0.020509 0.025821
0 0.192969 0.798958 0.021886 0.023736
0 0.584375 0.801042 0.019574 0.023676
0 0.615625 0.81875 0.039355 0.054108
0 0.567969 0.820833 0.062975 0.054855
0 0.239063 0.805208 0.021094 0.022917
0 0.251563 0.80625 0.018354 0.025228
0 0.530469 0.8125 0.02577 0.03231
0 0.129688 0.822917 0.044277 0.054748
0 0.240625 0.813542 0.01813 0.025093
0 0.254688 0.815625 0.021884 0.025104
0 0.224219 0.819792 0.020231 0.026656
0 0.034375 0.821875 0.021882 0.024105
0 0.286719 0.821875 0.018769 0.023116
0 0.514062 0.823958 0.022861 0.027439
0 0.529687 0.826042 0.019558 0.02407
0 0.424219 0.832292 0.019146 0.031286
0 0.484375 0.829167 0.019119 0.025492
0 0.510938 0.83125 0.019638 0.024534
0 0.328125 0.834375 0.025784 0.025116
0 0.555469 0.834375 0.020627 0.027503
0 0.521875 0.853125 0.062047 0.061861
0 0.534375 0.836458 0.024488 0.029055
0 0.121094 0.841667 0.022996 0.028271
0 0.114844 0.838542 0.018354 0.025228
0 0.425781 0.840625 0.025807 0.026056
0 0.504687 0.839583 0.020339 0.023705
0 0.545312 0.841667 0.026581 0.025971
0 0.572656 0.842708 0.019531 0.022917
0 0.135937 0.854167 0.035441 0.042724
0 0.6875 0.846875 0.019558 0.02407
0 0.627344 0.847917 0.019534 0.022292
0 0.355469 0.852083 0.022325 0.028159
0 0.403906 0.860417 0.023746 0.030768
0 0.155469 0.85625 0.02032 0.023137
0 0.394531 0.863542 0.022664 0.023745
0 0.704688 0.864583 0.017345 0.026058
0 0.732031 0.878125 0.031353 0.056703
0 0.503906 0.866667 0.018442 0.027169
0 0.154688 0.866667 0.019531 0.023958
0 0.422656 0.869792 0.024837 0.032478
0 0.553906 0.867708 0.018756 0.022285
0 0.49375 0.872917 0.018785 0.024068
0 0.56875 0.880208 0.023024 0.034546
0 0.163281 0.876042 0.018991 0.026389
0 0.430469 0.875 0.019534 0.022292
0 0.539062 0.873958 0.020314 0.022296
0 0.142969 0.876042 0.019119 0.025492
0 0.433594 0.879167 0.018051 0.025047
0 0.664062 0.878125 0.018331 0.025253
0 0.757812 0.888542 0.019714 0.027305
0 0.954688 0.891667 0.021816 0.032581
0 0.480469 0.9125 0.018331 0.025253
0 0.175781 0.915625 0.021094 0.026042
0 0.482812 0.933333 0.039873 0.051833
0 0.165625 0.927083 0.030541 0.033611
0 0.960156 0.935417 0.022393 0.030491
0 0.402344 0.948958 0.021161 0.025349
0 0.372656 0.965625 0.023511 0.028281
0 0.525 0.970833 0.017982 0.022269
0 0.260156 0.983333 0.021339 0.026862
0 0.517188 0.984375 0.020288 0.027694