0 0.947656 0.066667 0.02537 0.032683
0 0.566406 0.095833 0.019714 0.027305
0 0.758594 0.107292 0.024564 0.030774
0 0.575 0.160417 0.022729 0.02728
0 0.805469 0.379167 0.025162 0.036319
0 0.492969 0.39375 0.026621 0.033198
0 0.725781 0.560417 0.021999 0.028864
0 0.395313 0.623958 0.01971 0.025332
0 0.605469 0.690625 0.024847 0.031127
0 0.41875 0.691667 0.022111 0.027748
0 0.697656 0.71875 0.021542 0.027554
0 0.359375 0.863542 0.020046 0.026244
0 0.802344 0.869792 0.021339 0.026862
0 0.382812 0.957292 0.024467 0.034451