0 0.959375 0.026042 0.024707 0.033327
0 0.55 0.05625 0.026966 0.033171
0 0.496875 0.229167 0.022937 0.028155
0 0.809375 0.565625 0.02625 0.033969
0 0.25625 0.596875 0.01733 0.02503
0 0.761719 0.638542 0.024938 0.031451
0 0.23125 0.672917 0.01971 0.025332
0 0.613281 0.730208 0.027409 0.033398
0 0.5625 0.773958 0.028268 0.034657
0 0.629687 0.779167 0.023245 0.030258
0 0.657813 0.894792 0.024988 0.032589
0 0.225781 0.913542 0.024237 0.025431
0 0.224219 0.920833 0.021202 0.026349
0 0.70625 0.966667 0.023097 0.028871