0 0.767188 0.075 0.023631 0.041796
0 0.074219 0.088542 0.024847 0.031127
0 0.245312 0.090625 0.029509 0.035827
0 0.75 0.119792 0.020479 0.026286
0 0.061719 0.164583 0.022766 0.03074
0 0.5625 0.204167 0.025957 0.03004
0 0.566406 0.236458 0.018756 0.022285
0 0.078125 0.269792 0.026494 0.038028
0 0.067187 0.29375 0.026101 0.032719
0 0.5625 0.314583 0.026101 0.032719
0 0.527344 0.352083 0.018827 0.023629
0 0.954688 0.371875 0.023461 0.030231
0 0.328125 0.383333 0.023103 0.02886
0 0.489063 0.478125 0.028772 0.039197
0 0.100781 0.496875 0.025161 0.030661
0 0.776563 0.520833 0.023227 0.029506
0 0.769531 0.563542 0.024492 0.034303
0 0.144531 0.573958 0.023503 0.033898
0 0.987976 0.595833 0.024049 0.031871
0 0.723437 0.628125 0.029161 0.041107
0 0.775 0.632292 0.026159 0.03105
0 0.449219 0.684375 0.024847 0.031127
0 0.477344 0.691667 0.027444 0.031564
0 0.972656 0.709375 0.025289 0.031092
0 0.616406 0.721875 0.025472 0.034539
0 0.728125 0.723958 0.023503 0.033898
0 0.471875 0.726042 0.026107 0.033377
0 0.590625 0.733333 0.024319 0.034057
0 0.238281 0.733333 0.021656 0.028229
0 0.235937 0.745833 0.025726 0.035186
0 0.595313 0.760417 0.025215 0.032495
0 0.991237 0.766667 0.017527 0.032021
0 0.835156 0.786458 0.019531 0.026042
0 0.259375 0.809375 0.019925 0.025905
0 0.948438 0.829167 0.023583 0.030562
0 0.697656 0.885417 0.019531 0.027421
0 0.177344 0.973958 0.031077 0.043243