0 0.779687 0.013142 0.020058 0.026284
0 0.296094 0.08125 0.025424 0.031337
0 0.225781 0.170833 0.019627 0.024405
0 0.447656 0.173958 0.024584 0.031012
0 0.66875 0.210417 0.019627 0.024405
0 0.607812 0.225 0.020566 0.026042
0 0.790625 0.238542 0.021161 0.025349
0 0.392969 0.363542 0.021658 0.029319
0 0.702344 0.402083 0.018442 0.024589
0 0.589063 0.491667 0.028242 0.030889
0 0.7 0.507292 0.023319 0.029672
0 0.410938 0.561458 0.019543 0.023126
0 0.185156 0.6125 0.021362 0.02664
0 0.576562 0.720833 0.035217 0.032344
0 0.779687 0.8 0.018756 0.022285
0 0.315625 0.880208 0.020046 0.026244
0 0.773438 0.913542 0.019925 0.025905
0 0.479687 0.920833 0.018773 0.023107
0 0.065625 0.986143 0.021259 0.027714