0 0.254688 0.016188 0.029369 0.032375
0 0.096094 0.039583 0.020479 0.026286
0 0.982812 0.040625 0.023654 0.029634
0 0.751563 0.051042 0.020422 0.025409
0 0.610156 0.058333 0.021264 0.026134
0 0.446875 0.059375 0.019627 0.024405
0 0.328906 0.070833 0.029089 0.036562
0 0.553125 0.073958 0.019574 0.023676
0 0.352344 0.092708 0.028106 0.035108
0 0.15 0.096875 0.022729 0.02728
0 0.99101 0.096875 0.01798 0.023107
0 0.260156 0.103125 0.019627 0.024405
0 0.494531 0.107292 0.027426 0.030596
0 0.023438 0.120833 0.031473 0.043524
0 0.0875 0.1125 0.019909 0.025929
0 0.428906 0.129167 0.030668 0.039358
0 0.663281 0.146875 0.021701 0.028014
0 0.474219 0.152083 0.021656 0.028229
0 0.417187 0.157292 0.028268 0.034657
0 0.840625 0.1625 0.026283 0.033839
0 0.228906 0.171875 0.027883 0.036135
0 0.498437 0.172917 0.023597 0.02855
0 0.886719 0.173958 0.022728 0.025973
0 0.264062 0.178125 0.019627 0.024405
0 0.5375 0.207292 0.030516 0.039313
0 0.653125 0.202083 0.0201 0.026364
0 0.264062 0.211458 0.023438 0.03125
0 0.846875 0.215625 0.02273 0.025968
0 0.789844 0.229167 0.021339 0.026862
0 0.482812 0.244792 0.023476 0.030208
0 0.109375 0.2625 0.027276 0.037584
0 0.483594 0.25625 0.018773 0.023107
0 0.360156 0.26875 0.020328 0.024087
0 0.879687 0.280208 0.029924 0.034296
0 0.496875 0.2875 0.029658 0.037217
0 0.207813 0.283333 0.019627 0.024405
0 0.567969 0.292708 0.0197 0.025227
0 0.617188 0.302083 0.026742 0.033612
0 0.3625 0.301042 0.022729 0.02728
0 0.553125 0.301042 0.019925 0.025905
0 0.603906 0.30625 0.018442 0.024589
0 0.33125 0.310417 0.019925 0.025905
0 0.010188 0.311458 0.020377 0.025129
0 0.555469 0.314583 0.019638 0.024534
0 0.609375 0.317708 0.026775 0.030454
0 0.692187 0.31875 0.026662 0.033778
0 0.498437 0.322917 0.019574 0.023676
0 0.889062 0.328125 0.029307 0.034742
0 0.645312 0.322917 0.018756 0.022285
0 0.6375 0.333333 0.02752 0.030504
0 0.985156 0.355208 0.0197 0.025227
0 0.292969 0.35625 0.017317 0.024011
0 0.685156 0.3625 0.018331 0.025253
0 0.753906 0.366667 0.021563 0.029929
0 0.936719 0.364583 0.021886 0.023736
0 0.885156 0.367708 0.025171 0.029147
0 0.93125 0.369792 0.025933 0.028897
0 0.630469 0.377083 0.018561 0.025359
0 0.105469 0.380208 0.021479 0.027243
0 0.921094 0.380208 0.018161 0.023679
0 0.549219 0.389583 0.028864 0.035994
0 0.197656 0.389583 0.021339 0.026862
0 0.080469 0.391667 0.020441 0.025129
0 0.269531 0.39375 0.020566 0.026042
0 0.507812 0.39375 0.020046 0.026244
0 0.991059 0.405208 0.017882 0.028014
0 0.175781 0.426042 0.030917 0.035996
0 0.304688 0.430208 0.036021 0.043015
0 0.878125 0.429167 0.027691 0.037805
0 0.259375 0.445833 0.0201 0.026364
0 0.703125 0.465625 0.028563 0.035992
0 0.978906 0.465625 0.018561 0.025359
0 0.046875 0.475 0.022729 0.02728
0 0.350781 0.4875 0.033821 0.03916
0 0.6125 0.486458 0.019792 0.025321
0 0.678906 0.490625 0.027787 0.032649
0 0.803906 0.4875 0.018331 0.025253
0 0.986719 0.488542 0.020938 0.027401
0 0.457031 0.490625 0.018773 0.023107
0 0.971875 0.49375 0.01971 0.025332
0 0.102344 0.495833 0.021999 0.028864
0 0.797656 0.507292 0.03404 0.039938
0 0.941406 0.507292 0.027558 0.032833
0 0.373437 0.511458 0.026823 0.032782
0 0.296875 0.5125 0.026048 0.031808
0 0.957812 0.5125 0.024652 0.030465
0 0.39375 0.519792 0.027736 0.035553
0 0.982812 0.533333 0.027606 0.040538
0 0.616406 0.530208 0.022768 0.026762
0 0.689844 0.535417 0.021161 0.025349
0 0.711719 0.540625 0.028021 0.035684
0 0.921094 0.55 0.027409 0.033398
0 0.960156 0.547917 0.019531 0.026042
0 0.463281 0.55 0.018304 0.026169
0 0.814844 0.553125 0.024975 0.031796
0 0.44375 0.566667 0.029714 0.037719
0 0.371094 0.564583 0.02306 0.029195
0 0.560937 0.582292 0.030397 0.041757
0 0.377344 0.577083 0.021239 0.025868
0 0.500781 0.588542 0.031576 0.039759
0 0.719531 0.583333 0.017759 0.024215
0 0.330469 0.589583 0.026779 0.031865
0 0.730469 0.5875 0.018876 0.02557
0 0.848437 0.586458 0.017759 0.024215
0 0.442188 0.595833 0.022689 0.025403
0 0.903906 0.601042 0.025161 0.030661
0 0.23125 0.598958 0.019925 0.025905
0 0.457031 0.598958 0.018048 0.02325
0 0.11875 0.610417 0.019733 0.025046
0 0.221875 0.621875 0.02545 0.035034
0 0.266406 0.628125 0.021819 0.028356
0 0.801562 0.628125 0.020479 0.026286
0 0.903906 0.641667 0.018939 0.024442
0 0.300781 0.64375 0.020341 0.025073
0 0.139844 0.645833 0.018773 0.023107
0 0.315625 0.655208 0.019792 0.025321
0 0.982812 0.661458 0.026281 0.032051
0 0.605469 0.669792 0.038393 0.042996
0 0.905469 0.665625 0.024564 0.030774
0 0.858594 0.673958 0.021264 0.026134
0 0.846094 0.68125 0.018939 0.024442
0 0.253906 0.694792 0.020789 0.026845
0 0.307812 0.695833 0.019893 0.027596
0 0.585938 0.698958 0.023055 0.028598
0 0.544531 0.701042 0.020328 0.024087
0 0.090625 0.722917 0.019574 0.023676
0 0.611719 0.733333 0.020328 0.024087
0 0.214844 0.735417 0.025984 0.029621
0 0.514062 0.745833 0.018008 0.02309
0 0.2375 0.758333 0.022828 0.027821
0 0.515625 0.758333 0.020288 0.027694
0 0.957031 0.760417 0.019119 0.025492
0 0.35 0.765625 0.020566 0.026042
0 0.157812 0.764583 0.018756 0.022285
0 0.135937 0.778125 0.020697 0.026524
0 0.789062 0.784375 0.025836 0.027678
0 0.133594 0.811458 0.018773 0.023107
0 0.3125 0.815625 0.020328 0.024087
0 0.979688 0.81875 0.019574 0.023676
0 0.821094 0.823958 0.019429 0.026567
0 0.300781 0.846875 0.027672 0.036151
0 0.447656 0.86875 0.021999 0.028864
0 0.580469 0.880208 0.022111 0.027748
0 0.599219 0.895833 0.031744 0.040852
0 0.796094 0.891667 0.021819 0.028356
0 0.540625 0.897917 0.029749 0.038018
0 0.476562 0.908333 0.0197 0.025227
0 0.186719 0.913542 0.021161 0.025349
0 0.600781 0.914583 0.019531 0.026042
0 0.602344 0.928125 0.020341 0.025073
0 0.701562 0.941667 0.030057 0.037262
0 0.467187 0.95 0.026966 0.033171
0 0.29375 0.947917 0.019733 0.025046
0 0.503906 0.947917 0.021264 0.026134
0 0.316406 0.954167 0.018008 0.02309
0 0.563281 0.9625 0.01902 0.024748
0 0.867188 0.971875 0.020046 0.026244
0 0.36875 0.976042 0.022729 0.02728
0 0.457031 0.973958 0.018827 0.023629
0 0.26875 0.978125 0.019119 0.025492
0 0.640625 0.98125 0.019893 0.027596