0 0.702344 0.055208 0.021339 0.026862
0 0.496875 0.097917 0.0197 0.025227
0 0.639844 0.111458 0.022026 0.030025
0 0.617188 0.115625 0.020328 0.024087
0 0.851562 0.14375 0.019792 0.025321
0 0.167187 0.161458 0.023718 0.029015
0 0.246094 0.18125 0.018773 0.023107
0 0.941406 0.2 0.021202 0.026349
0 0.492969 0.244792 0.019574 0.023676
0 0.102344 0.246875 0.0197 0.025227
0 0.953125 0.264583 0.018827 0.023629
0 0.361719 0.282292 0.022128 0.030307
0 0.009381 0.28125 0.018761 0.023107
0 0.5 0.333333 0.020676 0.026744
0 0.427344 0.334375 0.018756 0.022285
0 0.432812 0.340625 0.019733 0.025046
0 0.686719 0.355208 0.018773 0.023107
0 0.410938 0.366667 0.020371 0.024457
0 0.686719 0.385417 0.022995 0.032052
0 0.316406 0.391667 0.021239 0.025868
0 0.839063 0.392708 0.019683 0.026728
0 0.782813 0.429167 0.024359 0.033115
0 0.485938 0.429167 0.019531 0.027421
0 0.661719 0.457292 0.018161 0.023679
0 0.408594 0.471875 0.024847 0.031127
0 0.566406 0.473958 0.022047 0.026945
0 0.785156 0.485417 0.018939 0.024442
0 0.444531 0.507292 0.025461 0.051176
0 0.779687 0.539583 0.023758 0.031125
0 0.73125 0.540625 0.023319 0.029672
0 0.792188 0.559375 0.01902 0.024748
0 0.925781 0.558333 0.018827 0.023629
0 0.91875 0.572917 0.018756 0.022285
0 0.125781 0.610417 0.027663 0.031935
0 0.978125 0.632292 0.019558 0.02407
0 0.788281 0.648958 0.019638 0.024534
0 0.120313 0.654167 0.020046 0.026244
0 0.66875 0.68125 0.019119 0.025492
0 0.11875 0.685417 0.019733 0.025046
0 0.665625 0.711458 0.026157 0.036188
0 0.476562 0.758333 0.023319 0.029672
0 0.498437 0.772917 0.030911 0.037472
0 0.559375 0.777083 0.020676 0.026744
0 0.784375 0.790625 0.019792 0.025321
0 0.244531 0.791667 0.023556 0.02766
0 0.2 0.79375 0.022707 0.026328
0 0.208594 0.823958 0.021339 0.026862
0 0.425781 0.830208 0.018442 0.024589
0 0.520312 0.84375 0.022128 0.030307
0 0.029687 0.909375 0.020566 0.026042
0 0.303906 0.9125 0.024211 0.032811
0 0.215625 0.91875 0.022128 0.030307
0 0.609375 0.933333 0.024453 0.034626
0 0.721094 0.965625 0.020627 0.027503
0 0.464062 0.96875 0.019925 0.025905
0 0.596094 0.979167 0.018939 0.024442