0 0.735938 0.022669 0.036269 0.045337
0 0.727344 0.152083 0.036655 0.050778
0 0.786719 0.208333 0.034463 0.039943
0 0.575781 0.228125 0.018846 0.02378
0 0.0375 0.246875 0.021161 0.025349
0 0.282813 0.266667 0.025726 0.035186
0 0.379688 0.276042 0.032859 0.041096
0 0.391406 0.271875 0.018161 0.023679
0 0.060156 0.294792 0.025161 0.030661
0 0.220312 0.311458 0.020046 0.026244
0 0.371094 0.322917 0.021105 0.028403
0 0.153125 0.352083 0.027491 0.033647
0 0.710156 0.36875 0.021701 0.028014
0 0.817187 0.43125 0.026571 0.034874
0 0.416406 0.442708 0.030033 0.043147
0 0.539844 0.451042 0.033068 0.042845
0 0.857812 0.486458 0.0234 0.034807
0 0.435156 0.484375 0.018876 0.02557
0 0.496094 0.508333 0.025211 0.033309
0 0.784375 0.510417 0.028395 0.03899
0 0.433594 0.530208 0.022047 0.026945
0 0.514062 0.534375 0.019909 0.025929
0 0.71875 0.548958 0.019627 0.024405
0 0.652344 0.60625 0.029999 0.042571
0 0.816406 0.644792 0.02118 0.025185
0 0.710156 0.661458 0.026734 0.03772
0 0.603125 0.670833 0.023786 0.032659
0 0.10625 0.688542 0.025219 0.029986
0 0.064062 0.69375 0.025171 0.029147
0 0.490625 0.69375 0.019531 0.027421
0 0.740625 0.702083 0.02095 0.027383
0 0.121875 0.711458 0.03083 0.038882
0 0.466406 0.717708 0.018773 0.023107
0 0.321875 0.8 0.019531 0.026042
0 0.160156 0.817708 0.019574 0.023676
0 0.548438 0.841667 0.029848 0.032317
0 0.563281 0.846875 0.020697 0.026524
0 0.532813 0.857292 0.030383 0.037827
0 0.574219 0.889583 0.021819 0.028356
0 0.849219 0.888542 0.018561 0.025359
0 0.557031 0.909375 0.020441 0.025129
0 0.817187 0.915625 0.020058 0.027568
0 0.464062 0.916667 0.023054 0.029204
0 0.267969 0.93125 0.02883 0.041675
0 0.710156 0.9375 0.027522 0.031911
0 0.022656 0.951042 0.025095 0.028633
0 0.264844 0.955208 0.021946 0.026299
0 0.1 0.957292 0.019733 0.025046
0 0.351562 0.967708 0.024039 0.030661
0 0.34375 0.976042 0.024975 0.031796
0 0.403125 0.984375 0.024083 0.030368