0 0.821094 0.077083 0.022883 0.028677
0 0.198437 0.113542 0.022828 0.030437
0 0.885938 0.18125 0.025282 0.034542
0 0.491406 0.214583 0.027597 0.033767
0 0.955469 0.297917 0.021819 0.028356
0 0.783594 0.327083 0.018921 0.024472
0 0.367969 0.351042 0.019925 0.025905
0 0.285938 0.384375 0.02687 0.033711
0 0.383594 0.461458 0.028289 0.039619
0 0.776563 0.50625 0.019909 0.025929
0 0.682813 0.523958 0.021796 0.030069
0 0.955469 0.532292 0.02306 0.029195
0 0.515625 0.532292 0.022209 0.029294
0 0.147656 0.532292 0.026608 0.030345
0 0.939844 0.547917 0.024188 0.03293
0 0.852344 0.55625 0.023931 0.031351
0 0.823438 0.573958 0.018939 0.024442
0 0.25 0.592708 0.025243 0.032454
0 0.84375 0.628125 0.025282 0.034542
0 0.171875 0.645833 0.028806 0.038856
0 0.274219 0.655208 0.01971 0.025332
0 0.801562 0.690625 0.023144 0.03231
0 0.897656 0.764583 0.021362 0.02664
0 0.948438 0.797917 0.025928 0.037207
0 0.430469 0.803125 0.017759 0.024215
0 0.836719 0.8125 0.019992 0.026974
0 0.964063 0.821875 0.020341 0.025073
0 0.3125 0.851042 0.026757 0.035038
0 0.635938 0.878125 0.024377 0.029518
0 0.609375 0.886458 0.032645 0.045755
0 0.660937 0.922917 0.019531 0.026042
0 0.776563 0.985417 0.019925 0.025905