0 0.361719 0.05 0.027753 0.034375
0 0.7 0.046875 0.025836 0.027678
0 0.767188 0.052083 0.022768 0.026762
0 0.455469 0.073958 0.021339 0.026862
0 0.619531 0.086458 0.023447 0.026119
0 0.81875 0.105208 0.022861 0.027439
0 0.772656 0.1375 0.024584 0.031012
0 0.816406 0.147917 0.021618 0.02791
0 0.428906 0.160417 0.028521 0.035325
0 0.482031 0.194792 0.020811 0.029482
0 0.698438 0.246875 0.017982 0.022269
0 0.6375 0.251042 0.020046 0.026244
0 0.795312 0.267708 0.019733 0.025046
0 0.883594 0.283333 0.02838 0.035433
0 0.164062 0.295833 0.022883 0.028677
0 0.570312 0.339583 0.021302 0.02814
0 0.360938 0.38125 0.039558 0.041861
0 0.715625 0.397917 0.021701 0.028014
0 0.392188 0.439583 0.020801 0.028133
0 0.280469 0.445833 0.021989 0.028877
0 0.139063 0.523958 0.020537 0.027934
0 0.797656 0.525 0.021339 0.026862
0 0.311719 0.55625 0.027678 0.033246
0 0.8125 0.554167 0.020134 0.027719
0 0.282031 0.5625 0.025957 0.03004
0 0.628906 0.576042 0.021479 0.027243
0 0.279687 0.613542 0.020134 0.027719
0 0.135937 0.635417 0.020551 0.027917
0 0.396094 0.688542 0.020371 0.024457
0 0.948438 0.69375 0.019683 0.026728
0 0.99024 0.727083 0.019519 0.033622
0 0.990619 0.75 0.018761 0.023107
0 0.942187 0.773958 0.022729 0.02728
0 0.227344 0.784375 0.021314 0.02663
0 0.161719 0.854167 0.020811 0.029482
0 0.882812 0.882292 0.019627 0.024405
0 0.735156 0.926042 0.020811 0.029482
0 0.275781 0.975 0.025211 0.033309
0 0.484375 0.978125 0.019446 0.026546