0 0.732812 0.113542 0.018773 0.023107
0 0.135937 0.15625 0.025249 0.036187
0 0.49375 0.164583 0.019714 0.027305
0 0.09375 0.201042 0.018773 0.023107
0 0.202344 0.209375 0.020371 0.024457
0 0.641406 0.263542 0.018331 0.025253
0 0.326562 0.313542 0.022067 0.026726
0 0.026562 0.379167 0.019627 0.024405
0 0.694531 0.411458 0.021339 0.026862
0 0.557813 0.44375 0.019574 0.023676
0 0.535937 0.45 0.024436 0.029089
0 0.939844 0.463542 0.021362 0.02664
0 0.564844 0.530208 0.018773 0.023107
0 0.550781 0.538542 0.028222 0.03504
0 0.152344 0.7375 0.020134 0.027719
0 0.235937 0.771875 0.022661 0.024109
0 0.153906 0.778125 0.024897 0.032298
0 0.317969 0.804167 0.019558 0.02407
0 0.478906 0.804167 0.018769 0.023116
0 0.751563 0.854167 0.019768 0.025593
0 0.723437 0.865625 0.019574 0.023676
0 0.701562 0.955208 0.018773 0.023107
0 0.338281 0.973958 0.021508 0.03051
0 0.521875 0.984375 0.019893 0.027596