0 0.989062 0.051042 0.019909 0.025929
0 0.395313 0.120833 0.023778 0.030992
0 0.078906 0.13125 0.025552 0.033182
0 0.517969 0.13125 0.025781 0.032981
0 0.725 0.164583 0.023771 0.032677
0 0.342969 0.1875 0.021804 0.02852
0 0.571875 0.2 0.018773 0.023107
0 0.510938 0.226042 0.018008 0.02309
0 0.660156 0.252083 0.024578 0.029591
0 0.332813 0.272917 0.024586 0.035763
0 0.553906 0.296875 0.027572 0.030993
0 0.007627 0.3125 0.015254 0.02309
0 0.55 0.317708 0.018939 0.024442
0 0.508594 0.330208 0.024274 0.028304
0 0.832031 0.346875 0.02464 0.031651
0 0.040625 0.346875 0.021122 0.026093
0 0.822656 0.351042 0.023654 0.029634
0 0.097656 0.363542 0.019558 0.02407
0 0.526563 0.365625 0.018939 0.024442
0 0.627344 0.378125 0.024274 0.028304
0 0.317188 0.4125 0.033695 0.048057
0 0.199219 0.43125 0.024584 0.031012
0 0.2625 0.438542 0.023026 0.028919
0 0.173437 0.466667 0.02317 0.029214
0 0.953125 0.48125 0.020058 0.027568
0 0.3625 0.485417 0.021393 0.027703
0 0.78125 0.498958 0.019627 0.024405
0 0.739062 0.50625 0.017438 0.024063
0 0.791406 0.538542 0.019627 0.024405
0 0.139063 0.542708 0.019543 0.023126
0 0.452344 0.552083 0.025907 0.03371
0 0.042969 0.565625 0.027677 0.039497
0 0.175781 0.571875 0.025424 0.031337
0 0.817969 0.58125 0.023451 0.027139
0 0.705469 0.617708 0.021819 0.028356
0 0.602344 0.640625 0.022216 0.029845
0 0.025781 0.638542 0.018008 0.02309
0 0.485938 0.702083 0.021198 0.026257
0 0.197656 0.741667 0.031711 0.040844
0 0.121094 0.764583 0.03052 0.038769
0 0.728125 0.782292 0.022128 0.030307
0 0.3375 0.788542 0.020566 0.026042
0 0.263281 0.810417 0.021239 0.025868
0 0.242188 0.814583 0.017301 0.024027
0 0.2625 0.834375 0.019893 0.027596
0 0.257031 0.836458 0.018827 0.023629
0 0.691406 0.845833 0.020529 0.025786
0 0.775 0.871875 0.020627 0.027503
0 0.291406 0.909375 0.021563 0.029929
0 0.286719 0.917708 0.020697 0.026524
0 0.069531 0.926042 0.023583 0.030562
0 0.771875 0.928125 0.022883 0.028677
0 0.638281 0.945833 0.023451 0.027139