0 0.728125 0.05 0.017757 0.026099
0 0.425 0.06875 0.021239 0.025868
0 0.255469 0.095833 0.034385 0.049253
0 0.053906 0.263542 0.017438 0.024063
0 0.777344 0.277083 0.019429 0.026567
0 0.795312 0.277083 0.018561 0.025359
0 0.851562 0.290625 0.020441 0.025129
0 0.858594 0.29375 0.017835 0.025128
0 0.184375 0.323958 0.020147 0.028452
0 0.323437 0.380208 0.018331 0.025253
0 0.272656 0.4 0.020627 0.027503
0 0.827344 0.4125 0.019531 0.026042
0 0.211719 0.440625 0.017317 0.024011
0 0.390625 0.555208 0.022418 0.029062
0 0.639844 0.602083 0.017348 0.026056
0 0.404687 0.734375 0.019574 0.023676
0 0.184375 0.735417 0.020441 0.025129
0 0.979688 0.764583 0.022768 0.026762
0 0.167187 0.86875 0.018773 0.023107
0 0.269531 0.909375 0.01813 0.025093
0 0.897656 0.98924 0.022042 0.021519