0 0.271094 0.023958 0.020801 0.028133
0 0.415625 0.046875 0.026901 0.032323
0 0.985156 0.057292 0.024976 0.033622
0 0.328906 0.064583 0.026101 0.032719
0 0.194531 0.06875 0.023741 0.031149
0 0.803125 0.071875 0.02466 0.031871
0 0.439063 0.09375 0.018756 0.022285
0 0.06875 0.104167 0.026124 0.031426
0 0.314844 0.117708 0.021314 0.02663
0 0.099219 0.123958 0.026689 0.03168
0 0.841406 0.142708 0.025685 0.036465
0 0.085156 0.14375 0.022729 0.02728
0 0.780469 0.185417 0.024975 0.031796
0 0.966406 0.189583 0.022006 0.030167
0 0.085156 0.194792 0.024291 0.029293
0 0.703906 0.244792 0.018939 0.024442
0 0.725781 0.260417 0.020566 0.026042
0 0.308594 0.279167 0.025982 0.033258
0 0.622656 0.304167 0.023451 0.027139
0 0.619531 0.311458 0.01882 0.024173
0 0.590625 0.315625 0.019992 0.026974
0 0.974219 0.344792 0.024496 0.029918
0 0.551562 0.344792 0.018561 0.025359
0 0.838281 0.35625 0.021796 0.02989
0 0.113281 0.403125 0.021819 0.028356
0 0.510938 0.423958 0.024516 0.030178
0 0.691406 0.439583 0.02168 0.028193
0 0.928125 0.439583 0.020046 0.026244
0 0.748437 0.454167 0.023992 0.032586
0 0.81875 0.46875 0.040346 0.042703
0 0.671094 0.495833 0.021701 0.028014
0 0.176563 0.501042 0.021887 0.025097
0 0.280469 0.50625 0.027936 0.034874
0 0.9375 0.519792 0.0201 0.026364
0 0.464844 0.583333 0.020566 0.026042
0 0.886719 0.610417 0.026566 0.026132
0 0.766406 0.627083 0.024291 0.029293
0 0.292187 0.6375 0.026 0.030914
0 0.032031 0.661458 0.028761 0.037014
0 0.158594 0.663542 0.028021 0.035684
0 0.147656 0.675 0.020328 0.024087
0 0.661719 0.682292 0.018921 0.024472
0 0.739844 0.69375 0.021239 0.025868
0 0.935937 0.719792 0.020231 0.026656
0 0.941406 0.741667 0.020328 0.024087
0 0.534375 0.744792 0.025219 0.029986
0 0.582812 0.777083 0.022937 0.028155
0 0.373437 0.807292 0.02095 0.027383
0 0.253906 0.819792 0.018442 0.024589
0 0.386719 0.8375 0.02537 0.032683
0 0.228906 0.839583 0.020046 0.026244
0 0.964844 0.844792 0.02168 0.028193
0 0.110156 0.871875 0.025129 0.029733
0 0.721875 0.886458 0.02563 0.034173
0 0.892969 0.903125 0.021819 0.028356
0 0.6875 0.946875 0.023293 0.029834
0 0.35625 0.977083 0.029307 0.034742