0 0.409375 0.014656 0.024976 0.029311
0 0.463281 0.013502 0.025289 0.027005
0 0.119531 0.058333 0.024262 0.033667
0 0.095312 0.0625 0.022883 0.028677
0 0.353125 0.076042 0.025837 0.030331
0 0.607812 0.08125 0.029113 0.034806
0 0.992383 0.10625 0.015234 0.026042
0 0.182031 0.113542 0.024496 0.029918
0 0.373437 0.171875 0.029343 0.039747
0 0.633594 0.173958 0.027597 0.033767
0 0.282813 0.177083 0.021978 0.027245
0 0.342187 0.211458 0.02095 0.027383
0 0.197656 0.233333 0.02591 0.030699
0 0.696094 0.234375 0.018161 0.023679
0 0.133594 0.254167 0.01902 0.024748
0 0.757812 0.276042 0.026996 0.038485
0 0.08125 0.280208 0.02143 0.027648
0 0.965625 0.29375 0.023161 0.029971
0 0.190625 0.297917 0.023293 0.029834
0 0.89375 0.298958 0.023987 0.031479
0 0.532031 0.355208 0.021796 0.02989
0 0.032813 0.358333 0.0201 0.026364
0 0.170313 0.36875 0.027467 0.038364
0 0.051562 0.38125 0.023796 0.029832
0 0.601562 0.379167 0.019925 0.025905
0 0.280469 0.41875 0.025289 0.031092
0 0.760156 0.440625 0.018008 0.02309
0 0.982031 0.452083 0.019195 0.026357
0 0.164844 0.461458 0.028929 0.038572
0 0.202344 0.458333 0.025086 0.031874
0 0.580469 0.485417 0.022209 0.029294
0 0.846875 0.498958 0.020627 0.027503
0 0.158594 0.502083 0.022758 0.030751
0 0.03125 0.520833 0.02306 0.029195
0 0.869531 0.51875 0.020441 0.025129
0 0.246875 0.536458 0.02732 0.035414
0 0.744531 0.561458 0.019178 0.025168
0 0.7125 0.580208 0.024043 0.032841
0 0.186719 0.58125 0.018561 0.025359
0 0.609375 0.591667 0.026643 0.033382
0 0.6875 0.590625 0.023538 0.032216
0 0.173437 0.638542 0.03022 0.038725
0 0.851562 0.635417 0.022883 0.028677
0 0.45 0.638542 0.023796 0.029832
0 0.464844 0.651042 0.024233 0.028169
0 0.371875 0.678125 0.024516 0.030178
0 0.165625 0.678125 0.022937 0.028155
0 0.732031 0.730208 0.021618 0.02791
0 0.767969 0.75 0.019627 0.024405
0 0.538281 0.755208 0.022047 0.026945
0 0.011058 0.761458 0.022116 0.036385
0 0.824219 0.758333 0.018939 0.024442
0 0.128906 0.784375 0.029845 0.04078
0 0.402344 0.792708 0.028336 0.033814
0 0.464062 0.813542 0.029793 0.032009
0 0.928906 0.810417 0.017759 0.024215
0 0.60625 0.838542 0.026409 0.035655
0 0.660937 0.839583 0.02095 0.027383
0 0.244531 0.85625 0.02077 0.027051
0 0.350781 0.872917 0.026862 0.034014
0 0.982031 0.882292 0.018161 0.023679
0 0.597656 0.896875 0.027003 0.034726
0 0.149219 0.9375 0.018008 0.02309
0 0.051562 0.963542 0.027141 0.034876
0 0.789062 0.973958 0.028186 0.036371
0 0.357031 0.980846 0.027358 0.038308
0 0.727344 0.986458 0.018773 0.023107