0 0.34375 0.011374 0.020676 0.022747
0 0.364844 0.014583 0.021479 0.027243
0 0.723437 0.0625 0.023491 0.027306
0 0.845313 0.082292 0.023878 0.029636
0 0.901563 0.142708 0.027266 0.035711
0 0.73125 0.154167 0.0197 0.025227
0 0.033594 0.227083 0.022729 0.02728
0 0.272656 0.333333 0.024496 0.029918
0 0.239844 0.421875 0.018939 0.024442
0 0.630469 0.423958 0.018124 0.023544
0 0.396094 0.475 0.018008 0.02309
0 0.388281 0.48125 0.021999 0.028864
0 0.071094 0.527083 0.019574 0.023676
0 0.546875 0.615625 0.02306 0.029195
0 0.739062 0.632292 0.023103 0.02886
0 0.957812 0.666667 0.022729 0.02728
0 0.300781 0.720833 0.018008 0.02309
0 0.649219 0.791667 0.022128 0.030307
0 0.917969 0.889583 0.021761 0.031624