0 0.621875 0.048958 0.024632 0.033338
0 0.960156 0.046875 0.021122 0.026093
0 0.395313 0.051042 0.017759 0.024215
0 0.438281 0.071875 0.021542 0.029952
0 0.017188 0.103125 0.019638 0.024534
0 0.68125 0.110417 0.019733 0.025046
0 0.684375 0.128125 0.01971 0.025332
0 0.153906 0.175 0.021362 0.02664
0 0.164844 0.226042 0.02687 0.033711
0 0.877344 0.233333 0.018331 0.025253
0 0.822656 0.278125 0.018991 0.026389
0 0.233594 0.294792 0.020745 0.031408
0 0.774219 0.297917 0.018827 0.023629
0 0.226562 0.30625 0.019693 0.024852
0 0.05 0.336458 0.022995 0.03066
0 0.978906 0.358333 0.018827 0.023629
0 0.044531 0.364583 0.021239 0.025868
0 0.491406 0.435417 0.021339 0.026862
0 0.194531 0.440625 0.019574 0.023676
0 0.010448 0.447917 0.020896 0.027243
0 0.978906 0.582292 0.018124 0.023544
0 0.119531 0.610417 0.019531 0.026042
0 0.105469 0.634375 0.018773 0.023107
0 0.359375 0.683333 0.020916 0.029681
0 0.13125 0.694792 0.019531 0.026042
0 0.800781 0.707292 0.021902 0.027122
0 0.875781 0.715625 0.028106 0.035108
0 0.123438 0.815625 0.020697 0.026524
0 0.496875 0.828125 0.019909 0.025929
0 0.282813 0.858333 0.022996 0.028271
0 0.84375 0.883333 0.01882 0.024173
0 0.230469 0.971875 0.022758 0.030751
0 0.988712 0.98367 0.022576 0.032661