0 0.696875 0.020833 0.02306 0.029195
0 0.822656 0.029167 0.021542 0.027554
0 0.132812 0.057292 0.023103 0.02886
0 0.036719 0.066667 0.021202 0.026349
0 0.823438 0.078125 0.022756 0.02825
0 0.097656 0.091667 0.023462 0.02542
0 0.301563 0.103125 0.022758 0.030751
0 0.360156 0.113542 0.020566 0.027421
0 0.483594 0.132292 0.024496 0.029918
0 0.982031 0.163542 0.021796 0.02989
0 0.3875 0.170833 0.023518 0.02672
0 0.64375 0.202083 0.021921 0.025381
0 0.303125 0.226042 0.026308 0.031809
0 0.115625 0.25 0.023319 0.029672
0 0.885938 0.255208 0.022868 0.029857
0 0.278125 0.279167 0.023438 0.034009
0 0.942969 0.278125 0.024946 0.031337
0 0.38125 0.294792 0.026421 0.03234
0 0.496094 0.309375 0.02287 0.028488
0 0.725 0.317708 0.022766 0.03074
0 0.175 0.421875 0.023103 0.02886
0 0.310156 0.423958 0.024496 0.029918
0 0.249219 0.475 0.022128 0.030307
0 0.367969 0.483333 0.021239 0.025868
0 0.382812 0.521875 0.018756 0.022285
0 0.539062 0.585417 0.023028 0.030998
0 0.550781 0.609375 0.021701 0.028014
0 0.951562 0.689583 0.021881 0.024108
0 0.717969 0.727083 0.025086 0.031874
0 0.159375 0.745833 0.023476 0.030208
0 0.425781 0.747917 0.025215 0.032495
0 0.975781 0.751042 0.026202 0.031339
0 0.283594 0.75625 0.024043 0.032841
0 0.300781 0.760417 0.024383 0.028296
0 0.853125 0.885417 0.022736 0.031413
0 0.525781 0.939583 0.024496 0.029918
0 0.853125 0.944792 0.022945 0.029561
0 0.21875 0.983334 0.02732 0.033332