0 0.932813 0.00929 0.020676 0.018581
0 0.26875 0.017708 0.024508 0.031695
0 0.200781 0.4 0.027639 0.034712
0 0.103906 0.425 0.024043 0.032841
0 0.338281 0.609375 0.018756 0.022285
0 0.404687 0.652083 0.020566 0.026042
0 0.551562 0.7 0.019925 0.025905
0 0.960938 0.740625 0.019792 0.025321
0 0.267969 0.74375 0.022756 0.02825
0 0.597656 0.819792 0.021239 0.025868
0 0.701562 0.830208 0.019909 0.025929
0 0.332031 0.898958 0.021479 0.027243
0 0.3125 0.929167 0.022047 0.026945
0 0.717187 0.984375 0.018846 0.027254
0 0.014844 0.989697 0.021314 0.020607