0 0.317188 0.009922 0.017721 0.019843
0 0.303906 0.10625 0.018331 0.025253
0 0.149219 0.177083 0.023244 0.031704
0 0.667969 0.177083 0.023097 0.028871
0 0.257031 0.326042 0.025088 0.031368
0 0.528906 0.328125 0.023931 0.031351
0 0.174219 0.3625 0.024425 0.030612
0 0.541406 0.367708 0.018939 0.024442
0 0.211719 0.376042 0.029017 0.038018
0 0.420312 0.4125 0.018124 0.023544
0 0.285156 0.466667 0.023597 0.02855
0 0.652344 0.502083 0.020697 0.026524
0 0.549219 0.511458 0.022729 0.02728
0 0.469531 0.56875 0.019627 0.024405
0 0.429688 0.647917 0.019119 0.025492
0 0.232031 0.683333 0.017759 0.024215
0 0.463281 0.751042 0.019627 0.024405
0 0.525 0.764583 0.027876 0.038048
0 0.654687 0.910417 0.036431 0.056369
0 0.858594 0.94375 0.022254 0.031093