0 0.194531 0.017708 0.022356 0.031944
0 0.921094 0.1 0.018354 0.025228
0 0.447656 0.102083 0.017759 0.024215
0 0.325 0.1375 0.020134 0.027719
0 0.972656 0.154167 0.02143 0.027648
0 0.179688 0.1625 0.026124 0.031426
0 0.703125 0.161458 0.025957 0.03004
0 0.057031 0.173958 0.023319 0.029672
0 0.539062 0.179167 0.020566 0.026042
0 0.719531 0.197917 0.018561 0.025359
0 0.25 0.2 0.019733 0.025046
0 0.494531 0.239583 0.018442 0.024589
0 0.096094 0.245833 0.021314 0.02663
0 0.204687 0.259375 0.019733 0.025046
0 0.314844 0.270833 0.022673 0.031282
0 0.983594 0.275 0.018561 0.025359
0 0.5125 0.283333 0.020046 0.026244
0 0.189844 0.285417 0.017759 0.024215
0 0.373437 0.308333 0.020537 0.027934
0 0.63125 0.319792 0.019992 0.026974
0 0.128125 0.328125 0.01971 0.025332
0 0.517188 0.347917 0.027239 0.033549
0 0.276562 0.360417 0.026901 0.032323
0 0.060156 0.3625 0.019429 0.026567
0 0.110937 0.385417 0.020537 0.027934
0 0.367969 0.415625 0.018354 0.025228
0 0.391406 0.420833 0.018561 0.025359
0 0.517188 0.423958 0.020627 0.027503
0 0.639062 0.428125 0.019925 0.025905
0 0.661719 0.43125 0.018561 0.025359
0 0.232031 0.435417 0.018561 0.025359
0 0.522656 0.439583 0.021479 0.027243
0 0.517969 0.475 0.027522 0.031911
0 0.479687 0.489583 0.027648 0.034893
0 0.394531 0.488542 0.018773 0.023107
0 0.819531 0.490625 0.018921 0.024472
0 0.198437 0.498958 0.023232 0.0323
0 0.565625 0.559375 0.020231 0.026656
0 0.614844 0.56875 0.021243 0.027194
0 0.06875 0.575 0.022143 0.027371
0 0.392188 0.6375 0.023103 0.02886
0 0.469531 0.639583 0.021989 0.028877
0 0.310937 0.644792 0.021546 0.027548
0 0.622656 0.667708 0.021479 0.027243
0 0.374219 0.667708 0.020319 0.023139
0 0.873437 0.682292 0.020134 0.027719
0 0.415625 0.695833 0.024436 0.029089
0 0.564844 0.702083 0.021479 0.027243
0 0.136719 0.70625 0.026195 0.032242
0 0.016406 0.714583 0.027663 0.031935
0 0.479687 0.717708 0.02306 0.029195
0 0.448437 0.739583 0.024652 0.030465
0 0.165625 0.739583 0.018756 0.022285
0 0.119531 0.791667 0.021259 0.028345
0 0.045312 0.807292 0.022128 0.030307
0 0.964063 0.817708 0.023103 0.02886
0 0.566406 0.83125 0.021542 0.027554
0 0.563281 0.845833 0.024436 0.029089
0 0.3 0.859375 0.021701 0.028014
0 0.007033 0.8875 0.014065 0.022285
0 0.552344 0.930208 0.025464 0.030955
0 0.914062 0.93125 0.020517 0.029536
0 0.224219 0.944792 0.018756 0.022285
0 0.144531 0.957292 0.021479 0.027243
0 0.349219 0.964583 0.021542 0.029952
0 0.782813 0.976042 0.023103 0.02886