0 0.442188 0.103125 0.020566 0.026042
0 0.3875 0.14375 0.020676 0.026744
0 0.449219 0.178125 0.018773 0.023107
0 0.807813 0.211458 0.031294 0.036554
0 0.993866 0.242708 0.012267 0.027086
0 0.985156 0.297917 0.023244 0.031704
0 0.346875 0.339583 0.017438 0.024063
0 0.291406 0.348958 0.030136 0.035115
0 0.398438 0.348958 0.020147 0.028452
0 0.895312 0.363542 0.029967 0.046602
0 0.591406 0.378125 0.022756 0.02825
0 0.894531 0.452083 0.027621 0.034701
0 0.845313 0.453125 0.019543 0.023126
0 0.90625 0.45625 0.0223 0.028345
0 0.972656 0.501042 0.020319 0.023139
0 0.829688 0.519792 0.039943 0.048786
0 0.748437 0.517708 0.019992 0.026974
0 0.853125 0.563542 0.019031 0.028198
0 0.499219 0.578125 0.021819 0.028356
0 0.695312 0.588542 0.018331 0.025253
0 0.149219 0.610417 0.018331 0.025253
0 0.469531 0.648958 0.03517 0.048573
0 0.511719 0.664583 0.02111 0.023724
0 0.302344 0.672917 0.021727 0.028969
0 0.503125 0.714583 0.018756 0.022285
0 0.008517 0.767708 0.017033 0.024589
0 0.760938 0.796875 0.019909 0.025929
0 0.5375 0.91875 0.021894 0.026105
0 0.551562 0.990582 0.018008 0.018837