0 0.874219 0.019792 0.026593 0.033416
0 0.544531 0.044792 0.018939 0.024442
0 0.369531 0.048958 0.018876 0.02557
0 0.158594 0.055208 0.026583 0.027362
0 0.179688 0.067708 0.022128 0.030307
0 0.7625 0.090625 0.02317 0.029214
0 0.51875 0.098958 0.019627 0.024405
0 0.327344 0.136458 0.024237 0.025431
0 0.328906 0.15625 0.021819 0.028356
0 0.246875 0.1625 0.025056 0.029313
0 0.832031 0.175 0.024436 0.029089
0 0.542969 0.18125 0.021701 0.028014
0 0.373437 0.197917 0.023461 0.030231
0 0.207813 0.2 0.018756 0.022285
0 0.357812 0.204167 0.023476 0.030208
0 0.464844 0.201042 0.021239 0.025868
0 0.96875 0.214583 0.025826 0.029329
0 0.326562 0.236458 0.022781 0.032106
0 0.096094 0.251042 0.025552 0.033182
0 0.325781 0.29375 0.021479 0.027243
0 0.288281 0.298958 0.024652 0.030465
0 0.738281 0.317708 0.023607 0.028741
0 0.482031 0.339583 0.021239 0.025868
0 0.190625 0.360417 0.025975 0.02964
0 0.364063 0.363542 0.020697 0.026524
0 0.971875 0.384375 0.034117 0.037589
0 0.489844 0.410417 0.022464 0.028723
0 0.107813 0.441667 0.023781 0.034173
0 0.532813 0.448958 0.019339 0.027372
0 0.839844 0.46875 0.021405 0.027443
0 0.224219 0.472917 0.021105 0.028403
0 0.232031 0.484375 0.021314 0.02663
0 0.153906 0.490625 0.021479 0.027243
0 0.039062 0.51875 0.021894 0.026105
0 0.919531 0.522917 0.025543 0.032425
0 0.091406 0.522917 0.021978 0.027245
0 0.10625 0.539583 0.026524 0.033859
0 0.882031 0.546875 0.019195 0.026357
0 0.017188 0.551042 0.020416 0.025301
0 0.705469 0.575 0.021161 0.025349
0 0.523438 0.582292 0.027474 0.029548
0 0.788281 0.607292 0.018756 0.022285
0 0.546875 0.610417 0.0201 0.026364
0 0.760156 0.617708 0.021198 0.026257
0 0.683594 0.632292 0.025219 0.029986
0 0.021094 0.644792 0.02143 0.027648
0 0.370312 0.654167 0.018008 0.02309
0 0.928906 0.6625 0.020328 0.024087
0 0.260937 0.667708 0.023744 0.028698
0 0.366406 0.683333 0.025541 0.033198
0 0.521094 0.685417 0.027037 0.03432
0 0.348438 0.688542 0.019792 0.025321
0 0.19375 0.730208 0.019574 0.023676
0 0.078125 0.7375 0.026202 0.031339
0 0.3625 0.747917 0.029926 0.039113
0 0.611719 0.748958 0.023583 0.030562
0 0.183594 0.752083 0.024384 0.02969
0 0.225781 0.757292 0.021542 0.027554
0 0.534375 0.757292 0.022996 0.028271
0 0.85625 0.758333 0.023432 0.030501
0 0.2875 0.765625 0.028112 0.036511
0 0.298438 0.810417 0.027054 0.032892
0 0.907031 0.814583 0.024733 0.030499
0 0.867969 0.817708 0.024237 0.025431
0 0.242188 0.836458 0.028228 0.032699
0 0.636719 0.833333 0.021804 0.02852
0 0.749219 0.853125 0.030483 0.045291
0 0.695312 0.848958 0.019909 0.025929
0 0.730469 0.854167 0.024733 0.030499
0 0.714844 0.860417 0.018939 0.024442
0 0.924219 0.86875 0.021314 0.02663
0 0.540625 0.885417 0.026712 0.037158
0 0.410156 0.892708 0.026228 0.036624
0 0.739844 0.895833 0.021479 0.027243
0 0.164062 0.909375 0.022883 0.028677
0 0.336719 0.9125 0.021362 0.02664
0 0.391406 0.929167 0.020328 0.024087
0 0.095312 0.9375 0.023476 0.030208
0 0.711719 0.973958 0.021701 0.028014