0 0.70625 0.010497 0.019792 0.020994
0 0.032813 0.039583 0.022861 0.027439
0 0.01875 0.0625 0.018921 0.024472
0 0.04375 0.079167 0.028959 0.034443
0 0.846094 0.092708 0.023903 0.032879
0 0.470313 0.096875 0.022047 0.026945
0 0.873437 0.119792 0.025685 0.036465
0 0.683594 0.128125 0.032359 0.035899
0 0.429688 0.140625 0.026593 0.033416
0 0.207813 0.14375 0.022828 0.027821
0 0.013486 0.155208 0.026972 0.039937
0 0.350781 0.15 0.02143 0.027648
0 0.149219 0.176042 0.027491 0.033647
0 0.764844 0.201042 0.028044 0.034063
0 0.027344 0.2 0.019574 0.023676
0 0.696875 0.205208 0.027035 0.034038
0 0.053906 0.201042 0.019531 0.026042
0 0.151562 0.225 0.026624 0.038226
0 0.4375 0.257292 0.027391 0.044083
0 0.876563 0.248958 0.018561 0.025359
0 0.635156 0.252083 0.020537 0.027934
0 0.682031 0.252083 0.019683 0.026728
0 0.224219 0.263542 0.021302 0.02814
0 0.241406 0.276042 0.021198 0.026257
0 0.492188 0.290625 0.028743 0.04079
0 0.3125 0.290625 0.023821 0.030088
0 0.292187 0.296875 0.017759 0.024215
0 0.728125 0.311458 0.022766 0.03074
0 0.855469 0.329167 0.032859 0.033607
0 0.405469 0.371875 0.024897 0.032298
0 0.982031 0.380208 0.026729 0.035638
0 0.858594 0.38125 0.01892 0.026267
0 0.4625 0.391667 0.029697 0.040722
0 0.784375 0.390625 0.024136 0.031823
0 0.30625 0.401042 0.018939 0.024442
0 0.521094 0.405208 0.022711 0.029656
0 0.142969 0.409375 0.023758 0.031125
0 0.321875 0.408333 0.020697 0.026524
0 0.209375 0.435417 0.020416 0.025301
0 0.405469 0.455208 0.022828 0.027821
0 0.241406 0.459375 0.019638 0.024534
0 0.715625 0.46875 0.018991 0.026389
0 0.34375 0.491667 0.028589 0.039193
0 0.298438 0.497917 0.020328 0.024087
0 0.40625 0.504167 0.026128 0.034425
0 0.420312 0.513542 0.020509 0.025821
0 0.925 0.522917 0.019693 0.028264
0 0.507812 0.53125 0.021243 0.027194
0 0.56875 0.535417 0.023476 0.030208
0 0.43125 0.54375 0.023223 0.035653
0 0.717969 0.547917 0.025833 0.035722
0 0.008441 0.548958 0.016883 0.027821
0 0.351562 0.592708 0.026033 0.036819
0 0.188281 0.610417 0.030761 0.04563
0 0.961719 0.617708 0.021161 0.025349
0 0.200781 0.625 0.028696 0.035787
0 0.161719 0.632292 0.021999 0.028864
0 0.954688 0.655208 0.029393 0.036851
0 0.125 0.65625 0.024233 0.028169
0 0.633594 0.68125 0.017759 0.024215
0 0.803125 0.6875 0.022937 0.028155
0 0.374219 0.690625 0.0223 0.028345
0 0.586719 0.694792 0.026128 0.034425
0 0.346094 0.698958 0.023933 0.036696
0 0.282031 0.698958 0.024897 0.032298
0 0.446094 0.697917 0.020341 0.025073
0 0.207031 0.703125 0.023476 0.030208
0 0.104688 0.709375 0.02217 0.02922
0 0.686719 0.71875 0.029062 0.036568
0 0.882812 0.725 0.023563 0.038748
0 0.204687 0.720833 0.020416 0.025301
0 0.925781 0.734375 0.027965 0.034071
0 0.984375 0.736458 0.022226 0.031538
0 0.627344 0.745833 0.030672 0.036973
0 0.15 0.75625 0.026621 0.033198
0 0.721875 0.779167 0.020328 0.024087
0 0.717969 0.78125 0.019035 0.026241
0 0.801562 0.816667 0.019531 0.027421
0 0.364063 0.823958 0.022883 0.028677
0 0.580469 0.829167 0.020697 0.026524
0 0.204687 0.833333 0.018773 0.023107
0 0.516406 0.842708 0.022658 0.023151
0 0.55625 0.846875 0.023227 0.029506
0 0.144531 0.877083 0.026275 0.033933
0 0.035937 0.873958 0.020566 0.026042
0 0.504687 0.895833 0.030961 0.038835
0 0.596094 0.944792 0.02577 0.03231
0 0.239844 0.9625 0.022128 0.030307
0 0.757812 0.964583 0.024669 0.036072
0 0.5625 0.976042 0.028373 0.036894
0 0.402344 0.990064 0.021479 0.019871