0 0.800781 0.012451 0.021727 0.024901
0 0.6 0.021586 0.03218 0.043172
0 0.55 0.021875 0.025905 0.033963
0 0.882812 0.028125 0.023862 0.035072
0 0.307031 0.04375 0.023026 0.028919
0 0.782031 0.04375 0.020811 0.029482
0 0.850781 0.048958 0.024847 0.031127
0 0.429688 0.063542 0.031428 0.050949
0 0.15 0.060417 0.027603 0.031194
0 0.582812 0.063542 0.021362 0.02664
0 0.553125 0.078125 0.031438 0.039851
0 0.658594 0.091667 0.027501 0.038752
0 0.5125 0.109375 0.020328 0.024087
0 0.335938 0.125 0.026621 0.033198
0 0.500781 0.144792 0.028049 0.040268
0 0.421094 0.14375 0.025838 0.032623
0 0.6625 0.146875 0.024584 0.031012
0 0.489063 0.145833 0.019627 0.024405
0 0.401562 0.153125 0.022669 0.026114
0 0.634375 0.154167 0.023227 0.029506
0 0.432031 0.1625 0.026938 0.040274
0 0.591406 0.166667 0.02755 0.038906
0 0.130469 0.169792 0.021921 0.025381
0 0.075781 0.175 0.025043 0.028321
0 0.657813 0.180208 0.01971 0.025332
0 0.907813 0.198958 0.019429 0.026567
0 0.413281 0.219792 0.029528 0.037575
0 0.092188 0.226042 0.028393 0.039318
0 0.75 0.220833 0.020416 0.025301
0 0.901563 0.23125 0.018756 0.022285
0 0.186719 0.241667 0.026688 0.039159
0 0.479687 0.234375 0.018442 0.024589
0 0.020313 0.240625 0.023521 0.026804
0 0.882812 0.245833 0.018769 0.023116
0 0.892188 0.252083 0.029369 0.035583
0 0.450781 0.264583 0.025456 0.031641
0 0.68125 0.278125 0.028246 0.034848
0 0.767188 0.272917 0.018773 0.023107
0 0.965625 0.288542 0.026536 0.039495
0 0.688281 0.29375 0.024291 0.029293
0 0.124219 0.297917 0.021915 0.02956
0 0.890625 0.303125 0.022828 0.027821
0 0.8375 0.310417 0.025016 0.038557
0 0.766406 0.342708 0.024623 0.030229
0 0.383594 0.344792 0.02143 0.027648
0 0.103125 0.351042 0.023319 0.029672
0 0.023438 0.367708 0.030249 0.037874
0 0.167969 0.36875 0.023139 0.033697
0 0.889844 0.375 0.024804 0.032617
0 0.425781 0.376042 0.021894 0.026105
0 0.302344 0.377083 0.019195 0.026357
0 0.66875 0.391667 0.027784 0.040062
0 0.48125 0.404167 0.026686 0.031536
0 0.882812 0.414583 0.024578 0.029591
0 0.607031 0.415625 0.021618 0.02791
0 0.982812 0.41875 0.019909 0.025929
0 0.308594 0.422917 0.027563 0.031327
0 0.415625 0.43125 0.032026 0.04002
0 0.028125 0.44375 0.026 0.035478
0 0.39375 0.44375 0.029307 0.034742
0 0.158594 0.460417 0.022216 0.029845
0 0.413281 0.471875 0.026273 0.033081
0 0.539844 0.476042 0.023461 0.037513
0 0.291406 0.475 0.024436 0.029089
0 0.726562 0.482292 0.021546 0.027548
0 0.090625 0.488542 0.031544 0.038412
0 0.501563 0.4875 0.02585 0.031338
0 0.186719 0.49375 0.023952 0.034149
0 0.76875 0.501042 0.023778 0.030992
0 0.578125 0.505208 0.029307 0.034742
0 0.896094 0.517708 0.030136 0.042181
0 0.382812 0.520833 0.029906 0.044424
0 0.846875 0.51875 0.026854 0.039854
0 0.465625 0.529167 0.022815 0.027608
0 0.373437 0.536458 0.018442 0.024589
0 0.090625 0.553125 0.027111 0.035073
0 0.1625 0.566667 0.0222 0.037571
0 0.942969 0.565625 0.018442 0.024589
0 0.939063 0.577083 0.026571 0.034874
0 0.764062 0.580208 0.023319 0.029672
0 0.802344 0.588542 0.024847 0.031127
0 0.103906 0.595833 0.026988 0.043234
0 0.04375 0.597917 0.03425 0.043527
0 0.470313 0.6 0.029667 0.046219
0 0.461719 0.638542 0.033155 0.041019
0 0.932031 0.644792 0.023028 0.030998
0 0.773438 0.661458 0.020676 0.026744
0 0.919531 0.707292 0.018773 0.023107
0 0.833594 0.714583 0.027426 0.037527
0 0.377344 0.721875 0.021188 0.030341
0 0.302344 0.722917 0.018442 0.024589
0 0.724219 0.736458 0.024975 0.031796
0 0.534375 0.739583 0.02217 0.033498
0 0.552344 0.752083 0.02124 0.030344
0 0.422656 0.772917 0.038127 0.053015
0 0.817969 0.760417 0.021339 0.026862
0 0.884375 0.777083 0.023385 0.032449
0 0.908594 0.777083 0.0223 0.028345
0 0.921094 0.84375 0.027422 0.038785
0 0.240625 0.860417 0.027621 0.034701
0 0.435937 0.867708 0.02118 0.025185
0 0.182031 0.882292 0.025685 0.036465
0 0.291406 0.888542 0.021314 0.02663
0 0.266406 0.914583 0.021479 0.027243
0 0.867188 0.925 0.027703 0.039899
0 0.288281 0.927083 0.030911 0.037472
0 0.653906 0.922917 0.022553 0.032021
0 0.222656 0.935417 0.036565 0.049046
0 0.25 0.925 0.020627 0.027503
0 0.267188 0.928125 0.024608 0.032281
0 0.453125 0.934375 0.026048 0.031808
0 0.088281 0.961458 0.02369 0.040692
0 0.957812 0.966667 0.027358 0.043283
0 0.494531 0.966667 0.023734 0.034584
0 0.564844 0.973534 0.03824 0.052933