0 0.574219 0.020833 0.021161 0.025349
0 0.677344 0.030208 0.034489 0.037917
0 0.223438 0.055208 0.035937 0.044792
0 0.038281 0.063542 0.036155 0.050579
0 0.167187 0.048958 0.018939 0.024442
0 0.139844 0.064583 0.01902 0.024748
0 0.991507 0.06875 0.016986 0.025929
0 0.959375 0.075 0.023183 0.031878
0 0.008737 0.08125 0.017473 0.024215
0 0.413281 0.105208 0.040436 0.047297
0 0.203906 0.1125 0.03 0.041071
0 0.4625 0.139583 0.042724 0.052167
0 0.025781 0.128125 0.018756 0.022285
0 0.683594 0.141667 0.028525 0.036048
0 0.071875 0.159375 0.033868 0.054373
0 0.760938 0.161458 0.029834 0.038239
0 0.107813 0.166667 0.017438 0.024063
0 0.057813 0.167708 0.020416 0.025301
0 0.088281 0.178125 0.022996 0.028271
0 0.147656 0.182292 0.030757 0.039895
0 0.349219 0.2 0.031469 0.041212
0 0.539844 0.2 0.034572 0.03905
0 0.109375 0.20625 0.027262 0.03833
0 0.202344 0.211458 0.032025 0.046546
0 0.013942 0.216667 0.027885 0.046021
0 0.510938 0.211458 0.018065 0.027104
0 0.148438 0.2125 0.018442 0.024589
0 0.750781 0.23125 0.025071 0.030312
0 0.072656 0.234375 0.02674 0.030964
0 0.602344 0.239583 0.031484 0.036212
0 0.597656 0.25 0.019542 0.02313
0 0.282031 0.271875 0.045584 0.05087
0 0.96875 0.2625 0.023293 0.029834
0 0.748437 0.270833 0.025341 0.035687
0 0.729688 0.284375 0.026 0.030914
0 0.711719 0.294792 0.032261 0.048028
0 0.897656 0.295833 0.023702 0.033596
0 0.441406 0.310417 0.020352 0.025177
0 0.457031 0.311458 0.019543 0.023126
0 0.503125 0.334375 0.063148 0.068121
0 0.566406 0.314583 0.020521 0.026513
0 0.436719 0.319792 0.025183 0.032816
0 0.474219 0.316667 0.018442 0.024589
0 0.632812 0.322917 0.023707 0.030548
0 0.047656 0.322917 0.023796 0.029832
0 0.724219 0.330208 0.018161 0.023679
0 0.563281 0.335417 0.021796 0.030069
0 0.433594 0.342708 0.024256 0.025931
0 0.85 0.342708 0.020479 0.026286
0 0.561719 0.342708 0.019542 0.02313
0 0.53125 0.344792 0.021095 0.022299
0 0.446875 0.35 0.026568 0.027154
0 0.529687 0.358333 0.035883 0.047261
0 0.425781 0.35 0.018406 0.026178
0 0.560937 0.3625 0.039385 0.039614
0 0.449219 0.35625 0.019542 0.02313
0 0.613281 0.357292 0.020341 0.025073
0 0.446875 0.383333 0.051104 0.074108
0 0.573438 0.385417 0.03493 0.042293
0 0.585156 0.383333 0.021876 0.022301
0 0.034375 0.391667 0.02838 0.035433
0 0.438281 0.403125 0.019119 0.025492
0 0.776563 0.405208 0.023654 0.029634
0 0.917188 0.40625 0.020537 0.027934
0 0.45625 0.4125 0.020365 0.026164
0 0.482031 0.415625 0.017982 0.022269
0 0.538281 0.436458 0.030353 0.042847
0 0.314844 0.457292 0.030512 0.043558
0 0.448437 0.448958 0.018756 0.022285
0 0.802344 0.461458 0.022709 0.026421
0 0.864062 0.464583 0.030351 0.038685
0 0.975781 0.465625 0.02803 0.037722
0 0.328125 0.464583 0.0201 0.026364
0 0.024219 0.477083 0.019574 0.023676
0 0.390625 0.490625 0.020529 0.025786
0 0.179688 0.502083 0.029091 0.044902
0 0.076563 0.501042 0.031651 0.041145
0 0.374219 0.5 0.023908 0.033445
0 0.41875 0.498958 0.022613 0.03015
0 0.716406 0.497917 0.021105 0.028403
0 0.144531 0.515625 0.027891 0.033137
0 0.233594 0.54375 0.046543 0.054983
0 0.139844 0.532292 0.01733 0.02503
0 0.588281 0.535417 0.019638 0.024534
0 0.677344 0.55 0.022097 0.031526
0 0.642188 0.564583 0.032257 0.042099
0 0.654687 0.56875 0.020566 0.026042
0 0.7875 0.5875 0.027077 0.039383
0 0.501563 0.604167 0.03829 0.0448
0 0.657813 0.598958 0.022707 0.026328
0 0.9625 0.608333 0.025464 0.030955
0 0.486719 0.60625 0.019638 0.024534
0 0.36875 0.623958 0.042015 0.055818
0 0.502344 0.61875 0.018846 0.02378
0 0.525 0.646875 0.019119 0.025492
0 0.685937 0.65 0.019543 0.023126
0 0.579688 0.684375 0.022883 0.028677
0 0.592969 0.695833 0.018008 0.02309
0 0.805469 0.703125 0.021314 0.02663
0 0.675781 0.714583 0.019574 0.023676
0 0.696875 0.721875 0.020328 0.024087
0 0.700781 0.732292 0.039562 0.041305
0 0.625 0.733333 0.021243 0.027194
0 0.535937 0.748958 0.034448 0.04388
0 0.689844 0.75625 0.023894 0.035927
0 0.725 0.759375 0.021171 0.025078
0 0.794531 0.784375 0.029211 0.037291
0 0.035156 0.797917 0.036163 0.039436
0 0.620313 0.795833 0.029082 0.037672
0 0.659375 0.797917 0.018008 0.02309
0 0.600781 0.81875 0.038393 0.042996
0 0.639844 0.819792 0.026724 0.034099
0 0.586719 0.838542 0.0197 0.025227
0 0.405469 0.85 0.025071 0.030312
0 0.983594 0.865625 0.028053 0.033965
0 0.567187 0.879167 0.026101 0.032719
0 0.036719 0.879167 0.021161 0.025349
0 0.026562 0.8875 0.026275 0.033933
0 0.185156 0.903125 0.032351 0.034949
0 0.380469 0.954167 0.025086 0.031874
0 0.616406 0.957292 0.02145 0.029128
0 0.465625 0.980208 0.022227 0.031837
0 0.614062 0.98125 0.019531 0.027421
0 0.610156 0.9875 0.01902 0.024748
0 0.683594 0.991825 0.018756 0.016351