0 0.221094 0.017708 0.025611 0.031936
0 0.339062 0.029167 0.023535 0.029328
0 0.647656 0.069792 0.02466 0.031871
0 0.485938 0.142708 0.02306 0.029195
0 0.371875 0.177083 0.021894 0.026105
0 0.255469 0.29375 0.019579 0.02505
0 0.274219 0.334375 0.026779 0.031865
0 0.411719 0.348958 0.022558 0.029051
0 0.936719 0.352083 0.017759 0.024215
0 0.492188 0.360417 0.018991 0.026389
0 0.511719 0.365625 0.021618 0.02791
0 0.920312 0.36875 0.020801 0.028133
0 0.364063 0.388542 0.028506 0.035084
0 0.783594 0.442708 0.029606 0.035407
0 0.707031 0.45 0.019401 0.028319
0 0.3375 0.457292 0.020441 0.025129
0 0.708594 0.467708 0.018442 0.024589
0 0.292969 0.5 0.025197 0.031603
0 0.504687 0.577083 0.029834 0.038239
0 0.548438 0.620833 0.019909 0.025929
0 0.526563 0.641667 0.021894 0.026105
0 0.559375 0.682292 0.017438 0.024063
0 0.385156 0.7 0.020566 0.026042
0 0.700781 0.708333 0.027235 0.034462
0 0.421875 0.73125 0.017438 0.024063
0 0.480469 0.797917 0.017345 0.026058
0 0.877344 0.830208 0.020395 0.028324
0 0.738281 0.832292 0.023908 0.03091
0 0.765625 0.848958 0.020676 0.026744
0 0.583594 0.886458 0.02168 0.028193
0 0.26875 0.95 0.027446 0.035786