0 0.0625 0.038542 0.025161 0.033548
0 0.478906 0.09375 0.026574 0.030242
0 0.160156 0.111458 0.028685 0.034477
0 0.08125 0.111458 0.023319 0.029672
0 0.217188 0.14375 0.023642 0.02825
0 0.19375 0.144792 0.02306 0.029195
0 0.275781 0.167708 0.022209 0.029294
0 0.451562 0.211458 0.020627 0.027503
0 0.227344 0.316667 0.024039 0.030661
0 0.4125 0.3375 0.027111 0.035073
0 0.273438 0.645833 0.020288 0.027694
0 0.633594 0.685417 0.018991 0.026389
0 0.08125 0.7 0.024736 0.032981
0 0.128125 0.716667 0.023556 0.02766
0 0.96875 0.776042 0.023437 0.034009
0 0.701562 0.776042 0.023161 0.029971
0 0.782813 0.798958 0.022728 0.025973
0 0.821094 0.826042 0.022051 0.026939
0 0.158594 0.84375 0.022227 0.031837
0 0.225781 0.911458 0.026107 0.033377
0 0.167187 0.957292 0.020566 0.026042