0 0.282031 0.022917 0.021542 0.029952
0 0.964844 0.061458 0.021314 0.02663
0 0.390625 0.108333 0.026281 0.032051
0 0.638281 0.14375 0.021701 0.028014
0 0.802344 0.167708 0.021314 0.02663
0 0.407813 0.228125 0.01971 0.025332
0 0.728125 0.247917 0.022815 0.027608
0 0.326562 0.257292 0.025183 0.032816
0 0.489063 0.313542 0.025161 0.030661
0 0.107031 0.3375 0.025077 0.038096
0 0.183594 0.352083 0.020529 0.025786
0 0.807813 0.386458 0.025984 0.029621
0 0.006666 0.445833 0.013333 0.025301
0 0.678125 0.447917 0.018756 0.022285
0 0.544531 0.480208 0.021479 0.027243
0 0.439844 0.486458 0.021479 0.027243
0 0.98125 0.492708 0.019909 0.025929
0 0.629687 0.6625 0.025918 0.029193
0 0.492188 0.666667 0.023234 0.02937
0 0.752344 0.68125 0.022731 0.02736
0 0.510156 0.694792 0.022242 0.030281
0 0.688281 0.698958 0.019574 0.023676
0 0.84375 0.709375 0.027826 0.033764
0 0.030469 0.74375 0.021479 0.027243
0 0.528906 0.757292 0.024733 0.030499
0 0.49375 0.802083 0.0201 0.026364
0 0.389062 0.832292 0.02306 0.029195
0 0.459375 0.848958 0.023293 0.029834
0 0.228906 0.860417 0.028598 0.036398
0 0.35 0.919792 0.019574 0.023676