0 0.89375 0.011164 0.019925 0.022327
0 0.346875 0.108333 0.018048 0.02325
0 0.2375 0.113542 0.020328 0.024087
0 0.573438 0.190625 0.020566 0.026042
0 0.175 0.191667 0.018773 0.023107
0 0.678125 0.202083 0.021314 0.02663
0 0.773438 0.208333 0.020127 0.032376
0 0.248438 0.320833 0.018999 0.02628
0 0.653906 0.327083 0.021314 0.02663
0 0.328906 0.336458 0.023462 0.02919
0 0.391406 0.346875 0.018442 0.024589
0 0.414844 0.461458 0.01875 0.022917
0 0.903906 0.505208 0.024733 0.030499
0 0.21875 0.507292 0.019925 0.025905
0 0.571094 0.519792 0.024535 0.029481
0 0.402344 0.566667 0.021362 0.02664
0 0.6375 0.6 0.024584 0.031012
0 0.113281 0.670833 0.018773 0.023107
0 0.46875 0.680208 0.019638 0.024534
0 0.610938 0.69375 0.020434 0.029303
0 0.725781 0.704167 0.021999 0.028864
0 0.609375 0.744792 0.019683 0.026728
0 0.10625 0.776042 0.019627 0.024405
0 0.905469 0.808333 0.019558 0.02407
0 0.228906 0.970833 0.018756 0.022285