0 0.216406 0.012172 0.024858 0.024343
0 0.434375 0.010843 0.02203 0.021687
0 0.435937 0.041667 0.030304 0.037003
0 0.438281 0.066667 0.018442 0.024589
0 0.148438 0.075 0.026275 0.033933
0 0.503906 0.155208 0.021796 0.02989
0 0.286719 0.192708 0.025273 0.030852
0 0.320312 0.198958 0.03406 0.042985
0 0.548438 0.191667 0.020328 0.024087
0 0.578906 0.217708 0.028281 0.035401
0 0.1 0.21875 0.023718 0.029015
0 0.321875 0.222917 0.023026 0.028919
0 0.335156 0.222917 0.025197 0.031603
0 0.117969 0.229167 0.022868 0.029857
0 0.351562 0.232292 0.024652 0.030465
0 0.605469 0.267708 0.022711 0.029656
0 0.942969 0.276042 0.018999 0.02628
0 0.658594 0.276042 0.018442 0.024589
0 0.638281 0.280208 0.018561 0.025359
0 0.330469 0.29375 0.034655 0.042275
0 0.68125 0.29375 0.024162 0.031385
0 0.699219 0.34375 0.021796 0.030069
0 0.707812 0.389583 0.023557 0.030821
0 0.539844 0.397917 0.025543 0.032425
0 0.891406 0.40625 0.021796 0.02989
0 0.336719 0.405208 0.020479 0.026286
0 0.854688 0.429167 0.022868 0.029857
0 0.575781 0.434375 0.022325 0.028159
0 0.253125 0.509375 0.021198 0.026257
0 0.297656 0.510417 0.017759 0.024215
0 0.235937 0.519792 0.022945 0.029561
0 0.011983 0.539583 0.023967 0.029918
0 0.050781 0.559375 0.027905 0.034571
0 0.867969 0.559375 0.018773 0.023107
0 0.09375 0.567708 0.019768 0.025593
0 0.332813 0.598958 0.018939 0.024442
0 0.107813 0.605208 0.017982 0.022269
0 0.782031 0.607292 0.024377 0.029518
0 0.034375 0.632292 0.02688 0.033904
0 0.488281 0.647917 0.024975 0.031796
0 0.745313 0.680208 0.023319 0.029672
0 0.944531 0.690625 0.018939 0.024442
0 0.076563 0.7 0.02934 0.037198
0 0.170313 0.734375 0.023992 0.032586
0 0.357031 0.7625 0.024516 0.030178
0 0.398438 0.772917 0.022094 0.027539
0 0.666406 0.772917 0.018008 0.02309
0 0.816406 0.773958 0.01902 0.024748
0 0.607031 0.809375 0.021339 0.026862
0 0.853125 0.809375 0.020666 0.028723
0 0.671094 0.842708 0.028005 0.034371
0 0.721094 0.839583 0.018876 0.02557
0 0.846875 0.869792 0.020801 0.028133
0 0.775781 0.90625 0.022006 0.030167
0 0.129688 0.9125 0.026048 0.031808
0 0.7375 0.932292 0.037703 0.040442
0 0.528125 0.971875 0.022883 0.028677
0 0.186719 0.978125 0.022758 0.028319
0 0.532031 0.988421 0.020058 0.023159