0 0.59375 0.069792 0.022186 0.028591
0 0.489844 0.119792 0.021239 0.025868
0 0.820312 0.130208 0.023293 0.029834
0 0.739844 0.175 0.019178 0.025168
0 0.264062 0.223958 0.019792 0.025321
0 0.319531 0.273958 0.024348 0.028789
0 0.483594 0.311458 0.021264 0.026134
0 0.072656 0.429167 0.01902 0.024748
0 0.133594 0.461458 0.021239 0.025868
0 0.339844 0.514583 0.018008 0.02309
0 0.286719 0.542708 0.021727 0.028969
0 0.84375 0.626042 0.024539 0.029349
0 0.640625 0.714583 0.019693 0.024852
0 0.472656 0.738542 0.019574 0.023676
0 0.878906 0.742708 0.018939 0.024442