0 0.535156 0.063542 0.021479 0.027243
0 0.103125 0.11875 0.018827 0.023629
0 0.60625 0.219792 0.022945 0.029561
0 0.438281 0.25 0.021479 0.027243
0 0.188281 0.342708 0.020811 0.029482
0 0.758594 0.476042 0.018773 0.023107
0 0.220312 0.5 0.026376 0.032785
0 0.329688 0.501042 0.019909 0.025929
0 0.610156 0.605208 0.021819 0.028356
0 0.053125 0.646875 0.019012 0.028214
0 0.711719 0.801042 0.025116 0.032498
0 0.479687 0.839583 0.023583 0.030562
0 0.578125 0.869792 0.022729 0.02728
0 0.81875 0.960417 0.018048 0.02325