0 0.696094 0.035417 0.018939 0.024442
0 0.557813 0.059375 0.018096 0.024127
0 0.196094 0.125 0.028151 0.040208
0 0.064844 0.121875 0.01802 0.023067
0 0.263281 0.222917 0.01813 0.025093
0 0.009154 0.264583 0.018308 0.026567
0 0.242969 0.291667 0.019429 0.026567
0 0.658594 0.31875 0.037399 0.051825
0 0.725781 0.360417 0.019558 0.02407
0 0.274219 0.378125 0.018096 0.024127
0 0.725781 0.407292 0.019638 0.024534
0 0.580469 0.422917 0.018161 0.023679
0 0.267969 0.467708 0.024586 0.037932
0 0.34375 0.490625 0.020551 0.027917
0 0.285938 0.50625 0.021761 0.031624
0 0.221094 0.511458 0.024625 0.036744
0 0.207813 0.511458 0.019429 0.026567
0 0.4375 0.514583 0.019543 0.023126
0 0.772656 0.514583 0.018048 0.02325
0 0.703125 0.517708 0.020551 0.027917
0 0.21875 0.532292 0.025849 0.038256
0 0.307812 0.547917 0.020046 0.026244
0 0.517969 0.55625 0.021929 0.025115
0 0.305469 0.601042 0.017317 0.024011
0 0.044531 0.610417 0.018756 0.022285
0 0.924219 0.625 0.037593 0.052245
0 0.352344 0.642708 0.02545 0.035034
0 0.692187 0.652083 0.021618 0.02791
0 0.921875 0.669792 0.028761 0.044707
0 0.742969 0.663542 0.02128 0.027471
0 0.747656 0.666667 0.019195 0.026357
0 0.6875 0.666667 0.019627 0.024405
0 0.598437 0.676042 0.020566 0.026042
0 0.210156 0.690625 0.019627 0.024405
0 0.325781 0.696875 0.018304 0.026169
0 0.257031 0.696875 0.018331 0.025253
0 0.432812 0.711458 0.018773 0.023107
0 0.379688 0.714583 0.018331 0.025253
0 0.861719 0.759375 0.024784 0.031536
0 0.582812 0.803125 0.023533 0.029266
0 0.254688 0.80625 0.019733 0.025046
0 0.0087 0.815625 0.017399 0.028573
0 0.727344 0.833333 0.022533 0.032838
0 0.399219 0.878125 0.033168 0.046281
0 0.745313 0.919792 0.038559 0.0559
0 0.495312 0.907292 0.019925 0.025905