0 0.127344 0.016667 0.021161 0.025349
0 0.357031 0.063542 0.019574 0.023676
0 0.064062 0.092708 0.018939 0.024442
0 0.464844 0.120833 0.022246 0.031817
0 0.925 0.134375 0.023583 0.030562
0 0.107031 0.164583 0.02118 0.025185
0 0.292187 0.170833 0.019453 0.029296
0 0.482812 0.172917 0.020432 0.028638
0 0.754687 0.171875 0.019909 0.025929
0 0.694531 0.222917 0.021479 0.027243
0 0.385937 0.255208 0.020371 0.024457
0 0.309375 0.269792 0.020288 0.027694
0 0.667188 0.284375 0.022707 0.026328
0 0.299219 0.3 0.021976 0.025927
0 0.925 0.325 0.019733 0.025046
0 0.286719 0.351042 0.018304 0.026169
0 0.947656 0.35625 0.02203 0.026707
0 0.125781 0.373958 0.019574 0.023676
0 0.225 0.417708 0.020288 0.027694
0 0.035156 0.48125 0.021198 0.026257
0 0.060156 0.513542 0.018827 0.023629
0 0.057813 0.5375 0.021302 0.02814
0 0.492969 0.541667 0.018048 0.02325
0 0.522656 0.553125 0.028161 0.027383
0 0.671094 0.561458 0.018561 0.025359
0 0.324219 0.573958 0.024565 0.029737
0 0.578125 0.610417 0.01971 0.025332
0 0.323437 0.61875 0.019627 0.024405
0 0.610156 0.68125 0.022152 0.027355
0 0.359375 0.738542 0.020046 0.026244
0 0.8875 0.741667 0.019339 0.027372
0 0.76875 0.753125 0.019909 0.025929
0 0.540625 0.772917 0.021202 0.026349
0 0.2875 0.802083 0.020697 0.026524
0 0.985938 0.923958 0.023293 0.029834
0 0.100781 0.930208 0.021362 0.02664
0 0.130469 0.961458 0.021528 0.030488
0 0.664844 0.967708 0.01882 0.024173
0 0.638281 0.98312 0.02377 0.033759
0 0.1125 0.986458 0.021929 0.025115