0 0.169531 0.010259 0.018756 0.020517
0 0.29375 0.013166 0.022209 0.026331
0 0.653125 0.023958 0.030362 0.038669
0 0.863281 0.067708 0.02168 0.028193
0 0.513281 0.082292 0.020566 0.026042
0 0.792188 0.09375 0.018756 0.022285
0 0.346094 0.116667 0.021978 0.027245
0 0.760938 0.132292 0.022729 0.02728
0 0.385937 0.138542 0.019627 0.024405
0 0.5625 0.139583 0.020566 0.026042
0 0.374219 0.163542 0.021701 0.028014
0 0.363281 0.171875 0.02475 0.031228
0 0.595313 0.225 0.020044 0.026726
0 0.94375 0.239583 0.0201 0.026364
0 0.059375 0.278125 0.02095 0.027383
0 0.192188 0.302083 0.022254 0.02805
0 0.838281 0.322917 0.018442 0.024589
0 0.603906 0.35 0.021618 0.02791
0 0.769531 0.364583 0.030647 0.031919
0 0.435156 0.486458 0.021362 0.02664
0 0.190625 0.5 0.018331 0.025253
0 0.19375 0.510417 0.020058 0.027568
0 0.211719 0.511458 0.019574 0.023676
0 0.760938 0.551042 0.02688 0.041311
0 0.169531 0.551042 0.018939 0.024442
0 0.773438 0.558333 0.018773 0.023107
0 0.764062 0.571875 0.019531 0.027421
0 0.532813 0.6125 0.018756 0.022285
0 0.589844 0.640625 0.018999 0.02628
0 0.489844 0.719792 0.02168 0.028193
0 0.036719 0.738542 0.020811 0.029482
0 0.974219 0.804167 0.021819 0.028356
0 0.428125 0.820833 0.02648 0.033546
0 0.251563 0.830208 0.020045 0.029423
0 0.375 0.836458 0.018561 0.025359
0 0.745313 0.844792 0.023103 0.02886
0 0.705469 0.963542 0.019195 0.026357
0 0.978906 0.985417 0.018561 0.025359