0 0.242188 0.009241 0.019446 0.018481
0 0.289844 0.016841 0.023339 0.033682
0 0.591406 0.058333 0.027671 0.037831
0 0.1875 0.067708 0.030777 0.037099
0 0.907813 0.064583 0.023293 0.029834
0 0.773438 0.075 0.025342 0.038242
0 0.125781 0.09375 0.027678 0.033246
0 0.767969 0.089583 0.023576 0.027289
0 0.011328 0.123958 0.022656 0.034009
0 0.807813 0.125 0.026101 0.032719
0 0.354687 0.14375 0.023103 0.02886
0 0.965625 0.147917 0.023227 0.029506
0 0.178906 0.154167 0.022711 0.029656
0 0.65625 0.157292 0.023654 0.030791
0 0.739844 0.166667 0.021921 0.025381
0 0.378125 0.169792 0.022152 0.027355
0 0.696875 0.171875 0.019992 0.026974
0 0.721875 0.194792 0.026417 0.032442
0 0.622656 0.2125 0.026302 0.034779
0 0.776563 0.211458 0.029674 0.035698
0 0.408594 0.211458 0.024384 0.02969
0 0.058594 0.219792 0.022254 0.02805
0 0.454688 0.248958 0.020654 0.029458
0 0.700781 0.251042 0.024995 0.032943
0 0.095312 0.252083 0.021314 0.02663
0 0.494531 0.25625 0.023556 0.02766
0 0.973437 0.260417 0.022883 0.028677
0 0.763281 0.265625 0.020916 0.029681
0 0.722656 0.272917 0.032948 0.039564
0 0.789062 0.276042 0.021701 0.028014
0 0.583594 0.310417 0.024885 0.038061
0 0.244531 0.334375 0.019638 0.024534
0 0.1125 0.365625 0.024045 0.035033
0 0.697656 0.360417 0.020566 0.026042
0 0.157031 0.371875 0.023654 0.029634
0 0.284375 0.376042 0.026524 0.033859
0 0.499219 0.382292 0.026479 0.036699
0 0.410156 0.382292 0.0236 0.031896
0 0.278906 0.402083 0.021239 0.025868
0 0.138281 0.411458 0.026175 0.03679
0 0.429688 0.414583 0.02648 0.033546
0 0.758594 0.417708 0.022418 0.029062
0 0.602344 0.422917 0.027753 0.034375
0 0.986719 0.439583 0.021749 0.030635
0 0.149219 0.444792 0.021701 0.028014
0 0.322656 0.448958 0.020736 0.028573
0 0.288281 0.452083 0.026621 0.033198
0 0.388281 0.457292 0.025033 0.034809
0 0.474219 0.488542 0.024736 0.030494
0 0.908594 0.501042 0.024079 0.030374
0 0.24375 0.540625 0.025826 0.029329
0 0.353906 0.553125 0.022169 0.033669
0 0.648438 0.557292 0.027103 0.033725
0 0.275 0.558333 0.023227 0.029506
0 0.951562 0.559375 0.024275 0.028374
0 0.085938 0.583333 0.028149 0.029361
0 0.650781 0.5875 0.024285 0.036532
0 0.642188 0.6125 0.022868 0.029857
0 0.574219 0.628125 0.021804 0.02852
0 0.146094 0.634375 0.02143 0.027648
0 0.84375 0.666667 0.022566 0.031762
0 0.96875 0.677083 0.023583 0.030562
0 0.601562 0.720833 0.02727 0.03899
0 0.008288 0.730208 0.016576 0.030992
0 0.728906 0.754167 0.019638 0.024534
0 0.141406 0.761458 0.025219 0.029986
0 0.185156 0.773958 0.024425 0.030612
0 0.980469 0.778125 0.029139 0.039865
0 0.3875 0.790625 0.028106 0.035108
0 0.805469 0.807292 0.028525 0.036048
0 0.172656 0.81875 0.022842 0.039718
0 0.288281 0.839583 0.026026 0.036828
0 0.990625 0.836458 0.016702 0.023976
0 0.953906 0.851042 0.024535 0.029481
0 0.064844 0.859375 0.024467 0.034451
0 0.346875 0.878125 0.02681 0.030438
0 0.014063 0.902083 0.019574 0.023676
0 0.14375 0.911458 0.021701 0.028014
0 0.05625 0.934375 0.021105 0.028403
0 0.20625 0.95 0.030561 0.030236
0 0.403125 0.982292 0.019531 0.027421
0 0.220312 0.986014 0.023103 0.027972
0 0.916406 0.988203 0.022983 0.023594