0 0.184375 0.057292 0.029619 0.041462
0 0.799219 0.05625 0.029435 0.036442
0 0.490625 0.075 0.029895 0.035977
0 0.012622 0.089583 0.025244 0.041632
0 0.091406 0.133333 0.027761 0.038563
0 0.163281 0.170833 0.026637 0.037182
0 0.225781 0.191667 0.026593 0.033416
0 0.609375 0.213542 0.028152 0.042179
0 0.911719 0.25 0.025424 0.031337
0 0.6125 0.260417 0.033236 0.040621
0 0.132812 0.258333 0.023654 0.029634
0 0.438281 0.261458 0.019574 0.023676
0 0.43125 0.288542 0.03014 0.03652
0 0.184375 0.323958 0.029974 0.042996
0 0.659375 0.326042 0.022418 0.029062
0 0.576562 0.469792 0.02475 0.031228
0 0.329688 0.497917 0.033676 0.048612
0 0.921875 0.548958 0.02863 0.036209
0 0.615625 0.559375 0.025928 0.037207
0 0.870313 0.565625 0.028761 0.037014
0 0.234375 0.601042 0.027172 0.035363
0 0.825 0.610417 0.029289 0.036288
0 0.944531 0.60625 0.021978 0.027245
0 0.463281 0.645833 0.03221 0.042543
0 0.23125 0.638542 0.019925 0.025905
0 0.367969 0.664583 0.027016 0.037416
0 0.219531 0.666667 0.025124 0.02956
0 0.678125 0.685417 0.027637 0.03634
0 0.314844 0.796875 0.025424 0.031337
0 0.134375 0.877083 0.029056 0.032911
0 0.619531 0.897917 0.027129 0.042413
0 0.102344 0.98831 0.019909 0.023381