0 0.382031 0.011774 0.022268 0.023548
0 0.148438 0.028125 0.023456 0.028163
0 0.575 0.0375 0.023432 0.030501
0 0.773438 0.039583 0.025856 0.028595
0 0.717969 0.090625 0.027426 0.030596
0 0.190625 0.115625 0.022995 0.032052
0 0.90625 0.128125 0.022356 0.031944
0 0.113281 0.146875 0.022227 0.031837
0 0.460156 0.154167 0.024679 0.030191
0 0.110937 0.172917 0.023476 0.030208
0 0.453906 0.192708 0.027608 0.037621
0 0.820312 0.2125 0.023583 0.030562
0 0.675781 0.216667 0.024652 0.030465
0 0.117969 0.21875 0.026195 0.032242
0 0.547656 0.216667 0.020377 0.02459
0 0.275 0.222917 0.021302 0.02814
0 0.716406 0.233333 0.024274 0.028304
0 0.2375 0.238542 0.027013 0.034554
0 0.463281 0.246875 0.027663 0.031935
0 0.174219 0.248958 0.02276 0.031984
0 0.476562 0.259375 0.023438 0.034009
0 0.675 0.2625 0.022788 0.029292
0 0.386719 0.265625 0.024903 0.031806
0 0.482812 0.286458 0.019909 0.025929
0 0.382031 0.29375 0.026317 0.036132
0 0.395313 0.316667 0.023026 0.028919
0 0.786719 0.320833 0.024847 0.031127
0 0.3625 0.358333 0.030001 0.037085
0 0.246094 0.360417 0.027826 0.033764
0 0.746094 0.375 0.021989 0.028877
0 0.720313 0.379167 0.0201 0.026364
0 0.825 0.39375 0.02434 0.033657
0 0.928906 0.4 0.021819 0.028356
0 0.778906 0.410417 0.017759 0.024215
0 0.510156 0.428125 0.028474 0.035767
0 0.721094 0.434375 0.024494 0.031715
0 0.317969 0.448958 0.028125 0.037981
0 0.551562 0.45625 0.032528 0.047388
0 0.289844 0.45 0.021727 0.028969
0 0.861719 0.467708 0.022418 0.029062
0 0.833594 0.485417 0.018561 0.025359
0 0.392969 0.513542 0.025129 0.029733
0 0.453125 0.517708 0.035183 0.032631
0 0.1 0.522917 0.020058 0.027568
0 0.341406 0.533333 0.021119 0.029767
0 0.904687 0.55 0.030696 0.039199
0 0.176563 0.54375 0.020441 0.025129
0 0.314844 0.570833 0.026996 0.038485
0 0.105469 0.570833 0.022393 0.030491
0 0.542969 0.571875 0.032178 0.034216
0 0.617969 0.575 0.026275 0.033933
0 0.639062 0.572917 0.023484 0.032424
0 0.017188 0.584375 0.019909 0.025929
0 0.705469 0.601042 0.025042 0.032134
0 0.195312 0.601042 0.023597 0.02855
0 0.883594 0.61875 0.020697 0.026524
0 0.719531 0.625 0.02838 0.035433
0 0.2875 0.63125 0.023538 0.032216
0 0.902344 0.634375 0.023476 0.030208
0 0.125781 0.641667 0.020328 0.024087
0 0.392969 0.644792 0.02537 0.032683
0 0.3 0.65 0.025248 0.033897
0 0.2625 0.65625 0.022937 0.028155
0 0.008075 0.657292 0.01615 0.02664
0 0.734375 0.695833 0.023144 0.03231
0 0.544531 0.697917 0.01882 0.024173
0 0.402344 0.701042 0.022937 0.028155
0 0.746875 0.701042 0.023476 0.030208
0 0.810937 0.703125 0.023432 0.030501
0 0.3375 0.713542 0.019693 0.024852
0 0.949219 0.738542 0.018442 0.024589
0 0.646875 0.763542 0.022937 0.028155
0 0.335156 0.798958 0.021362 0.02664
0 0.660937 0.798958 0.023583 0.030562
0 0.878125 0.802083 0.022226 0.031538
0 0.89375 0.8125 0.024107 0.034015
0 0.889844 0.825 0.024377 0.029518
0 0.990264 0.833333 0.019472 0.029672
0 0.508594 0.865625 0.024847 0.031127
0 0.014844 0.88125 0.025354 0.032797
0 0.497656 0.886458 0.019531 0.026042
0 0.6875 0.898958 0.023557 0.030821
0 0.563281 0.910417 0.02475 0.031228
0 0.428906 0.9125 0.02591 0.029014
0 0.042188 0.923958 0.023906 0.033448
0 0.103125 0.953125 0.019792 0.025321