0 0.933594 0.009655 0.023447 0.01931
0 0.404687 0.027083 0.022566 0.031762
0 0.603125 0.077083 0.022717 0.033827
0 0.303125 0.085417 0.020697 0.026524
0 0.989473 0.130208 0.021054 0.030069
0 0.533594 0.142708 0.022643 0.032905
0 0.15 0.191667 0.022226 0.031538
0 0.654687 0.23125 0.0236 0.031896
0 0.039844 0.444792 0.024578 0.029591
0 0.60625 0.565625 0.028393 0.032
0 0.321875 0.628125 0.023557 0.030821
0 0.421875 0.625 0.020479 0.026286
0 0.390625 0.744792 0.023234 0.02937
0 0.736719 0.773958 0.019531 0.026042
0 0.875 0.779167 0.023476 0.030208
0 0.551562 0.811458 0.020676 0.026744
0 0.53125 0.816667 0.023319 0.029672
0 0.886719 0.973958 0.018939 0.024442