0 0.410156 0.007339 0.018773 0.014679
0 0.585938 0.036458 0.023592 0.030549
0 0.440625 0.038542 0.022937 0.028155
0 0.067969 0.048958 0.021701 0.028014
0 0.892969 0.117708 0.024496 0.029918
0 0.258594 0.127083 0.025161 0.030661
0 0.664062 0.134375 0.024262 0.033667
0 0.128125 0.157292 0.026281 0.032051
0 0.842187 0.159375 0.025161 0.030661
0 0.514062 0.164583 0.026308 0.031809
0 0.714844 0.175 0.021701 0.028014
0 0.898438 0.191667 0.024467 0.034451
0 0.09375 0.201042 0.025273 0.030852
0 0.639844 0.210417 0.018939 0.024442
0 0.528125 0.216667 0.024563 0.032578
0 0.059375 0.23125 0.023432 0.030501
0 0.952344 0.233333 0.018008 0.02309
0 0.820312 0.253125 0.020811 0.029482
0 0.617969 0.266667 0.026175 0.03679
0 0.399219 0.270833 0.029619 0.041462
0 0.704688 0.270833 0.025084 0.031877
0 0.842969 0.273958 0.024467 0.034451
0 0.878125 0.279167 0.023532 0.037745
0 0.925781 0.3 0.025243 0.032454
0 0.704688 0.3 0.020661 0.028728
0 0.757812 0.309375 0.023028 0.030998
0 0.604688 0.330208 0.021247 0.027272
0 0.778125 0.347917 0.023319 0.029672
0 0.648438 0.394792 0.02389 0.029491
0 0.682031 0.408333 0.021542 0.027554
0 0.530469 0.434375 0.02168 0.028193
0 0.709375 0.470833 0.019768 0.025593
0 0.589844 0.528125 0.041647 0.049486
0 0.882812 0.548958 0.019909 0.025929
0 0.988281 0.561458 0.021788 0.030078
0 0.315625 0.569792 0.022758 0.030751
0 0.725781 0.573958 0.022947 0.036567
0 0.409375 0.580208 0.021816 0.032581
0 0.567969 0.60625 0.021618 0.02791
0 0.878125 0.607292 0.023476 0.030208
0 0.295312 0.614583 0.02258 0.031746
0 0.930469 0.628125 0.02475 0.031228
0 0.167187 0.630208 0.026779 0.031865
0 0.696875 0.652083 0.028005 0.034371
0 0.596875 0.657292 0.022995 0.03066
0 0.528906 0.670833 0.0257 0.033535
0 0.932813 0.678125 0.022959 0.032567
0 0.809375 0.682292 0.022566 0.031762
0 0.710156 0.689583 0.021819 0.028356
0 0.502344 0.705208 0.028277 0.039547
0 0.0625 0.70625 0.025624 0.036638
0 0.824219 0.704167 0.025541 0.034209
0 0.217969 0.723958 0.029888 0.033406
0 0.480469 0.71875 0.019178 0.025168
0 0.578125 0.733333 0.020627 0.027503
0 0.921094 0.780208 0.018442 0.024589
0 0.532813 0.798958 0.019925 0.025905
0 0.251563 0.8125 0.02374 0.032623
0 0.346094 0.819792 0.027872 0.033345
0 0.967187 0.828125 0.02479 0.031527
0 0.769531 0.840625 0.020058 0.027568
0 0.463281 0.857292 0.027588 0.038618
0 0.6125 0.867708 0.01971 0.025332
0 0.232813 0.8875 0.019574 0.023676
0 0.285938 0.892708 0.02569 0.03355
0 0.091406 0.902083 0.031447 0.03511
0 0.451562 0.905208 0.027615 0.034711
0 0.671875 0.903125 0.026124 0.031426
0 0.585156 0.919792 0.022633 0.032689
0 0.595313 0.922917 0.023758 0.031125
0 0.589844 0.933333 0.019574 0.023676
0 0.667969 0.94375 0.02217 0.02922
0 0.740625 0.947917 0.029303 0.033312
0 0.008205 0.957292 0.016409 0.022285
0 0.982031 0.960417 0.024496 0.029918
0 0.5 0.5 1.0 1.0
0 0.5 0.5 1.0 1.0
0 0.5 0.5 1.0 1.0
0 0.5 0.5 1.0 1.0
0 0.5 0.5 1.0 1.0
0 0.5 0.5 1.0 1.0
0 0.5 0.5 1.0 1.0
0 0.5 0.5 1.0 1.0
0 0.5 0.5 1.0 1.0