0 0.708594 0.011765 0.024837 0.023531
0 0.85 0.01671 0.021258 0.03342
0 0.427344 0.027083 0.027736 0.03412
0 0.08125 0.027083 0.021161 0.025349
0 0.814844 0.030208 0.026779 0.031865
0 0.882031 0.028125 0.018939 0.024442
0 0.171094 0.033333 0.02749 0.031005
0 0.497656 0.038542 0.024319 0.034057
0 0.271094 0.04375 0.018939 0.024442
0 0.089063 0.048958 0.024516 0.030178
0 0.139844 0.05 0.025088 0.031317
0 0.519531 0.05 0.023535 0.029328
0 0.970313 0.058333 0.019925 0.025905
0 0.315625 0.084375 0.01971 0.025332
0 0.114844 0.088542 0.021479 0.027243
0 0.357812 0.109375 0.019992 0.026974
0 0.338281 0.116667 0.024578 0.029591
0 0.573438 0.126042 0.017759 0.024215
0 0.165625 0.132292 0.023758 0.031125
0 0.333594 0.133333 0.024652 0.030465
0 0.586719 0.136458 0.018773 0.023107
0 0.810937 0.140625 0.017438 0.024063
0 0.311719 0.145833 0.019574 0.023676
0 0.94375 0.151042 0.027372 0.035561
0 0.239063 0.15 0.020537 0.027934
0 0.138281 0.160417 0.027465 0.03254
0 0.81875 0.161458 0.025161 0.030661
0 0.514062 0.177083 0.026273 0.033081
0 0.221875 0.18125 0.019429 0.026567
0 0.436719 0.189583 0.027905 0.034571
0 0.2125 0.185417 0.019638 0.024534
0 0.305469 0.188542 0.021339 0.026862
0 0.397656 0.203125 0.030353 0.039426
0 0.072656 0.20625 0.027826 0.033764
0 0.477344 0.205208 0.02486 0.031
0 0.167969 0.210417 0.025243 0.032454
0 0.152344 0.226042 0.024516 0.030178
0 0.320312 0.240625 0.027965 0.034071
0 0.971875 0.255208 0.02393 0.031906
0 0.099219 0.257292 0.018756 0.022285
0 0.707812 0.259375 0.020537 0.027934
0 0.328125 0.259375 0.020046 0.026244
0 0.008685 0.260417 0.017369 0.026744
0 0.817187 0.261458 0.019543 0.023126
0 0.25625 0.2625 0.018756 0.022285
0 0.272656 0.278125 0.018773 0.023107
0 0.579688 0.294792 0.019531 0.026042
0 0.232813 0.304167 0.037752 0.038475
0 0.672656 0.302083 0.024496 0.029918
0 0.805469 0.320833 0.026273 0.033081
0 0.097656 0.321875 0.022768 0.026762
0 0.148438 0.327083 0.02714 0.033665
0 0.300781 0.325 0.019638 0.024534
0 0.222656 0.338542 0.027787 0.032649
0 0.316406 0.340625 0.031683 0.038435
0 0.094531 0.3375 0.021362 0.02664
0 0.803906 0.336458 0.018756 0.022285
0 0.985938 0.344792 0.023538 0.032216
0 0.290625 0.354167 0.03249 0.038076
0 0.448437 0.351042 0.019992 0.026974
0 0.8 0.3625 0.026479 0.036699
0 0.449219 0.366667 0.030057 0.037262
0 0.134375 0.371875 0.027671 0.037831
0 0.529687 0.373958 0.02674 0.030964
0 0.549219 0.377083 0.021819 0.028356
0 0.313281 0.380208 0.02203 0.026707
0 0.45625 0.390625 0.024584 0.031012
0 0.479687 0.416667 0.023476 0.030208
0 0.155469 0.417708 0.02475 0.031228
0 0.839844 0.430208 0.02486 0.031
0 0.128906 0.458333 0.027447 0.031709
0 0.504687 0.458333 0.024584 0.031012
0 0.4 0.465625 0.019627 0.024405
0 0.430469 0.466667 0.018442 0.024589
0 0.624219 0.469792 0.021198 0.026257
0 0.799219 0.467708 0.018827 0.023629
0 0.28125 0.470833 0.0197 0.025227
0 0.664844 0.478125 0.028635 0.036202
0 0.850781 0.482292 0.028721 0.042079
0 0.7125 0.48125 0.0201 0.026364
0 0.047656 0.488542 0.019638 0.024534
0 0.570312 0.505208 0.031375 0.038741
0 0.780469 0.504167 0.026281 0.032051
0 0.827344 0.505208 0.024733 0.030499
0 0.499219 0.510417 0.027016 0.037416
0 0.675781 0.508333 0.026302 0.034779
0 0.047656 0.508333 0.021161 0.025349
0 0.660937 0.517708 0.03214 0.038759
0 0.36875 0.513542 0.019429 0.026567
0 0.336719 0.519792 0.028273 0.03195
0 0.532031 0.525 0.020341 0.025073
0 0.292969 0.529167 0.026061 0.032032
0 0.975 0.539583 0.028938 0.031386
0 0.21875 0.545833 0.018773 0.023107
0 0.603125 0.55625 0.019733 0.025046
0 0.334375 0.558333 0.022828 0.027821
0 0.814844 0.572917 0.02613 0.038424
0 0.959375 0.567708 0.022828 0.027821
0 0.124219 0.580208 0.024496 0.029918
0 0.228906 0.579167 0.018876 0.02557
0 0.524219 0.595833 0.027113 0.040537
0 0.109375 0.602083 0.03023 0.036196
0 0.392188 0.60625 0.025219 0.029986
0 0.439844 0.609375 0.02217 0.02922
0 0.988664 0.614583 0.022672 0.033416
0 0.10625 0.625 0.026281 0.032051
0 0.692187 0.626042 0.022776 0.032111
0 0.379688 0.634375 0.026729 0.035638
0 0.369531 0.638542 0.018773 0.023107
0 0.972656 0.64375 0.018939 0.024442
0 0.315625 0.68125 0.029506 0.037314
0 0.660937 0.678125 0.024043 0.032841
0 0.424219 0.680208 0.027872 0.033345
0 0.775 0.677083 0.018939 0.024442
0 0.715625 0.697917 0.0201 0.026364
0 0.853125 0.697917 0.018827 0.023629
0 0.153906 0.70625 0.028106 0.035108
0 0.935156 0.705208 0.025208 0.034751
0 0.963281 0.711458 0.01902 0.024748
0 0.6625 0.714583 0.01971 0.025332
0 0.353125 0.716667 0.02077 0.027051
0 0.883594 0.719792 0.020551 0.027917
0 0.904687 0.71875 0.017438 0.024063
0 0.101562 0.721875 0.026642 0.029619
0 0.610938 0.720833 0.0201 0.026364
0 0.699219 0.722917 0.021479 0.027243
0 0.052344 0.73125 0.020339 0.023705
0 0.407813 0.732292 0.018999 0.02628
0 0.205469 0.734375 0.019638 0.024534
0 0.113281 0.775 0.030001 0.037085
0 0.865625 0.7875 0.018773 0.023107
0 0.482031 0.792708 0.027132 0.035157
0 0.913281 0.8125 0.027558 0.032833
0 0.019531 0.832292 0.026389 0.034301
0 0.260937 0.833333 0.022861 0.027439
0 0.763281 0.835417 0.023476 0.030208
0 0.804688 0.834375 0.022689 0.025403
0 0.529687 0.835417 0.017438 0.024063
0 0.789062 0.838542 0.022883 0.028677
0 0.221875 0.84375 0.020938 0.027401
0 0.416406 0.847917 0.027003 0.034726
0 0.771875 0.859375 0.025938 0.035144
0 0.126562 0.872917 0.023476 0.030208
0 0.703906 0.8875 0.019627 0.024405
0 0.5375 0.895833 0.021978 0.027245
0 0.80625 0.903125 0.019925 0.025905
0 0.1125 0.916667 0.026474 0.032764
0 0.302344 0.920833 0.025814 0.034767
0 0.075781 0.964583 0.028734 0.037644
0 0.732031 0.966667 0.020697 0.026524
0 0.633594 0.982804 0.027056 0.034392
0 0.009779 0.987965 0.019558 0.02407