0 0.702344 0.022917 0.029714 0.037719
0 0.920312 0.019792 0.018769 0.023116
0 0.6625 0.023958 0.02077 0.027051
0 0.789844 0.038542 0.018773 0.023107
0 0.927344 0.05 0.021648 0.029332
0 0.942969 0.073958 0.021161 0.025349
0 0.419531 0.075 0.019733 0.025046
0 0.2 0.1 0.023583 0.030562
0 0.735938 0.119792 0.030454 0.041186
0 0.526563 0.116667 0.020432 0.028638
0 0.891406 0.125 0.021243 0.027194
0 0.742969 0.139583 0.018921 0.024472
0 0.753125 0.146875 0.024261 0.034487
0 0.938281 0.151042 0.019574 0.023676
0 0.864062 0.167708 0.02393 0.031906
0 0.825781 0.172917 0.028563 0.035992
0 0.941406 0.225 0.021161 0.025349
0 0.791406 0.242708 0.029106 0.037508
0 0.684375 0.257292 0.021976 0.025927
0 0.90625 0.267708 0.019178 0.025168
0 0.722656 0.292708 0.034455 0.044907
0 0.749219 0.298958 0.018773 0.023107
0 0.95 0.315625 0.026072 0.037828
0 0.934375 0.336458 0.028514 0.039665
0 0.917969 0.330208 0.018561 0.025359
0 0.680469 0.338542 0.019574 0.023676
0 0.976562 0.339583 0.018756 0.022285
0 0.792969 0.351042 0.028198 0.035453
0 0.035937 0.354167 0.019574 0.023676
0 0.253125 0.365625 0.022143 0.027371
0 0.429688 0.410417 0.030383 0.037827
0 0.332813 0.411458 0.022883 0.028677
0 0.012375 0.414583 0.024749 0.032032
0 0.707031 0.413542 0.021243 0.027194
0 0.84375 0.423958 0.023055 0.030355
0 0.696094 0.446875 0.018773 0.023107
0 0.792188 0.457292 0.026607 0.039652
0 0.202344 0.50625 0.029332 0.040929
0 0.547656 0.509375 0.033019 0.040852
0 0.167969 0.515625 0.018939 0.024442
0 0.369531 0.529167 0.034968 0.046624
0 0.629687 0.522917 0.019638 0.024534
0 0.790625 0.528125 0.019792 0.025321
0 0.328125 0.552083 0.026089 0.035063
0 0.292187 0.561458 0.020479 0.026286
0 0.875781 0.565625 0.021243 0.027194
0 0.582031 0.56875 0.026608 0.034667
0 0.376563 0.570833 0.021929 0.025115
0 0.377344 0.584375 0.030509 0.039785
0 0.282031 0.580208 0.024418 0.030455
0 0.604688 0.594792 0.02936 0.043099
0 0.889062 0.604167 0.033172 0.047524
0 0.610156 0.610417 0.020566 0.026042
0 0.642188 0.628125 0.032453 0.040488
0 0.495312 0.625 0.022883 0.028677
0 0.585938 0.641667 0.018756 0.022285
0 0.215625 0.660417 0.022828 0.027821
0 0.985938 0.695833 0.026128 0.034425
0 0.875781 0.702083 0.025472 0.034539
0 0.5875 0.736458 0.029575 0.039209
0 0.066406 0.745833 0.035513 0.04637
0 0.896094 0.736458 0.018354 0.025228
0 0.426563 0.753125 0.022788 0.029292
0 0.479687 0.754167 0.025086 0.031874
0 0.363281 0.75625 0.023922 0.031467
0 0.471875 0.75625 0.019792 0.025321
0 0.563281 0.775 0.021989 0.028877
0 0.846094 0.777083 0.018991 0.026389
0 0.709375 0.780208 0.020046 0.026244
0 0.849219 0.786458 0.021479 0.027243
0 0.864062 0.810417 0.020537 0.027934
0 0.821875 0.825 0.028993 0.039474
0 0.402344 0.828125 0.022551 0.029062
0 0.760938 0.832292 0.023293 0.029834
0 0.530469 0.852083 0.021479 0.027243
0 0.576562 0.867708 0.019925 0.025905
0 0.522656 0.878125 0.024565 0.029737
0 0.535937 0.907292 0.029082 0.037672
0 0.239063 0.90625 0.0197 0.025227
0 0.858594 0.933333 0.018939 0.024442
0 0.589844 0.940625 0.018939 0.024442
0 0.503125 0.958333 0.018773 0.023107
0 0.666406 0.964583 0.027122 0.036884
0 0.558594 0.987555 0.021339 0.02489