0 0.396875 0.011587 0.019893 0.023173
0 0.016406 0.032292 0.018939 0.024442
0 0.428125 0.04375 0.019531 0.027421
0 0.567187 0.151042 0.019543 0.023126
0 0.161719 0.186458 0.021314 0.02663
0 0.170313 0.191667 0.019057 0.027229
0 0.958594 0.194792 0.020811 0.029482
0 0.609375 0.21875 0.022828 0.027821
0 0.715625 0.248958 0.019925 0.025905
0 0.946875 0.376042 0.019627 0.024405
0 0.338281 0.44375 0.021542 0.027554
0 0.285938 0.496875 0.022788 0.029292
0 0.424219 0.501042 0.021161 0.025349
0 0.196875 0.594792 0.018773 0.023107
0 0.492188 0.683333 0.020046 0.026244
0 0.172656 0.779167 0.021894 0.026105
0 0.521875 0.878125 0.021239 0.025868
0 0.461719 0.933333 0.021479 0.027243