0 0.589063 0.008902 0.018773 0.017804
0 0.224219 0.040625 0.021796 0.030069
0 0.610938 0.044792 0.026593 0.033416
0 0.624219 0.063542 0.023654 0.029634
0 0.158594 0.084375 0.024811 0.03503
0 0.714063 0.092708 0.02625 0.033969
0 0.396875 0.133333 0.02834 0.035716
0 0.564063 0.182292 0.026724 0.034099
0 0.697656 0.260417 0.018008 0.02309
0 0.590625 0.26875 0.026124 0.031426
0 0.327344 0.271875 0.025095 0.028633
0 0.842187 0.273958 0.020627 0.027503
0 0.125 0.284375 0.026994 0.038084
0 0.203125 0.339583 0.028136 0.032317
0 0.389844 0.378125 0.024837 0.032478
0 0.139844 0.43125 0.025611 0.031936
0 0.677344 0.439583 0.019531 0.027421
0 0.882031 0.458333 0.019178 0.025168
0 0.691406 0.465625 0.027905 0.034571
0 0.965625 0.510417 0.029369 0.035583
0 0.0875 0.523958 0.024425 0.030612
0 0.022656 0.534375 0.02585 0.031338
0 0.427344 0.55 0.025513 0.033411
0 0.65 0.6 0.027393 0.037108
0 0.665625 0.661458 0.029621 0.035381
0 0.350781 0.6625 0.020058 0.027568
0 0.285938 0.685417 0.035535 0.054515
0 0.929688 0.678125 0.024943 0.034642
0 0.76875 0.697917 0.0201 0.026364
0 0.610156 0.701042 0.018939 0.024442
0 0.278906 0.755208 0.028453 0.034189
0 0.628906 0.771875 0.027516 0.034627
0 0.298438 0.782292 0.025348 0.03196
0 0.673438 0.790625 0.023461 0.030231
0 0.008595 0.791667 0.01719 0.022285
0 0.842187 0.797917 0.023771 0.032677
0 0.427344 0.851042 0.026008 0.033043
0 0.305469 0.864583 0.029287 0.033514
0 0.902344 0.890625 0.023781 0.034173
0 0.647656 0.890625 0.020479 0.026286
0 0.879687 0.891667 0.020676 0.026744
0 0.388281 0.902083 0.020566 0.026042
0 0.869531 0.9125 0.018939 0.024442
0 0.030469 0.920833 0.025507 0.03125
0 0.932813 0.954167 0.023476 0.030208
0 0.228125 0.9625 0.018756 0.022285