0 0.464062 0.007856 0.018008 0.015712
0 0.032031 0.011557 0.023192 0.023113
0 0.853125 0.008937 0.01971 0.017875
0 0.682813 0.020833 0.02813 0.028185
0 0.692969 0.022917 0.022657 0.03289
0 0.905469 0.020833 0.020422 0.025409
0 0.478125 0.022917 0.020537 0.027934
0 0.752344 0.033333 0.02466 0.031871
0 0.857812 0.032292 0.02203 0.026707
0 0.257031 0.035417 0.018442 0.024589
0 0.577344 0.058333 0.023055 0.030355
0 0.288281 0.075 0.020328 0.024087
0 0.239844 0.092708 0.021475 0.03346
0 0.821094 0.088542 0.019119 0.025492
0 0.283594 0.098958 0.018773 0.023107
0 0.846875 0.098958 0.019925 0.025905
0 0.210156 0.110417 0.024496 0.029918
0 0.117188 0.111458 0.020551 0.027917
0 0.147656 0.132292 0.024341 0.028597
0 0.399219 0.13125 0.017438 0.024063
0 0.503125 0.140625 0.022776 0.032111
0 0.38125 0.140625 0.019992 0.026974
0 0.565625 0.142708 0.019531 0.026042
0 0.4375 0.14375 0.020537 0.027934
0 0.714844 0.160417 0.026479 0.036699
0 0.910937 0.163542 0.019733 0.025046
0 0.182031 0.175 0.021978 0.027245
0 0.964844 0.189583 0.021796 0.02989
0 0.332813 0.188542 0.020046 0.026244
0 0.829688 0.198958 0.017438 0.024063
0 0.053125 0.205208 0.019909 0.025929
0 0.299219 0.220833 0.024652 0.030465
0 0.46875 0.220833 0.023127 0.02972
0 0.979688 0.233333 0.022861 0.027439
0 0.301563 0.241667 0.024436 0.029089
0 0.309375 0.246875 0.020479 0.026286
0 0.55 0.245833 0.018773 0.023107
0 0.113281 0.248958 0.018756 0.022285
0 0.259375 0.25 0.018756 0.022285
0 0.559375 0.253125 0.019531 0.026042
0 0.717969 0.261458 0.019638 0.024534
0 0.659375 0.267708 0.022731 0.029504
0 0.541406 0.265625 0.021161 0.025349
0 0.633594 0.283333 0.020328 0.024087
0 0.625781 0.292708 0.023232 0.0323
0 0.322656 0.29375 0.018921 0.024472
0 0.728906 0.305208 0.027597 0.033767
0 0.498437 0.305208 0.019627 0.024405
0 0.070312 0.311458 0.022937 0.028155
0 0.3375 0.3125 0.020058 0.027568
0 0.713281 0.326042 0.022945 0.029561
0 0.657031 0.329167 0.025781 0.032981
0 0.082031 0.333333 0.025161 0.030661
0 0.046094 0.335417 0.022776 0.032111
0 0.290625 0.347917 0.022995 0.032052
0 0.453906 0.347917 0.018827 0.023629
0 0.539062 0.351042 0.024436 0.029089
0 0.560156 0.352083 0.020416 0.025301
0 0.795312 0.354167 0.023293 0.029834
0 0.347656 0.364583 0.025957 0.03004
0 0.45625 0.366667 0.0201 0.026364
0 0.392188 0.366667 0.018773 0.023107
0 0.372656 0.372917 0.021542 0.029952
0 0.385156 0.373958 0.021542 0.029952
0 0.957031 0.389583 0.017438 0.024063
0 0.617188 0.392708 0.018827 0.023629
0 0.9125 0.39375 0.020046 0.026244
0 0.173437 0.401042 0.023718 0.029015
0 0.049219 0.40625 0.02537 0.032683
0 0.925781 0.405208 0.018008 0.02309
0 0.021094 0.408333 0.02365 0.028234
0 0.828906 0.407292 0.018773 0.023107
0 0.407813 0.416667 0.025183 0.032816
0 0.760156 0.419792 0.024471 0.031548
0 0.045312 0.43125 0.020046 0.026244
0 0.103906 0.432292 0.020328 0.024087
0 0.8625 0.432292 0.019627 0.024405
0 0.824219 0.445833 0.021999 0.028864
0 0.329688 0.466667 0.018756 0.022285
0 0.626563 0.470833 0.0201 0.026364
0 0.370312 0.477083 0.018939 0.024442
0 0.68125 0.4875 0.025086 0.031874
0 0.9 0.492708 0.019868 0.025663
0 0.496094 0.49375 0.018876 0.02557
0 0.853125 0.504167 0.019925 0.025905
0 0.717969 0.508333 0.021618 0.02791
0 0.767188 0.516667 0.023127 0.02972
0 0.125781 0.527083 0.024516 0.030178
0 0.352344 0.536458 0.018939 0.024442
0 0.940625 0.542708 0.022856 0.029993
0 0.561719 0.557292 0.021479 0.027243
0 0.098437 0.5625 0.024383 0.028296
0 0.260156 0.577083 0.020811 0.029482
0 0.2 0.579167 0.019693 0.028264
0 0.691406 0.584375 0.028449 0.032782
0 0.646875 0.586458 0.02525 0.032349
0 0.25625 0.588542 0.024496 0.029918
0 0.588281 0.588542 0.024371 0.028101
0 0.239063 0.591667 0.022937 0.028155
0 0.248438 0.648958 0.020441 0.025129
0 0.676562 0.655208 0.024436 0.029089
0 0.20625 0.658333 0.023283 0.030766
0 0.280469 0.666667 0.024652 0.030465
0 0.563281 0.670833 0.021999 0.028864
0 0.267188 0.68125 0.0201 0.026364
0 0.497656 0.68125 0.018921 0.024472
0 0.546094 0.691667 0.020441 0.025129
0 0.630469 0.696875 0.021819 0.028356
0 0.035156 0.708333 0.022553 0.032021
0 0.616406 0.723958 0.020479 0.026286
0 0.360156 0.726042 0.023758 0.031125
0 0.24375 0.732292 0.023103 0.02886
0 0.051562 0.748958 0.022937 0.028155
0 0.167187 0.75 0.023931 0.031351
0 0.524219 0.752083 0.022495 0.030475
0 0.534375 0.764583 0.024565 0.029737
0 0.492188 0.76875 0.023319 0.029672
0 0.6125 0.76875 0.01971 0.025332
0 0.103125 0.769792 0.021894 0.026105
0 0.114844 0.775 0.025161 0.030661
0 0.144531 0.775 0.019531 0.027421
0 0.667188 0.777083 0.023227 0.029506
0 0.104688 0.782292 0.022047 0.026945
0 0.702344 0.783333 0.021618 0.02791
0 0.6375 0.786458 0.022758 0.030751
0 0.278906 0.810417 0.02537 0.032683
0 0.403125 0.807292 0.02095 0.027383
0 0.800781 0.813542 0.0184 0.026183
0 0.283594 0.839583 0.027408 0.029582
0 0.394531 0.84375 0.021999 0.028864
0 0.153906 0.847917 0.021701 0.028014
0 0.249219 0.859375 0.019574 0.023676
0 0.347656 0.871875 0.021339 0.026862
0 0.179688 0.875 0.023583 0.030562
0 0.488281 0.873958 0.019332 0.028307
0 0.658594 0.872917 0.018561 0.025359
0 0.766406 0.876042 0.022128 0.030307
0 0.029687 0.880208 0.019531 0.026042
0 0.433594 0.896875 0.02475 0.031228
0 0.573438 0.894792 0.019683 0.026728
0 0.754687 0.909375 0.025511 0.034687
0 0.301563 0.9125 0.018773 0.023107
0 0.928125 0.920833 0.023476 0.030208
0 0.974219 0.91875 0.021161 0.025349
0 0.489063 0.942708 0.019925 0.025905
0 0.58125 0.946875 0.018999 0.02628
0 0.275781 0.95 0.021542 0.029952
0 0.753906 0.947917 0.021339 0.026862
0 0.392969 0.95625 0.020441 0.025129
0 0.314844 0.984375 0.025957 0.03004
0 0.485938 0.987215 0.022128 0.02557