0 0.180469 0.01046 0.018008 0.02092
0 0.75 0.039583 0.020566 0.026042
0 0.701562 0.059375 0.019992 0.026974
0 0.321875 0.06875 0.025095 0.028633
0 0.500781 0.072917 0.022128 0.030307
0 0.107813 0.076042 0.019574 0.023676
0 0.875781 0.077083 0.018876 0.02557
0 0.685937 0.094792 0.020046 0.026244
0 0.461719 0.101042 0.018939 0.024442
0 0.267188 0.166667 0.024291 0.029293
0 0.4125 0.172917 0.019792 0.025321
0 0.640625 0.186458 0.019925 0.025905
0 0.647656 0.204167 0.019633 0.024542
0 0.853125 0.215625 0.019574 0.023676
0 0.746094 0.236458 0.022613 0.03015
0 0.821094 0.2375 0.021339 0.026862
0 0.126562 0.25625 0.019792 0.025321
0 0.7125 0.261458 0.026041 0.030394
0 0.592187 0.266667 0.026008 0.033043
0 0.220312 0.264583 0.022707 0.026328
0 0.945312 0.266667 0.025957 0.03004
0 0.032813 0.282292 0.019792 0.025321
0 0.615625 0.283333 0.019574 0.023676
0 0.85625 0.31875 0.027028 0.034532
0 0.551562 0.316667 0.019909 0.025929
0 0.353906 0.323958 0.021405 0.027443
0 0.301563 0.325 0.019733 0.025046
0 0.88125 0.332292 0.019574 0.023676
0 0.090625 0.339583 0.023097 0.028871
0 0.982812 0.348958 0.022996 0.028271
0 0.466406 0.358333 0.021161 0.025349
0 0.378906 0.365625 0.021479 0.027243
0 0.467187 0.365625 0.019574 0.023676
0 0.775 0.372917 0.020801 0.028133
0 0.789062 0.377083 0.019574 0.023676
0 0.482812 0.384375 0.019627 0.024405
0 0.545312 0.388542 0.019909 0.025929
0 0.383594 0.397917 0.018442 0.024589
0 0.932813 0.401042 0.02306 0.029195
0 0.228125 0.414583 0.027003 0.034726
0 0.7 0.459375 0.025837 0.030331
0 0.021094 0.4625 0.022094 0.027539
0 0.507812 0.4625 0.019574 0.023676
0 0.030469 0.466667 0.018008 0.02309
0 0.958594 0.466667 0.018827 0.023629
0 0.617188 0.492708 0.018939 0.024442
0 0.285938 0.501042 0.019909 0.025929
0 0.753125 0.514583 0.019792 0.025321
0 0.017188 0.519792 0.019925 0.025905
0 0.474219 0.5375 0.021161 0.025349
0 0.455469 0.538542 0.018561 0.025359
0 0.388281 0.55 0.025129 0.029733
0 0.253125 0.55625 0.022828 0.027821
0 0.909375 0.566667 0.019574 0.023676
0 0.570312 0.608333 0.023878 0.029636
0 0.761719 0.634375 0.03727 0.042393
0 0.567187 0.686458 0.018008 0.02309
0 0.560937 0.688542 0.019574 0.023676
0 0.630469 0.7 0.031071 0.037922
0 0.073438 0.730208 0.019574 0.023676
0 0.082031 0.734375 0.021819 0.028356
0 0.696875 0.738542 0.025129 0.029733
0 0.488281 0.740625 0.024436 0.029089
0 0.025 0.75 0.018756 0.022285
0 0.24375 0.775 0.022937 0.028155
0 0.678906 0.784375 0.018331 0.025253
0 0.464062 0.817708 0.026828 0.03127
0 0.707031 0.81875 0.028472 0.03641
0 0.597656 0.829167 0.025887 0.034069
0 0.896875 0.833333 0.026072 0.037828
0 0.575781 0.844792 0.026156 0.035428
0 0.386719 0.85 0.024652 0.030465
0 0.107031 0.8625 0.021542 0.027554
0 0.658594 0.86875 0.021989 0.028877
0 0.457813 0.883333 0.018756 0.022285
0 0.317188 0.907292 0.020566 0.026042
0 0.097656 0.93125 0.021542 0.027554
0 0.389062 0.941667 0.026624 0.028684
0 0.720313 0.954167 0.028635 0.036202
0 0.339844 0.96875 0.021362 0.02664
0 0.579688 0.969792 0.020288 0.027694
0 0.842187 0.973958 0.02486 0.031
0 0.192969 0.990538 0.021161 0.018925