0 0.788281 0.012541 0.021648 0.025083
0 0.832812 0.023958 0.02365 0.028234
0 0.80625 0.035417 0.019909 0.025929
0 0.110156 0.041667 0.021339 0.026862
0 0.669531 0.045833 0.019714 0.027305
0 0.186719 0.061458 0.024736 0.034375
0 0.5 0.072917 0.02475 0.031228
0 0.55625 0.075 0.026477 0.032757
0 0.216406 0.0875 0.021314 0.02663
0 0.802344 0.092708 0.021618 0.02791
0 0.080469 0.102083 0.020328 0.024087
0 0.28125 0.151042 0.019909 0.025929
0 0.089844 0.180208 0.027663 0.036163
0 0.497656 0.209375 0.024496 0.029918
0 0.295312 0.216667 0.024384 0.02969
0 0.144531 0.2375 0.023437 0.034009
0 0.863281 0.25 0.021049 0.031547
0 0.846875 0.292708 0.019925 0.025905
0 0.340625 0.3 0.018976 0.027221
0 0.453906 0.335417 0.021264 0.026134
0 0.490625 0.346875 0.022828 0.027821
0 0.685156 0.346875 0.019531 0.026042
0 0.582812 0.351042 0.019909 0.025929
0 0.811719 0.371875 0.022911 0.031609
0 0.200781 0.379167 0.027558 0.032833
0 0.314844 0.391667 0.021459 0.027275
0 0.65 0.454167 0.019733 0.025046
0 0.15625 0.457292 0.020416 0.025301
0 0.939063 0.476042 0.020517 0.029536
0 0.258594 0.489583 0.019574 0.023676
0 0.349219 0.494792 0.021479 0.027243
0 0.86875 0.501042 0.019574 0.023676
0 0.639844 0.536458 0.021701 0.028014
0 0.340625 0.538542 0.019792 0.025321
0 0.075 0.55625 0.026041 0.030394
0 0.017188 0.56875 0.020046 0.026244
0 0.886719 0.576042 0.024282 0.026836
0 0.41875 0.585417 0.022828 0.027821
0 0.889062 0.588542 0.026608 0.027772
0 0.7625 0.595833 0.022828 0.027821
0 0.296875 0.605208 0.020579 0.030481
0 0.984375 0.60625 0.021542 0.029952
0 0.013784 0.613542 0.027568 0.034334
0 0.809375 0.629167 0.019909 0.025929
0 0.645312 0.701042 0.020046 0.026244
0 0.202344 0.707292 0.021915 0.02956
0 0.132812 0.708333 0.023597 0.02855
0 0.591406 0.725 0.021513 0.035498
0 0.372656 0.755208 0.024608 0.032281
0 0.592187 0.777083 0.02306 0.029195
0 0.752344 0.790625 0.019531 0.026042
0 0.510938 0.814583 0.023103 0.02886
0 0.089063 0.834375 0.020627 0.027503
0 0.417969 0.8375 0.027522 0.031911
0 0.353125 0.836458 0.018769 0.023116
0 0.201563 0.880208 0.022883 0.028677
0 0.121875 0.890625 0.019792 0.025321
0 0.082031 0.896875 0.021479 0.027243
0 0.382031 0.9 0.021701 0.028014
0 0.033594 0.915625 0.020529 0.025786
0 0.638281 0.93125 0.020328 0.024087
0 0.638281 0.95625 0.019531 0.026042
0 0.839844 0.963542 0.021796 0.02989
0 0.577344 0.98767 0.021943 0.02466