0 0.728125 0.021875 0.022937 0.028155
0 0.084375 0.026042 0.022883 0.028677
0 0.873437 0.054167 0.026221 0.032529
0 0.033594 0.060417 0.024383 0.028296
0 0.550781 0.085417 0.028215 0.035868
0 0.526563 0.0875 0.022937 0.028155
0 0.501563 0.15625 0.019909 0.025929
0 0.297656 0.171875 0.025282 0.034542
0 0.277344 0.180208 0.025636 0.035222
0 0.6 0.197917 0.028598 0.034664
0 0.207031 0.205208 0.022242 0.030281
0 0.751563 0.284375 0.028521 0.035325
0 0.164844 0.333333 0.030859 0.036589
0 0.3 0.332292 0.020046 0.026244
0 0.902344 0.375 0.023456 0.028163
0 0.040625 0.421875 0.026577 0.033441
0 0.444531 0.425 0.028226 0.032566
0 0.088281 0.446875 0.026279 0.035676
0 0.045312 0.521875 0.019893 0.027596
0 0.125 0.569792 0.027192 0.03652
0 0.175 0.583333 0.026048 0.031808
0 0.282031 0.605208 0.027729 0.032708
0 0.30625 0.63125 0.024107 0.034015
0 0.11875 0.64375 0.024083 0.030368
0 0.95625 0.672917 0.0201 0.026364
0 0.253906 0.709375 0.021098 0.023144
0 0.817969 0.845833 0.025905 0.033963
0 0.553125 0.880208 0.020288 0.027694
0 0.958594 0.951042 0.018773 0.023107
0 0.863281 0.972917 0.026273 0.033081
0 0.414844 0.98125 0.027558 0.032833
0 0.925 0.986565 0.023607 0.02687