0 0.020313 0.009427 0.019543 0.018855
0 0.798438 0.010738 0.020479 0.021476
0 0.119531 0.01358 0.021658 0.02716
0 0.257031 0.011546 0.021161 0.023091
0 0.182812 0.028125 0.019574 0.023676
0 0.166406 0.070833 0.018008 0.02309
0 0.670312 0.078125 0.021834 0.029844
0 0.607031 0.140625 0.022227 0.031837
0 0.790625 0.14375 0.020537 0.027934
0 0.347656 0.151042 0.018939 0.024442
0 0.503906 0.177083 0.022858 0.027444
0 0.5875 0.182292 0.022729 0.02728
0 0.728906 0.194792 0.021479 0.027243
0 0.696875 0.2 0.025877 0.028184
0 0.228906 0.204167 0.018773 0.023107
0 0.203906 0.227083 0.020046 0.026244
0 0.434375 0.235417 0.022828 0.027821
0 0.528906 0.234375 0.02111 0.023724
0 0.904687 0.236458 0.023475 0.026349
0 0.015625 0.248958 0.020654 0.029458
0 0.527344 0.270833 0.021727 0.028969
0 0.448437 0.275 0.022947 0.027986
0 0.194531 0.2875 0.021479 0.027243
0 0.544531 0.289583 0.021339 0.026862
0 0.877344 0.290625 0.024384 0.02969
0 0.746094 0.29375 0.021542 0.027554
0 0.789844 0.294792 0.018442 0.024589
0 0.64375 0.296875 0.019733 0.025046
0 0.344531 0.326042 0.019531 0.027421
0 0.735156 0.344792 0.024652 0.030465
0 0.385937 0.353125 0.026304 0.031816
0 0.1 0.359375 0.022726 0.025872
0 0.357031 0.358333 0.018939 0.024442
0 0.716406 0.364583 0.021479 0.027243
0 0.340625 0.372917 0.023293 0.029834
0 0.123438 0.378125 0.022937 0.028155
0 0.502344 0.378125 0.01882 0.024173
0 0.042969 0.389583 0.022495 0.030475
0 0.498437 0.389583 0.023103 0.02886
0 0.860938 0.388542 0.019638 0.024534
0 0.75 0.417708 0.019925 0.025905
0 0.155469 0.43125 0.022111 0.027748
0 0.85 0.439583 0.022558 0.029051
0 0.580469 0.439583 0.024383 0.028296
0 0.045312 0.442708 0.019531 0.027421
0 0.609375 0.441667 0.020676 0.026744
0 0.58125 0.452083 0.023103 0.02886
0 0.942969 0.486458 0.021701 0.028014
0 0.511719 0.488542 0.018939 0.024442
0 0.817969 0.497917 0.021976 0.025927
0 0.051562 0.502083 0.018827 0.023629
0 0.164062 0.522917 0.022947 0.027986
0 0.964844 0.536458 0.018785 0.024068
0 0.603125 0.54375 0.022766 0.03074
0 0.566406 0.55 0.024496 0.029918
0 0.841406 0.564583 0.021701 0.028014
0 0.960156 0.56875 0.02198 0.027324
0 0.36875 0.573958 0.023054 0.029204
0 0.655469 0.58125 0.021161 0.025349
0 0.835938 0.591667 0.019531 0.027421
0 0.069531 0.59375 0.021701 0.028014
0 0.878906 0.594792 0.02143 0.027648
0 0.685156 0.607292 0.018008 0.02309
0 0.310937 0.614583 0.018773 0.023107
0 0.8 0.619792 0.022689 0.025403
0 0.677344 0.626042 0.025086 0.031874
0 0.344531 0.625 0.021804 0.02852
0 0.325781 0.639583 0.021556 0.031475
0 0.557813 0.667708 0.021112 0.025088
0 0.433594 0.673958 0.018939 0.024442
0 0.685156 0.685417 0.0211 0.027734
0 0.629687 0.695833 0.020046 0.026244
0 0.117969 0.709375 0.024943 0.034642
0 0.530469 0.7125 0.021946 0.026299
0 0.294531 0.71875 0.018442 0.024589
0 0.295312 0.728125 0.019893 0.027596
0 0.33125 0.729167 0.022707 0.026328
0 0.949219 0.73125 0.02143 0.027648
0 0.671875 0.741667 0.020866 0.027821
0 0.532813 0.745833 0.022828 0.027821
0 0.541406 0.755208 0.021915 0.02956
0 0.091406 0.765625 0.020551 0.027917
0 0.309375 0.770833 0.019401 0.028319
0 0.220312 0.813542 0.019531 0.027421
0 0.175 0.842708 0.023293 0.029834
0 0.411719 0.859375 0.021339 0.026862
0 0.942969 0.867708 0.018161 0.023679
0 0.136719 0.878125 0.018939 0.024442
0 0.129688 0.896875 0.023592 0.030549
0 0.436719 0.944792 0.022947 0.027986
0 0.26875 0.948958 0.023097 0.028871
0 0.207031 0.970833 0.021542 0.029952
0 0.615625 0.970833 0.021894 0.026105
0 0.270313 0.973958 0.019627 0.024405
0 0.811719 0.987108 0.019429 0.025783