0 0.207813 0.009939 0.018008 0.019878
0 0.480469 0.014132 0.02479 0.028263
0 0.200781 0.011745 0.017438 0.02349
0 0.028906 0.040625 0.022418 0.029062
0 0.682031 0.05 0.021161 0.025349
0 0.303906 0.059375 0.01971 0.025332
0 0.425781 0.061458 0.018773 0.023107
0 0.580469 0.066667 0.027678 0.033246
0 0.29375 0.120833 0.028404 0.039509
0 0.621875 0.151042 0.022788 0.029292
0 0.4625 0.154167 0.018773 0.023107
0 0.225 0.165625 0.026593 0.033416
0 0.310937 0.172917 0.031498 0.039933
0 0.601562 0.16875 0.020517 0.029536
0 0.773438 0.169792 0.027736 0.03412
0 0.028906 0.171875 0.022861 0.027439
0 0.221875 0.176042 0.017317 0.024011
0 0.780469 0.184375 0.018756 0.022285
0 0.163281 0.203125 0.03251 0.036419
0 0.204687 0.209375 0.02163 0.033588
0 0.617188 0.2125 0.018756 0.022285
0 0.803125 0.217708 0.026932 0.035136
0 0.591406 0.233333 0.025712 0.035203
0 0.327344 0.238542 0.021819 0.028356
0 0.029687 0.238542 0.019574 0.023676
0 0.442188 0.240625 0.020676 0.026744
0 0.954688 0.244792 0.022729 0.02728
0 0.649219 0.25 0.025528 0.036047
0 0.626563 0.248958 0.020676 0.026744
0 0.14375 0.25 0.017438 0.024063
0 0.582812 0.263542 0.02687 0.033711
0 0.303906 0.292708 0.018442 0.024589
0 0.311719 0.3125 0.02168 0.028193
0 0.299219 0.314583 0.021701 0.028014
0 0.546875 0.329167 0.029083 0.033854
0 0.367969 0.325 0.018939 0.024442
0 0.626563 0.338542 0.031222 0.037252
0 0.560156 0.333333 0.017317 0.024011
0 0.739062 0.333333 0.01882 0.024173
0 0.397656 0.339583 0.017438 0.024063
0 0.841406 0.346875 0.027612 0.032177
0 0.494531 0.348958 0.024467 0.034451
0 0.373437 0.347917 0.023661 0.028066
0 0.316406 0.354167 0.029434 0.038374
0 0.659375 0.347917 0.018008 0.02309
0 0.592969 0.361458 0.019768 0.025593
0 0.871094 0.364583 0.019178 0.025168
0 0.071875 0.370833 0.021112 0.025088
0 0.108594 0.376042 0.022781 0.032106
0 0.442969 0.379167 0.028663 0.039423
0 0.021094 0.38125 0.026686 0.031536
0 0.703125 0.379167 0.020046 0.026244
0 0.332031 0.394792 0.021989 0.028877
0 0.203906 0.409375 0.025197 0.031603
0 0.223438 0.414583 0.021894 0.026105
0 0.360938 0.417708 0.019574 0.023676
0 0.425 0.440625 0.01971 0.025332
0 0.825 0.463542 0.019925 0.025905
0 0.064062 0.464583 0.019574 0.023676
0 0.8875 0.465625 0.02095 0.027383
0 0.807031 0.467708 0.019531 0.026042
0 0.36875 0.48125 0.019792 0.025321
0 0.957031 0.488542 0.032736 0.037705
0 0.589063 0.502083 0.020566 0.026042
0 0.133594 0.503125 0.020441 0.025129
0 0.809375 0.50625 0.019909 0.025929
0 0.253906 0.511458 0.023476 0.030208
0 0.917188 0.528125 0.026281 0.032051
0 0.297656 0.55 0.028761 0.037014
0 0.373437 0.552083 0.026787 0.037786
0 0.400781 0.546875 0.01882 0.024173
0 0.684375 0.557292 0.027159 0.035894
0 0.09375 0.560417 0.022227 0.031837
0 0.886719 0.560417 0.021618 0.02791
0 0.006445 0.566667 0.012891 0.027421
0 0.292969 0.572917 0.01902 0.024748
0 0.480469 0.577083 0.019627 0.024405
0 0.474219 0.580208 0.018827 0.023629
0 0.210938 0.592708 0.029417 0.038398
0 0.474219 0.589583 0.018939 0.024442
0 0.917188 0.596875 0.019558 0.02407
0 0.825 0.595833 0.018756 0.022285
0 0.025781 0.60625 0.026189 0.036773
0 0.942187 0.603125 0.023055 0.030355
0 0.936719 0.617708 0.021314 0.02663
0 0.053906 0.629167 0.018442 0.024589
0 0.1625 0.6375 0.020416 0.025301
0 0.652344 0.639583 0.021999 0.028864
0 0.267188 0.639583 0.020416 0.025301
0 0.276562 0.644792 0.026705 0.033543
0 0.957812 0.65 0.0201 0.026364
0 0.936719 0.655208 0.024692 0.030786
0 0.097656 0.654167 0.021479 0.027243
0 0.435937 0.692708 0.026765 0.033788
0 0.794531 0.709375 0.018161 0.023679
0 0.525781 0.725 0.021727 0.028969
0 0.447656 0.729167 0.027444 0.031564
0 0.224219 0.733333 0.026987 0.033441
0 0.248438 0.730208 0.021902 0.027122
0 0.930469 0.73125 0.021804 0.02852
0 0.713281 0.7375 0.020697 0.026524
0 0.302344 0.744792 0.025552 0.033182
0 0.925 0.747917 0.023741 0.031149
0 0.433594 0.769792 0.020579 0.030481
0 0.378906 0.770833 0.017759 0.024215
0 0.261719 0.777083 0.026848 0.034118
0 0.414844 0.777083 0.023758 0.031125
0 0.659375 0.785417 0.026376 0.032785
0 0.672656 0.796875 0.02537 0.032683
0 0.692187 0.792708 0.019792 0.025321
0 0.603125 0.83125 0.023964 0.032621
0 0.886719 0.833333 0.027736 0.03412
0 0.899219 0.840625 0.018442 0.024589
0 0.54375 0.85625 0.026966 0.033171
0 0.588281 0.8625 0.031019 0.040006
0 0.109375 0.86875 0.023576 0.027289
0 0.745313 0.86875 0.018773 0.023107
0 0.607812 0.885417 0.0201 0.026364
0 0.174219 0.89375 0.028404 0.033308
0 0.842969 0.903125 0.0257 0.033535
0 0.945312 0.905208 0.019683 0.026728
0 0.549219 0.907292 0.018939 0.024442
0 0.185938 0.925 0.027511 0.037089
0 0.563281 0.925 0.020566 0.026042
0 0.384375 0.9375 0.023583 0.030562
0 0.83125 0.95625 0.026245 0.031768
0 0.033594 0.963542 0.024539 0.034801
0 0.667188 0.965625 0.026585 0.035972
0 0.625 0.966667 0.019893 0.027596
0 0.754687 0.980208 0.02393 0.031906
0 0.830469 0.988097 0.021999 0.023807