0 0.683594 0.014583 0.018773 0.023107
0 0.791406 0.021875 0.021479 0.027243
0 0.391406 0.077083 0.018756 0.022285
0 0.861719 0.170833 0.018124 0.023544
0 0.510938 0.176042 0.023718 0.029015
0 0.576562 0.1875 0.020046 0.026244
0 0.303125 0.295833 0.019693 0.024852
0 0.435937 0.316667 0.022758 0.030751
0 0.919531 0.329167 0.021989 0.028877
0 0.034375 0.336458 0.02545 0.035034
0 0.95625 0.394792 0.022937 0.028155
0 0.170313 0.396875 0.018773 0.023107
0 0.192969 0.4 0.024309 0.027699
0 0.896875 0.420833 0.018048 0.02325
0 0.925 0.4875 0.020866 0.027821
0 0.329688 0.535417 0.026041 0.030394
0 0.274219 0.539583 0.018442 0.024589
0 0.575 0.563542 0.020566 0.026042
0 0.542188 0.573958 0.019733 0.025046
0 0.110937 0.598958 0.019531 0.027421
0 0.570312 0.626042 0.018827 0.023629
0 0.421094 0.704167 0.023345 0.03313
0 0.621094 0.734375 0.021239 0.025868
0 0.107813 0.777083 0.024533 0.03271
0 0.624219 0.80625 0.024341 0.028597
0 0.469531 0.839583 0.018939 0.024442
0 0.514062 0.857292 0.025129 0.029733
0 0.391406 0.876042 0.018442 0.024589
0 0.380469 0.923958 0.019558 0.02407
0 0.484375 0.967708 0.023293 0.029834