0 0.85625 0.034375 0.025905 0.030541
0 0.1875 0.041667 0.02203 0.026707
0 0.380469 0.046875 0.024467 0.034451
0 0.736719 0.044792 0.021542 0.027554
0 0.135937 0.0875 0.026011 0.035464
0 0.567187 0.107292 0.019574 0.023676
0 0.235156 0.13125 0.024162 0.031385
0 0.422656 0.14375 0.032036 0.041398
0 0.936719 0.1375 0.018939 0.024442
0 0.744531 0.166667 0.027593 0.0349
0 0.5875 0.210417 0.023026 0.028919
0 0.895312 0.215625 0.020676 0.026744
0 0.590625 0.223958 0.021247 0.027272
0 0.350781 0.241667 0.019638 0.024534
0 0.151562 0.263542 0.022937 0.028155
0 0.372656 0.271875 0.022418 0.029062
0 0.329688 0.313542 0.017438 0.024063
0 0.251563 0.446875 0.019446 0.026546
0 0.771094 0.478125 0.026608 0.034667
0 0.058594 0.485417 0.020441 0.025129
0 0.285938 0.598958 0.025161 0.030661
0 0.553906 0.607292 0.02365 0.028234
0 0.4375 0.615625 0.020566 0.026042
0 0.721094 0.6625 0.025211 0.033309
0 0.835938 0.690625 0.019429 0.026567
0 0.929688 0.742708 0.026848 0.034118
0 0.892188 0.76875 0.019925 0.025905
0 0.785937 0.769792 0.019429 0.026567
0 0.919531 0.770833 0.02317 0.029214
0 0.523438 0.783333 0.023259 0.032779
0 0.758594 0.804167 0.02537 0.032683
0 0.946875 0.8375 0.018161 0.023679
0 0.225 0.842708 0.02588 0.029593
0 0.464844 0.895833 0.030554 0.034608
0 0.907031 0.892708 0.018773 0.023107
0 0.074219 0.965625 0.021819 0.028356
0 0.342187 0.969792 0.03223 0.036081
0 0.224219 0.983333 0.021161 0.025349