0 0.732812 0.008565 0.019909 0.017131
0 0.936719 0.009235 0.018939 0.018471
0 0.428906 0.011579 0.020058 0.023159
0 0.572656 0.011364 0.02203 0.022729
0 0.603906 0.011326 0.018921 0.022653
0 0.18125 0.016667 0.018161 0.023679
0 0.630469 0.017708 0.021161 0.025349
0 0.141406 0.01875 0.020328 0.024087
0 0.216406 0.021875 0.018773 0.023107
0 0.857812 0.026042 0.025685 0.036465
0 0.847656 0.028125 0.018773 0.023107
0 0.2 0.029167 0.018827 0.023629
0 0.18125 0.032292 0.020801 0.028133
0 0.108594 0.038542 0.030064 0.041337
0 0.205469 0.036458 0.020938 0.027401
0 0.629687 0.042708 0.02827 0.040182
0 0.488281 0.041667 0.025162 0.036319
0 0.371094 0.042708 0.021542 0.027554
0 0.380469 0.042708 0.019683 0.026728
0 0.067187 0.044792 0.022937 0.028155
0 0.150781 0.053125 0.022255 0.033718
0 0.544531 0.054167 0.024928 0.036255
0 0.9125 0.051042 0.021887 0.025097
0 0.200781 0.053125 0.020537 0.027934
0 0.110156 0.05625 0.021161 0.025349
0 0.239844 0.057292 0.022111 0.027748
0 0.029687 0.0625 0.025928 0.037207
0 0.227344 0.061458 0.026763 0.037361
0 0.353125 0.060417 0.019792 0.025321
0 0.127344 0.0625 0.019543 0.023126
0 0.338281 0.071875 0.033976 0.04612
0 0.515625 0.073958 0.035333 0.04922
0 0.382031 0.065625 0.021894 0.026105
0 0.397656 0.063542 0.021161 0.025349
0 0.685156 0.065625 0.021479 0.027243
0 0.620313 0.06875 0.021894 0.026105
0 0.494531 0.079167 0.041002 0.042128
0 0.307812 0.102083 0.034485 0.070857
0 0.625781 0.075 0.018561 0.025359
0 0.548438 0.077083 0.021894 0.026105
0 0.009598 0.082292 0.019197 0.026762
0 0.973437 0.083333 0.019792 0.025321
0 0.655469 0.091667 0.029156 0.039985
0 0.546094 0.091667 0.025574 0.035632
0 0.629687 0.088542 0.019992 0.026974
0 0.119531 0.092708 0.025086 0.031874
0 0.604688 0.090625 0.01971 0.025332
0 0.925781 0.094792 0.022348 0.030658
0 0.16875 0.094792 0.017759 0.024215
0 0.521094 0.095833 0.020422 0.025409
0 0.816406 0.1 0.023718 0.032511
0 0.294531 0.098958 0.018561 0.025359
0 0.903125 0.101042 0.020566 0.026042
0 0.252344 0.10625 0.022977 0.028999
0 0.267188 0.104167 0.021878 0.023148
0 0.530469 0.108333 0.019627 0.024405
0 0.569531 0.116667 0.030263 0.042154
0 0.927344 0.117708 0.028106 0.035108
0 0.035937 0.116667 0.026195 0.032242
0 0.257031 0.114583 0.021131 0.02449
0 0.772656 0.120833 0.019429 0.026567
0 0.822656 0.119792 0.021339 0.026862
0 0.336719 0.13125 0.024291 0.029293
0 0.857031 0.139583 0.03956 0.048966
0 0.0625 0.132292 0.022815 0.027608
0 0.219531 0.132292 0.02203 0.026707
0 0.120313 0.139583 0.02533 0.037326
0 0.757031 0.138542 0.026275 0.033933
0 0.608594 0.138542 0.020551 0.027917
0 0.511719 0.138542 0.018008 0.02309
0 0.273438 0.139583 0.018008 0.02309
0 0.424219 0.142708 0.020811 0.029482
0 0.652344 0.147917 0.026418 0.038362
0 0.238281 0.151042 0.031984 0.043285
0 0.289844 0.154167 0.029793 0.041169
0 0.747656 0.153125 0.027736 0.035553
0 0.728906 0.151042 0.021701 0.028014
0 0.764844 0.159375 0.030575 0.032838
0 0.198437 0.1625 0.024641 0.032044
0 0.333594 0.161458 0.021479 0.027243
0 0.394531 0.165625 0.028993 0.039474
0 0.342187 0.163542 0.020566 0.026042
0 0.921094 0.167708 0.027491 0.033647
0 0.833594 0.171875 0.027488 0.033524
0 0.251563 0.185417 0.040821 0.057216
0 0.446094 0.178125 0.031342 0.046482
0 0.896094 0.171875 0.027663 0.031935
0 0.460938 0.179167 0.018773 0.023107
0 0.199219 0.183333 0.018304 0.026169
0 0.647656 0.186458 0.024319 0.034057
0 0.688281 0.186458 0.023778 0.030992
0 0.605469 0.190625 0.027829 0.038542
0 0.235937 0.189583 0.022758 0.030751
0 0.578125 0.194792 0.035172 0.043004
0 0.876563 0.191667 0.022776 0.032111
0 0.216406 0.2 0.028816 0.049491
0 0.775781 0.19375 0.022883 0.028677
0 0.176563 0.201042 0.02536 0.041944
0 0.83125 0.192708 0.01971 0.025332
0 0.515625 0.194792 0.019925 0.025905
0 0.0625 0.197917 0.018331 0.025253
0 0.735156 0.205208 0.02376 0.035586
0 0.746094 0.201042 0.018773 0.023107
0 0.339062 0.209375 0.021556 0.031475
0 0.714844 0.21875 0.028976 0.053459
0 0.366406 0.217708 0.032185 0.044671
0 0.899219 0.2125 0.027619 0.036364
0 0.009075 0.211458 0.01815 0.026744
0 0.139844 0.210417 0.02032 0.023137
0 0.885938 0.213542 0.021479 0.027243
0 0.492969 0.232292 0.040011 0.050891
0 0.775781 0.238542 0.036936 0.043269
0 0.146094 0.232292 0.017438 0.024063
0 0.566406 0.238542 0.021816 0.032581
0 0.732812 0.251042 0.033038 0.04784
0 0.213281 0.244792 0.023139 0.033697
0 0.292187 0.242708 0.020479 0.026286
0 0.030469 0.244792 0.022393 0.030491
0 0.423438 0.242708 0.017759 0.024215
0 0.169531 0.245833 0.019925 0.025905
0 0.363281 0.248958 0.02325 0.033147
0 0.075781 0.245833 0.018939 0.024442
0 0.142969 0.251042 0.019909 0.025929
0 0.384375 0.255208 0.028277 0.039547
0 0.849219 0.255208 0.021264 0.026134
0 0.134375 0.25625 0.019574 0.023676
0 0.447656 0.257292 0.019638 0.024534
0 0.709375 0.267708 0.028505 0.041724
0 0.006469 0.263542 0.012939 0.024405
0 0.135156 0.267708 0.022758 0.030751
0 0.098437 0.270833 0.01882 0.024173
0 0.389062 0.271875 0.018939 0.024442
0 0.826562 0.278125 0.029385 0.03693
0 0.359375 0.288542 0.027347 0.047101
0 0.203906 0.279167 0.020566 0.026042
0 0.134375 0.279167 0.018756 0.022285
0 0.653906 0.284375 0.01971 0.025332
0 0.127344 0.286458 0.018442 0.024589
0 0.615625 0.303125 0.038379 0.054454
0 0.588281 0.289583 0.023462 0.02542
0 0.9375 0.29375 0.030818 0.038039
0 0.791406 0.297917 0.026575 0.037841
0 0.334375 0.294792 0.017759 0.024215
0 0.46875 0.3 0.022633 0.032689
0 0.184375 0.297917 0.018773 0.023107
0 0.507812 0.301042 0.021701 0.028014
0 0.59375 0.3 0.019792 0.025321
0 0.754687 0.302083 0.019909 0.025929
0 0.25625 0.302083 0.018773 0.023107
0 0.360938 0.3125 0.025009 0.037163
0 0.926562 0.308333 0.021882 0.024105
0 0.828125 0.308333 0.019792 0.025321
0 0.140625 0.315625 0.025246 0.037216
0 0.642188 0.310417 0.018008 0.02309
0 0.421094 0.313542 0.018561 0.025359
0 0.197656 0.316667 0.018876 0.02557
0 0.385937 0.317708 0.022721 0.025884
0 0.432031 0.316667 0.02168 0.028193
0 0.523438 0.317708 0.019714 0.027305
0 0.339062 0.31875 0.018773 0.023107
0 0.88125 0.321875 0.01882 0.024173
0 0.257812 0.326042 0.022551 0.029062
0 0.447656 0.333333 0.021339 0.026862
0 0.2625 0.333333 0.019574 0.023676
0 0.132031 0.338542 0.02168 0.028193
0 0.485156 0.338542 0.022027 0.030978
0 0.814844 0.336458 0.018756 0.022285
0 0.532031 0.342708 0.024586 0.035763
0 0.245312 0.338542 0.01902 0.024748
0 0.68125 0.344792 0.033896 0.037073
0 0.892188 0.34375 0.02684 0.036594
0 0.651563 0.34375 0.023538 0.032216
0 0.754687 0.346875 0.022937 0.028155
0 0.260937 0.346875 0.019683 0.026728
0 0.414844 0.347917 0.020479 0.026286
0 0.0875 0.353125 0.023661 0.028066
0 0.059375 0.355208 0.023782 0.028969
0 0.284375 0.354167 0.019531 0.026042
0 0.396094 0.354167 0.018827 0.023629
0 0.471094 0.360417 0.022717 0.033827
0 0.480469 0.358333 0.019404 0.030301
0 0.886719 0.360417 0.029916 0.034108
0 0.258594 0.371875 0.033117 0.056778
0 0.517188 0.359375 0.020566 0.026042
0 0.547656 0.364583 0.029657 0.037707
0 0.677344 0.360417 0.022017 0.028277
0 0.489844 0.360417 0.021243 0.027194
0 0.855469 0.364583 0.026331 0.037475
0 0.557031 0.360417 0.017759 0.024215
0 0.367188 0.367708 0.023952 0.034149
0 0.624219 0.366667 0.020058 0.027568
0 0.490625 0.367708 0.019178 0.025168
0 0.3125 0.371875 0.020537 0.027934
0 0.971094 0.372917 0.024496 0.029918
0 0.399219 0.370833 0.018939 0.024442
0 0.150781 0.372917 0.023447 0.026119
0 0.142969 0.373958 0.01882 0.024173
0 0.51875 0.373958 0.018008 0.02309
0 0.866406 0.373958 0.023489 0.025902
0 0.446094 0.375 0.017759 0.024215
0 0.528125 0.379167 0.020676 0.026744
0 0.119531 0.391667 0.027129 0.042413
0 0.591406 0.383333 0.021119 0.029767
0 0.79375 0.390625 0.032325 0.040655
0 0.485938 0.388542 0.025636 0.035222
0 0.182812 0.3875 0.019574 0.023676
0 0.042188 0.388542 0.021161 0.025349
0 0.68125 0.388542 0.020697 0.026524
0 0.373437 0.389583 0.020566 0.026042
0 0.416406 0.392708 0.018773 0.023107
0 0.602344 0.394792 0.019119 0.025492
0 0.385937 0.397917 0.017317 0.024011
0 0.085938 0.4 0.020566 0.026042
0 0.674219 0.40625 0.030909 0.041958
0 0.566406 0.403125 0.020811 0.029482
0 0.395313 0.405208 0.025866 0.032394
0 0.617969 0.404167 0.018442 0.024589
0 0.521875 0.417708 0.042648 0.053202
0 0.028906 0.417708 0.025062 0.035457
0 0.375781 0.416667 0.022776 0.032111
0 0.757812 0.414583 0.018999 0.02628
0 0.788281 0.415625 0.018773 0.023107
0 0.15 0.417708 0.022828 0.027821
0 0.8 0.420833 0.018161 0.023679
0 0.667188 0.423958 0.020058 0.027568
0 0.763281 0.422917 0.022937 0.028155
0 0.566406 0.43125 0.032935 0.041248
0 0.6 0.427083 0.019925 0.025905
0 0.965625 0.429167 0.018773 0.023107
0 0.078125 0.430208 0.0197 0.025227
0 0.130469 0.43125 0.021161 0.025349
0 0.20625 0.438542 0.025341 0.035687
0 0.460938 0.439583 0.02309 0.032923
0 0.351562 0.439583 0.019909 0.025929
0 0.332813 0.441667 0.020416 0.025301
0 0.776563 0.444792 0.022883 0.028677
0 0.499219 0.48125 0.04475 0.100152
0 0.445312 0.457292 0.031066 0.045426
0 0.007033 0.45 0.014066 0.023137
0 0.653125 0.451042 0.019585 0.023836
0 0.922656 0.455208 0.026709 0.037161
0 0.120313 0.472917 0.03241 0.058455
0 0.623437 0.460417 0.019693 0.028264
0 0.689063 0.459375 0.01971 0.025332
0 0.361719 0.466667 0.026175 0.03679
0 0.473438 0.465625 0.024988 0.032589
0 0.016406 0.466667 0.026901 0.032323
0 0.159375 0.46875 0.027307 0.037962
0 0.459375 0.4625 0.018756 0.022285
0 0.416406 0.463542 0.018756 0.022285
0 0.178125 0.471875 0.028975 0.038633
0 0.310156 0.471875 0.02897 0.039181
0 0.582031 0.469792 0.027468 0.032673
0 0.333594 0.475 0.027025 0.038878
0 0.220312 0.471875 0.021198 0.026257
0 0.871094 0.479167 0.031286 0.042312
0 0.296875 0.475 0.026281 0.032051
0 0.7125 0.478125 0.029066 0.038755
0 0.897656 0.476042 0.029113 0.034806
0 0.192969 0.48125 0.018939 0.024442
0 0.510938 0.482292 0.018331 0.025253
0 0.308594 0.4875 0.01971 0.025332
0 0.351562 0.489583 0.022346 0.029794
0 0.377344 0.489583 0.021542 0.027554
0 0.396875 0.502083 0.033852 0.040089
0 0.814063 0.5 0.03294 0.032838
0 0.274219 0.498958 0.019627 0.024405
0 0.154688 0.503125 0.021796 0.030069
0 0.564844 0.509375 0.028151 0.040208
0 0.760938 0.508333 0.028035 0.03847
0 0.109375 0.50625 0.019925 0.025905
0 0.049219 0.516667 0.023225 0.044845
0 0.704688 0.507292 0.018773 0.023107
0 0.457031 0.513542 0.021479 0.027243
0 0.28125 0.513542 0.019909 0.025929
0 0.396094 0.515625 0.017658 0.024165
0 0.614062 0.516667 0.018773 0.023107
0 0.916406 0.523958 0.053959 0.043522
0 0.482812 0.521875 0.025905 0.030541
0 0.646094 0.522917 0.02563 0.034173
0 0.133594 0.520833 0.019574 0.023676
0 0.446094 0.544792 0.043282 0.074241
0 0.335156 0.529167 0.022118 0.031853
0 0.319531 0.528125 0.021314 0.02663
0 0.308594 0.529167 0.019415 0.028306
0 0.055469 0.532292 0.02018 0.026907
0 0.021094 0.535417 0.022227 0.031837
0 0.417187 0.534375 0.022143 0.027371
0 0.282031 0.544792 0.030521 0.042319
0 0.385937 0.541667 0.022717 0.033827
0 0.699219 0.539583 0.020811 0.029482
0 0.889062 0.5375 0.018008 0.02309
0 0.23125 0.544792 0.025928 0.037207
0 0.722656 0.539583 0.01902 0.024748
0 0.109375 0.547917 0.021161 0.025349
0 0.946094 0.547917 0.019574 0.023676
0 0.964063 0.552083 0.026376 0.032785
0 0.424219 0.55 0.018008 0.02309
0 0.558594 0.557292 0.03 0.041071
0 0.594531 0.560417 0.032269 0.041979
0 0.903906 0.554167 0.021264 0.026134
0 0.109375 0.555208 0.019574 0.023676
0 0.435156 0.557292 0.02143 0.027648
0 0.640625 0.558333 0.020537 0.027934
0 0.375781 0.561458 0.020328 0.024087
0 0.391406 0.563542 0.021198 0.026257
0 0.676562 0.584375 0.039754 0.065286
0 0.171875 0.563542 0.019792 0.025321
0 0.222656 0.566667 0.021618 0.02791
0 0.175781 0.577083 0.018999 0.02628
0 0.796875 0.58125 0.027465 0.037248
0 0.895312 0.576042 0.020371 0.024457
0 0.865625 0.579167 0.019792 0.025321
0 0.392188 0.579167 0.018008 0.02309
0 0.495312 0.589583 0.031393 0.043528
0 0.586719 0.592708 0.03344 0.046812
0 0.073438 0.592708 0.032185 0.044671
0 0.546094 0.588542 0.023476 0.030208
0 0.654687 0.590625 0.025084 0.031877
0 0.316406 0.597917 0.048034 0.051806
0 0.059375 0.591667 0.020676 0.026744
0 0.628125 0.591667 0.018773 0.023107
0 0.009573 0.596875 0.019146 0.028403
0 0.403125 0.595833 0.0201 0.026364
0 0.703125 0.601042 0.032224 0.041287
0 0.169531 0.6 0.02168 0.028193
0 0.024219 0.603125 0.020479 0.026286
0 0.732812 0.610417 0.036029 0.041454
0 0.465625 0.610417 0.020058 0.027568
0 0.815625 0.609375 0.019543 0.023126
0 0.571875 0.610417 0.018773 0.023107
0 0.639844 0.617708 0.035377 0.04116
0 0.489063 0.6125 0.01733 0.02503
0 0.403125 0.61875 0.027899 0.03912
0 0.910156 0.617708 0.024565 0.029737
0 0.302344 0.617708 0.019792 0.025321
0 0.028125 0.620833 0.023385 0.032449
0 0.814844 0.619792 0.024384 0.02969
0 0.93125 0.61875 0.018773 0.023107
0 0.2625 0.619792 0.019574 0.023676
0 0.532813 0.625 0.028106 0.035108
0 0.550781 0.622917 0.019633 0.024542
0 0.326562 0.627083 0.01998 0.028483
0 0.579688 0.626042 0.025032 0.027341
0 0.595313 0.635417 0.028048 0.036041
0 0.736719 0.635417 0.021198 0.026257
0 0.896875 0.635417 0.019531 0.027421
0 0.325781 0.639583 0.022309 0.032747
0 0.428906 0.638542 0.020328 0.024087
0 0.296875 0.645833 0.027813 0.040001
0 0.364063 0.64375 0.023028 0.030998
0 0.461719 0.641667 0.019543 0.023126
0 0.834375 0.64375 0.020231 0.026656
0 0.270313 0.646875 0.019925 0.025905
0 0.423438 0.654167 0.031938 0.038542
0 0.927344 0.651042 0.031361 0.03394
0 0.019012 0.658333 0.038024 0.052188
0 0.490625 0.657292 0.028556 0.04266
0 0.691406 0.65 0.018008 0.02309
0 0.692187 0.658333 0.021131 0.02449
0 0.357812 0.661458 0.023438 0.03125
0 0.135156 0.66875 0.020416 0.025301
0 0.695312 0.675 0.024586 0.035763
0 0.385156 0.676042 0.021542 0.027554
0 0.625 0.691667 0.031349 0.049053
0 0.446875 0.68125 0.020801 0.028133
0 0.993358 0.680208 0.013284 0.022285
0 0.127344 0.686458 0.033706 0.036814
0 0.846875 0.689583 0.019909 0.025929
0 0.890625 0.689583 0.0201 0.026364
0 0.342969 0.690625 0.021161 0.025349
0 0.955469 0.694792 0.018773 0.023107
0 0.571094 0.695833 0.020328 0.024087
0 0.591406 0.697917 0.019893 0.027596
0 0.814063 0.705208 0.033759 0.040047
0 0.413281 0.707292 0.029481 0.042192
0 0.770312 0.709375 0.034537 0.041032
0 0.5875 0.703125 0.016702 0.023976
0 0.1125 0.705208 0.019627 0.024405
0 0.578906 0.710417 0.018354 0.025228
0 0.433594 0.710417 0.018442 0.024589
0 0.284375 0.715625 0.027637 0.03634
0 0.714063 0.720833 0.039173 0.04402
0 0.40625 0.722917 0.020676 0.026744
0 0.451562 0.723958 0.019627 0.024405
0 0.621094 0.728125 0.027854 0.033377
0 0.669531 0.723958 0.018442 0.024589
0 0.889062 0.727083 0.019574 0.023676
0 0.494531 0.733333 0.029783 0.03634
0 0.052344 0.734375 0.026945 0.031859
0 0.551562 0.735417 0.024463 0.033072
0 0.389844 0.73125 0.018827 0.023629
0 0.654687 0.733333 0.020479 0.026286
0 0.823438 0.732292 0.021479 0.027243
0 0.778906 0.734375 0.020328 0.024087
0 0.542188 0.734375 0.019574 0.023676
0 0.107813 0.7375 0.020046 0.026244
0 0.897656 0.738542 0.02168 0.028193
0 0.971875 0.736458 0.019574 0.023676
0 0.340625 0.739583 0.018029 0.025068
0 0.415625 0.745833 0.030765 0.041495
0 0.957031 0.744792 0.020676 0.026744
0 0.245312 0.748958 0.019733 0.025046
0 0.491406 0.75 0.020938 0.027401
0 0.285938 0.759375 0.027703 0.039899
0 0.366406 0.751042 0.018773 0.023107
0 0.549219 0.755208 0.020456 0.028611
0 0.638281 0.760417 0.026892 0.038633
0 0.658594 0.758333 0.017759 0.024215
0 0.43125 0.769792 0.035837 0.044048
0 0.720313 0.759375 0.021479 0.027243
0 0.064062 0.785417 0.046082 0.071898
0 0.264062 0.763542 0.023988 0.030346
0 0.596094 0.765625 0.022152 0.027355
0 0.684375 0.769792 0.018805 0.027121
0 0.761719 0.776042 0.021701 0.028014
0 0.578125 0.7875 0.031288 0.035493
0 0.642969 0.785417 0.02168 0.028193
0 0.384375 0.7875 0.021259 0.029733
0 0.321875 0.788542 0.020537 0.027934
0 0.247656 0.789583 0.021339 0.026862
0 0.401562 0.788542 0.019733 0.025046
0 0.266406 0.801042 0.039234 0.049089
0 0.411719 0.796875 0.018773 0.023107
0 0.700781 0.8 0.021239 0.025868
0 0.49375 0.80625 0.029385 0.038626
0 0.628906 0.803125 0.023654 0.029634
0 0.791406 0.802083 0.018827 0.023629
0 0.6625 0.807292 0.026621 0.033198
0 0.017969 0.811458 0.025379 0.035044
0 0.510156 0.810417 0.018921 0.024472
0 0.819531 0.810417 0.02143 0.027648
0 0.777344 0.811458 0.02111 0.023724
0 0.11875 0.815625 0.019627 0.024405
0 0.60625 0.820833 0.027615 0.034711
0 0.278125 0.81875 0.020058 0.027568
0 0.621875 0.819792 0.02599 0.029485
0 0.185156 0.819792 0.018161 0.023679
0 0.427344 0.819792 0.018773 0.023107
0 0.614844 0.821875 0.019627 0.024405
0 0.482812 0.830208 0.032474 0.037819
0 0.447656 0.827083 0.021645 0.030804
0 0.383594 0.83125 0.020866 0.030437
0 0.265625 0.8375 0.031901 0.044403
0 0.894531 0.834375 0.02836 0.032447
0 0.775 0.832292 0.019733 0.025046
0 0.215625 0.840625 0.028254 0.038776
0 0.639844 0.842708 0.033071 0.039125
0 0.447656 0.84375 0.039562 0.041305
0 0.107031 0.842708 0.02684 0.038261
0 0.54375 0.842708 0.027382 0.037122
0 0.50625 0.840625 0.023319 0.029672
0 0.390625 0.857292 0.04789 0.06855
0 0.675 0.841667 0.020676 0.026744
0 0.730469 0.845833 0.027522 0.031911
0 0.027344 0.85625 0.036686 0.050023
0 0.302344 0.844792 0.018442 0.024589
0 0.876563 0.852083 0.020231 0.026656
0 0.50625 0.85625 0.023461 0.030231
0 0.889844 0.85625 0.02217 0.02922
0 0.214844 0.860417 0.020697 0.026524
0 0.785937 0.866667 0.027829 0.038542
0 0.719531 0.860417 0.018827 0.023629
0 0.5875 0.86875 0.035676 0.038581
0 0.316406 0.867708 0.021362 0.02664
0 0.451562 0.865625 0.018561 0.025359
0 0.092969 0.870833 0.017759 0.024215
0 0.385156 0.878125 0.025988 0.038451
0 0.239844 0.877083 0.020501 0.032435
0 0.098437 0.88125 0.019574 0.023676
0 0.2625 0.88125 0.020046 0.026244
0 0.429688 0.8875 0.036212 0.038954
0 0.228906 0.884375 0.026574 0.030242
0 0.9 0.883333 0.019574 0.023676
0 0.046094 0.885417 0.019531 0.026042
0 0.464844 0.892708 0.021949 0.026392
0 0.873437 0.9 0.030137 0.037693
0 0.54375 0.903125 0.03675 0.041714
0 0.685156 0.894792 0.018939 0.024442
0 0.267188 0.895833 0.018008 0.02309
0 0.702344 0.897917 0.018939 0.024442
0 0.352344 0.9 0.018442 0.024589
0 0.617969 0.905208 0.026966 0.034781
0 0.764062 0.902083 0.019925 0.025905
0 0.147656 0.904167 0.021264 0.026134
0 0.269531 0.916667 0.030177 0.049171
0 0.51875 0.905208 0.019733 0.025046
0 0.821875 0.908333 0.02679 0.030196
0 0.91875 0.908333 0.018008 0.02309
0 0.339844 0.917708 0.022265 0.039634
0 0.080469 0.914583 0.025424 0.031337
0 0.442969 0.913542 0.020697 0.026524
0 0.635156 0.926042 0.034041 0.048361
0 0.321875 0.920833 0.022227 0.031837
0 0.671875 0.922917 0.038433 0.037062
0 0.760938 0.927083 0.019531 0.026042
0 0.866406 0.934375 0.022883 0.028677
0 0.616406 0.932292 0.018008 0.02309
0 0.227344 0.936458 0.01882 0.024173
0 0.267969 0.936458 0.018773 0.023107
0 0.279687 0.9375 0.018773 0.023107
0 0.16875 0.938542 0.018561 0.025359
0 0.826562 0.940625 0.020341 0.025073
0 0.729688 0.939583 0.018756 0.022285
0 0.857812 0.942708 0.019574 0.023676
0 0.272656 0.946875 0.021162 0.025464
0 0.31875 0.947917 0.020676 0.026744
0 0.566406 0.946875 0.018161 0.023679
0 0.889844 0.947917 0.018442 0.024589
0 0.2625 0.9625 0.018008 0.02309
0 0.866406 0.966667 0.026945 0.031859
0 0.646875 0.96875 0.025935 0.028892
0 0.521875 0.972917 0.02168 0.028193
0 0.825781 0.971875 0.021161 0.025349
0 0.484375 0.983313 0.027279 0.033374
0 0.584375 0.980208 0.018048 0.02325
0 0.621094 0.983333 0.020422 0.025409
0 0.548438 0.983333 0.019638 0.024534
0 0.561719 0.985512 0.030201 0.028976
0 0.661719 0.988351 0.018161 0.023298
0 0.738281 0.988856 0.021618 0.022288
0 0.046875 0.989844 0.020566 0.020313