0 0.014844 0.155208 0.024733 0.030499
0 0.271875 0.158333 0.020371 0.024457
0 0.354687 0.167708 0.019884 0.027361
0 0.2875 0.239583 0.018756 0.022285
0 0.794531 0.267708 0.022519 0.029368
0 0.945312 0.265625 0.019558 0.02407
0 0.815625 0.2875 0.018939 0.024442
0 0.935937 0.322917 0.023432 0.030501
0 0.679688 0.371875 0.023432 0.030501
0 0.757031 0.435417 0.018991 0.026389
0 0.357031 0.470833 0.024291 0.029293
0 0.375 0.501042 0.023476 0.030208
0 0.905469 0.510417 0.024436 0.029089
0 0.438281 0.51875 0.021946 0.026299
0 0.707031 0.521875 0.018939 0.024442
0 0.942969 0.566667 0.018827 0.023629
0 0.485938 0.58125 0.023385 0.032449
0 0.760938 0.58125 0.019768 0.025593
0 0.59375 0.655208 0.020072 0.030358
0 0.5875 0.666667 0.020566 0.026042
0 0.547656 0.742708 0.018161 0.023679
0 0.025781 0.772917 0.022254 0.031093
0 0.399219 0.770833 0.018939 0.024442
0 0.817969 0.790625 0.027753 0.032981
0 0.939063 0.790625 0.019925 0.025905
0 0.641406 0.797917 0.021198 0.026257
0 0.045312 0.822917 0.019534 0.022292
0 0.803906 0.829167 0.022656 0.031302
0 0.879687 0.835417 0.024136 0.031823
0 0.952344 0.847917 0.021362 0.02664
0 0.760156 0.855208 0.021239 0.025868
0 0.119531 0.861458 0.018442 0.024589
0 0.940625 0.863542 0.019909 0.025929
0 0.521875 0.930208 0.02674 0.030964
0 0.299219 0.93125 0.018442 0.024589
0 0.153906 0.979167 0.0223 0.028345