0 0.075781 0.097917 0.018008 0.02309
0 0.141406 0.165625 0.021161 0.025349
0 0.632812 0.190625 0.021247 0.027272
0 0.849219 0.226042 0.019792 0.025321
0 0.719531 0.289583 0.017982 0.022269
0 0.265625 0.302083 0.020479 0.026286
0 0.988281 0.429167 0.021302 0.02814
0 0.438281 0.455208 0.028556 0.04266
0 0.009576 0.636458 0.019152 0.035869
0 0.01108 0.791667 0.022161 0.02875
0 0.015625 0.810417 0.020479 0.026286
0 0.685937 0.8625 0.019925 0.025905
0 0.5 0.882292 0.022883 0.028677
0 0.295312 0.940625 0.019792 0.025321