0 0.582812 0.011269 0.022707 0.022539
0 0.689844 0.015395 0.022717 0.03079
0 0.057813 0.023958 0.022707 0.026328
0 0.614062 0.047917 0.022383 0.029621
0 0.819531 0.065625 0.022707 0.026328
0 0.710156 0.06875 0.020416 0.025301
0 0.1875 0.086458 0.02018 0.026907
0 0.928906 0.11875 0.019972 0.028419
0 0.727344 0.13125 0.020517 0.029536
0 0.325781 0.139583 0.028283 0.030293
0 0.039844 0.152083 0.023475 0.026349
0 0.258594 0.202083 0.021104 0.024098
0 0.975781 0.208333 0.019909 0.025929
0 0.535937 0.270833 0.018756 0.022285
0 0.21875 0.280208 0.021161 0.025349
0 0.680469 0.301042 0.021131 0.02449
0 0.533594 0.315625 0.019401 0.028319
0 0.734375 0.315625 0.025086 0.031874
0 0.086719 0.333333 0.017759 0.024215
0 0.176563 0.339583 0.023287 0.034879
0 0.006265 0.342708 0.012529 0.024457
0 0.515625 0.360417 0.017721 0.025103
0 0.953125 0.434375 0.021252 0.03442
0 0.354687 0.43125 0.019733 0.025046
0 0.039844 0.4375 0.018756 0.022285
0 0.258594 0.532292 0.021508 0.03051
0 0.46875 0.538542 0.027487 0.029578
0 0.788281 0.547917 0.022996 0.028271
0 0.276562 0.553125 0.022758 0.026784
0 0.757031 0.55625 0.019638 0.024534
0 0.535937 0.577083 0.022489 0.033625
0 0.522656 0.583333 0.023093 0.031538
0 0.352344 0.592708 0.02139 0.029072
0 0.883594 0.592708 0.019543 0.023126
0 0.221094 0.597917 0.020328 0.024087
0 0.296875 0.597917 0.019534 0.022292
0 0.323437 0.615625 0.02507 0.027729
0 0.721094 0.615625 0.018939 0.024442
0 0.174219 0.628125 0.018846 0.02378
0 0.258594 0.648958 0.021546 0.027548
0 0.446094 0.672917 0.021239 0.025868
0 0.913281 0.678125 0.023319 0.029672
0 0.267969 0.684375 0.025081 0.035435
0 0.169531 0.69375 0.025062 0.035457
0 0.90625 0.711458 0.020479 0.026286
0 0.988773 0.717708 0.022454 0.032247
0 0.990199 0.753125 0.019602 0.028277
0 0.185156 0.753125 0.021882 0.024105
0 0.024219 0.770833 0.019543 0.023126
0 0.973437 0.823958 0.018991 0.026389
0 0.151562 0.836458 0.024307 0.027625
0 0.754687 0.86875 0.023223 0.035653
0 0.848437 0.919792 0.018561 0.025359
0 0.649219 0.926042 0.020231 0.026656
0 0.245312 0.961458 0.02163 0.033588
0 0.957812 0.989368 0.018846 0.021265