0 0.932031 0.009326 0.021727 0.018651
0 0.276562 0.016667 0.019733 0.025046
0 0.827344 0.017708 0.021999 0.028864
0 0.888281 0.036458 0.028058 0.036928
0 0.05625 0.036458 0.022828 0.027821
0 0.425 0.055208 0.029369 0.035583
0 0.6875 0.080208 0.028062 0.036021
0 0.104688 0.096875 0.038842 0.053357
0 0.801562 0.09375 0.02306 0.029195
0 0.408594 0.095833 0.021999 0.028864
0 0.035937 0.108333 0.02306 0.029195
0 0.0625 0.117708 0.024083 0.030368
0 0.217969 0.138542 0.02479 0.031527
0 0.196875 0.14375 0.026 0.035478
0 0.621875 0.145833 0.03083 0.038882
0 0.599219 0.147917 0.027691 0.037805
0 0.373437 0.157292 0.026724 0.034099
0 0.1625 0.155208 0.0184 0.026183
0 0.175 0.155208 0.019574 0.023676
0 0.865625 0.178125 0.028387 0.035348
0 0.123438 0.201042 0.032763 0.042328
0 0.525 0.192708 0.023607 0.028741
0 0.017188 0.191667 0.018756 0.022285
0 0.367188 0.209375 0.030353 0.039426
0 0.006847 0.207292 0.013693 0.023676
0 0.523438 0.228125 0.024309 0.031325
0 0.00982 0.240625 0.019641 0.029986
0 0.728906 0.242708 0.024291 0.029293
0 0.457813 0.242708 0.020566 0.026042
0 0.032031 0.25 0.021161 0.025349
0 0.182812 0.252083 0.018773 0.023107
0 0.370312 0.265625 0.02864 0.040139
0 0.085156 0.282292 0.028761 0.037014
0 0.330469 0.279167 0.018008 0.02309
0 0.23125 0.28125 0.018756 0.022285
0 0.272656 0.332292 0.021198 0.026257
0 0.94375 0.347917 0.020231 0.026656
0 0.919531 0.351042 0.018756 0.022285
0 0.571875 0.365625 0.020479 0.026286
0 0.463281 0.370833 0.02619 0.036148
0 0.410938 0.370833 0.025905 0.030541
0 0.071875 0.382292 0.022868 0.029857
0 0.934375 0.384375 0.026114 0.032925
0 0.235937 0.391667 0.023874 0.032174
0 0.644531 0.414583 0.030827 0.038244
0 0.264062 0.417708 0.027387 0.036261
0 0.984898 0.439583 0.030204 0.03747
0 0.302344 0.444792 0.023512 0.02835
0 0.064844 0.460417 0.020938 0.027401
0 0.26875 0.482292 0.02886 0.039728
0 0.511719 0.514583 0.02854 0.036758
0 0.980469 0.51875 0.02168 0.028193
0 0.110937 0.526042 0.03332 0.040514
0 0.297656 0.527083 0.019574 0.023676
0 0.446875 0.535417 0.025657 0.034055
0 0.342187 0.548958 0.029026 0.034683
0 0.170313 0.55 0.030086 0.038025
0 0.682813 0.583333 0.022828 0.027821
0 0.617188 0.604167 0.027056 0.034291
0 0.2875 0.628125 0.026657 0.03595
0 0.258594 0.64375 0.033373 0.040759
0 0.4375 0.65625 0.028225 0.038322
0 0.520312 0.686458 0.028514 0.039665
0 0.871875 0.683333 0.026048 0.031808
0 0.675781 0.69375 0.020328 0.024087
0 0.460156 0.721875 0.018827 0.023629
0 0.152344 0.773958 0.022758 0.030751
0 0.621875 0.794792 0.027606 0.040538
0 0.519531 0.789583 0.021999 0.028864
0 0.664844 0.7875 0.018561 0.025359
0 0.370312 0.801042 0.027677 0.039497
0 0.45 0.8 0.019909 0.025929
0 0.326562 0.809375 0.020134 0.027719
0 0.5875 0.816667 0.029457 0.036717
0 0.715625 0.809375 0.020416 0.025301
0 0.951562 0.81875 0.022226 0.031538
0 0.064844 0.834375 0.029507 0.04269
0 0.30625 0.835417 0.026383 0.034189
0 0.871875 0.836458 0.020676 0.026744
0 0.240625 0.8625 0.018561 0.025359
0 0.494531 0.86875 0.03048 0.035434
0 0.779687 0.865625 0.019429 0.026567
0 0.875 0.866667 0.019909 0.025929
0 0.3125 0.886458 0.020328 0.024087
0 0.071875 0.89375 0.018008 0.02309
0 0.739062 0.898958 0.019909 0.025929
0 0.354687 0.902083 0.019893 0.027596
0 0.807031 0.919792 0.026593 0.033416
0 0.224219 0.919792 0.025002 0.031555
0 0.457031 0.923958 0.028748 0.036349
0 0.525 0.925 0.020416 0.025301
0 0.265625 0.95 0.02585 0.031338
0 0.670312 0.953125 0.027829 0.037105
0 0.797656 0.95 0.021618 0.02791
0 0.463281 0.973958 0.023654 0.029634
0 0.014063 0.976042 0.019574 0.023676