0 0.279687 0.08125 0.026621 0.033198
0 0.383594 0.083333 0.021819 0.028356
0 0.252344 0.102083 0.021339 0.026862
0 0.445312 0.107292 0.019638 0.024534
0 0.189062 0.1125 0.025826 0.029329
0 0.409375 0.15625 0.019574 0.023676
0 0.477344 0.165625 0.024039 0.030661
0 0.160938 0.16875 0.019627 0.024405
0 0.527344 0.208333 0.018939 0.024442
0 0.3625 0.216667 0.020328 0.024087
0 0.021875 0.222917 0.021176 0.031534
0 0.20625 0.233333 0.023293 0.029834
0 0.853125 0.244792 0.022758 0.030751
0 0.507812 0.252083 0.018161 0.023679
0 0.485938 0.326042 0.020046 0.026244
0 0.490625 0.344792 0.01971 0.025332
0 0.241406 0.346875 0.021333 0.026872
0 0.73125 0.379167 0.02287 0.028488
0 0.634375 0.3875 0.019909 0.025929
0 0.598437 0.405208 0.01882 0.024173
0 0.154688 0.409375 0.021701 0.028014
0 0.626563 0.415625 0.019574 0.023676
0 0.253906 0.426042 0.021542 0.029952
0 0.607812 0.428125 0.019768 0.025593
0 0.733594 0.436458 0.021339 0.026862
0 0.644531 0.439583 0.021314 0.02663
0 0.469531 0.444792 0.02168 0.028193
0 0.689063 0.469792 0.02563 0.038202
0 0.484375 0.491667 0.018773 0.023107
0 0.784375 0.609375 0.019638 0.024534
0 0.786719 0.627083 0.019178 0.025168
0 0.511719 0.634375 0.018773 0.023107
0 0.208594 0.641667 0.026843 0.034125
0 0.68125 0.645833 0.018773 0.023107
0 0.507812 0.6625 0.018756 0.022285
0 0.747656 0.678125 0.021161 0.025349
0 0.528906 0.689583 0.022971 0.028458
0 0.5 0.741667 0.018773 0.023107
0 0.655469 0.751042 0.018691 0.025445
0 0.639062 0.753125 0.019574 0.023676
0 0.19375 0.755208 0.019693 0.024852
0 0.467969 0.816667 0.02475 0.031228
0 0.846094 0.83125 0.027883 0.03315
0 0.570312 0.841667 0.019119 0.025492
0 0.457031 0.867708 0.026621 0.033198
0 0.407031 0.908333 0.019909 0.025929
0 0.485938 0.9375 0.018773 0.023107
0 0.080469 0.948958 0.018442 0.024589
0 0.307812 0.971875 0.023432 0.030501
0 0.403125 0.980208 0.019768 0.025593