0 0.746875 0.058333 0.018008 0.02309
0 0.48125 0.13125 0.027721 0.048022
0 0.026562 0.14375 0.022129 0.030969
0 0.464844 0.159375 0.01902 0.024748
0 0.461719 0.171875 0.021894 0.026105
0 0.441406 0.175 0.024384 0.02969
0 0.732031 0.214583 0.027422 0.038785
0 0.751563 0.23125 0.026494 0.038028
0 0.364063 0.226042 0.019558 0.02407
0 0.340625 0.263542 0.033727 0.044292
0 0.207813 0.271875 0.031221 0.043235
0 0.690625 0.271875 0.02101 0.028935
0 0.720313 0.275 0.028991 0.032587
0 0.028125 0.275 0.019638 0.024534
0 0.495312 0.340625 0.019446 0.026546
0 0.535937 0.351042 0.019429 0.026567
0 0.067969 0.390625 0.029755 0.037561
0 0.140625 0.492708 0.025211 0.033309
0 0.172656 0.580208 0.020371 0.024457
0 0.860156 0.63125 0.019178 0.025168
0 0.053906 0.655208 0.025345 0.030561
0 0.515625 0.66875 0.028044 0.034063
0 0.902344 0.670833 0.019429 0.026567
0 0.045312 0.678125 0.017982 0.022269
0 0.011196 0.730208 0.022392 0.037696
0 0.808594 0.772917 0.022996 0.028271
0 0.920312 0.773958 0.019501 0.031322
0 0.289062 0.810417 0.028371 0.034763
0 0.614844 0.813542 0.020432 0.028638
0 0.925 0.845833 0.018051 0.025047
0 0.251563 0.888542 0.027271 0.034761
0 0.746875 0.903125 0.035099 0.051587
0 0.452344 0.987274 0.019925 0.025452