0 0.878125 0.153125 0.021161 0.025349
0 0.834375 0.16875 0.018773 0.023107
0 0.56875 0.304167 0.028308 0.031376
0 0.245312 0.326042 0.019012 0.028214
0 0.844531 0.3375 0.021339 0.026862
0 0.54375 0.5 0.019909 0.025929
0 0.407813 0.530208 0.022937 0.028155
0 0.007838 0.557292 0.015676 0.027245
0 0.854688 0.579167 0.02306 0.029195
0 0.73125 0.614583 0.023319 0.029672
0 0.778906 0.651042 0.024897 0.032298
0 0.616406 0.710417 0.018823 0.029183
0 0.545312 0.727083 0.0223 0.033506
0 0.247656 0.776042 0.021362 0.02664
0 0.750781 0.96875 0.022883 0.028677