0 0.625781 0.032292 0.021479 0.027243
0 0.646875 0.064583 0.022883 0.028677
0 0.922656 0.075 0.021999 0.028864
0 0.753906 0.075 0.018939 0.024442
0 0.984348 0.08125 0.031303 0.030908
0 0.076563 0.086458 0.019992 0.026974
0 0.457813 0.091667 0.020579 0.030481
0 0.525781 0.108333 0.018561 0.025359
0 0.84375 0.130208 0.021247 0.027272
0 0.6125 0.1375 0.020058 0.027568
0 0.539062 0.153125 0.023583 0.030562
0 0.44375 0.191667 0.0201 0.026364
0 0.275 0.213542 0.018876 0.02557
0 0.567969 0.227083 0.018561 0.025359
0 0.567187 0.245833 0.023476 0.030208
0 0.641406 0.265625 0.021819 0.028356
0 0.275 0.298958 0.020134 0.027719
0 0.275781 0.316667 0.021239 0.025868
0 0.439844 0.396875 0.018756 0.022285
0 0.475 0.420833 0.023244 0.031704
0 0.689844 0.470833 0.022464 0.028723
0 0.689844 0.505208 0.029233 0.033659
0 0.166406 0.525 0.020328 0.024087
0 0.439844 0.525 0.020328 0.024087
0 0.757812 0.532292 0.019733 0.025046
0 0.910156 0.607292 0.02274 0.033763
0 0.678906 0.615625 0.021618 0.02791
0 0.089063 0.635417 0.019909 0.025929
0 0.839844 0.653125 0.020938 0.027401
0 0.429688 0.666667 0.019792 0.025321
0 0.103125 0.669792 0.025095 0.028633
0 0.8625 0.717708 0.020566 0.026042
0 0.638281 0.757292 0.018773 0.023107
0 0.007484 0.766667 0.014968 0.02628
0 0.983594 0.772917 0.018561 0.025359
0 0.767188 0.791667 0.021405 0.027443
0 0.080469 0.796875 0.021989 0.028877
0 0.284375 0.802083 0.025819 0.026793
0 0.04375 0.813542 0.024736 0.030494
0 0.575 0.815625 0.020801 0.028133
0 0.20625 0.828125 0.018769 0.023116
0 0.448437 0.879167 0.019909 0.025929
0 0.9 0.907292 0.019574 0.023676
0 0.741406 0.916667 0.018939 0.024442
0 0.6375 0.941667 0.023319 0.029672
0 0.252344 0.985753 0.028732 0.028495