0 0.279687 0.03125 0.02365 0.028234
0 0.385156 0.1 0.034316 0.043527
0 0.692969 0.09375 0.020432 0.028638
0 0.471875 0.128125 0.024976 0.033622
0 0.547656 0.146875 0.021339 0.026862
0 0.378906 0.159375 0.017317 0.024011
0 0.615625 0.163542 0.018939 0.024442
0 0.541406 0.170833 0.02663 0.032366
0 0.610156 0.169792 0.02143 0.027648
0 0.614062 0.221875 0.01902 0.024748
0 0.013281 0.232292 0.021887 0.025097
0 0.840625 0.30625 0.025032 0.033377
0 0.264844 0.327083 0.023198 0.034888
0 0.033594 0.335417 0.028453 0.034189
0 0.507031 0.35 0.032269 0.041618
0 0.407031 0.384375 0.01906 0.030247
0 0.582031 0.404167 0.032813 0.039583
0 0.496875 0.404167 0.027172 0.035363
0 0.049219 0.40625 0.022729 0.02728
0 0.3125 0.41875 0.02095 0.027383
0 0.567187 0.469792 0.019558 0.02407
0 0.925 0.485417 0.026918 0.037888
0 0.94375 0.527083 0.022828 0.027821
0 0.032813 0.542708 0.031386 0.031955
0 0.3125 0.542708 0.022828 0.027821
0 0.264062 0.557292 0.028456 0.040931
0 0.704688 0.6125 0.02317 0.029214
0 0.319531 0.627083 0.021161 0.025349
0 0.665625 0.641667 0.019339 0.027372
0 0.807031 0.644792 0.020566 0.026042
0 0.49375 0.696875 0.032412 0.03933
0 0.686719 0.689583 0.021243 0.027194
0 0.920312 0.710417 0.021902 0.027122
0 0.326562 0.730208 0.019714 0.027305
0 0.415625 0.744792 0.031421 0.0387
0 0.275 0.740625 0.0211 0.027734
0 0.7375 0.767708 0.026715 0.032642
0 0.309375 0.788542 0.018939 0.024442
0 0.675781 0.808333 0.029064 0.036668
0 0.3625 0.838542 0.027663 0.036163
0 0.696875 0.839583 0.019195 0.026357
0 0.547656 0.853125 0.025907 0.037687
0 0.888281 0.85 0.022781 0.032106
0 0.285156 0.909375 0.028781 0.039246
0 0.428906 0.922917 0.024162 0.031385