0 0.772656 0.015625 0.018756 0.022285
0 0.804688 0.01875 0.018756 0.022285
0 0.473438 0.060417 0.019633 0.024542
0 0.458594 0.072917 0.017317 0.024011
0 0.169531 0.075 0.02168 0.028193
0 0.317969 0.083333 0.018939 0.024442
0 0.710938 0.086458 0.019909 0.025929
0 0.139063 0.092708 0.023451 0.024539
0 0.35 0.147917 0.01882 0.024173
0 0.188281 0.155208 0.021161 0.025349
0 0.4875 0.179167 0.0201 0.026364
0 0.966406 0.273958 0.024698 0.032251
0 0.683594 0.276042 0.021542 0.027554
0 0.969531 0.282292 0.018756 0.022285
0 0.253125 0.285417 0.019909 0.025929
0 0.195312 0.316667 0.032802 0.049955
0 0.871875 0.311458 0.020566 0.026042
0 0.389062 0.317708 0.019925 0.025905
0 0.086719 0.31875 0.020328 0.024087
0 0.5625 0.433333 0.019792 0.025321
0 0.727344 0.432292 0.02118 0.025185
0 0.965625 0.519792 0.023903 0.032879
0 0.873437 0.545833 0.01875 0.023958
0 0.853906 0.567708 0.019638 0.024534
0 0.432812 0.607292 0.019627 0.024405
0 0.096094 0.645833 0.017982 0.022269
0 0.232031 0.66875 0.021339 0.026862
0 0.428125 0.691667 0.022669 0.026114
0 0.046875 0.7 0.020058 0.027568
0 0.410938 0.708333 0.017438 0.024063
0 0.403125 0.739583 0.023521 0.026804
0 0.866406 0.770833 0.02217 0.02922
0 0.374219 0.783333 0.020566 0.026042
0 0.870313 0.783333 0.018756 0.022285
0 0.464062 0.854167 0.018442 0.024589
0 0.471094 0.875 0.022711 0.029656
0 0.483594 0.878125 0.02143 0.027648
0 0.308594 0.928125 0.021362 0.02664
0 0.677344 0.970833 0.03491 0.0427