0 0.839844 0.147917 0.025541 0.034209
0 0.390625 0.167708 0.025905 0.030541
0 0.714063 0.246875 0.023731 0.033941
0 0.3 0.273958 0.025957 0.03004
0 0.488281 0.357292 0.024384 0.02969
0 0.542969 0.377083 0.024878 0.035954
0 0.254688 0.390625 0.020579 0.030481
0 0.948438 0.397917 0.02929 0.034497
0 0.64375 0.440625 0.024516 0.030178
0 0.930469 0.466667 0.023902 0.03972
0 0.332813 0.502083 0.026357 0.033939
0 0.644531 0.508333 0.019531 0.026042
0 0.829688 0.525 0.025042 0.032134
0 0.615625 0.595833 0.02606 0.030638
0 0.148438 0.642708 0.026195 0.032242
0 0.024219 0.75625 0.019627 0.024405
0 0.984375 0.775 0.022725 0.033819
0 0.330469 0.780208 0.021546 0.027548
0 0.064844 0.817708 0.026107 0.033377
0 0.807813 0.841667 0.027147 0.040307
0 0.064844 0.848958 0.025219 0.029986
0 0.2875 0.91875 0.028962 0.03058
0 0.432031 0.939583 0.02585 0.031338
0 0.885156 0.964583 0.027528 0.030258
0 0.110156 0.982292 0.027328 0.035328
0 0.334375 0.988435 0.02588 0.02313