0 0.5375 0.009541 0.022111 0.019083
0 0.482812 0.053125 0.017759 0.024215
0 0.789844 0.069792 0.01882 0.024173
0 0.442188 0.163542 0.022111 0.027748
0 0.885938 0.189583 0.02692 0.036212
0 0.867188 0.188542 0.019633 0.024542
0 0.859375 0.24375 0.021653 0.030795
0 0.796875 0.251042 0.018442 0.024589
0 0.4875 0.272917 0.018008 0.02309
0 0.839063 0.332292 0.018029 0.025068
0 0.18125 0.354167 0.021112 0.025088
0 0.871094 0.392708 0.022815 0.027608
0 0.195312 0.466667 0.019119 0.025492
0 0.708594 0.488542 0.019627 0.024405
0 0.866406 0.573958 0.019558 0.02407
0 0.425 0.58125 0.021333 0.026872
0 0.777344 0.5875 0.01998 0.028483
0 0.042969 0.60625 0.019071 0.027215
0 0.378906 0.688542 0.026966 0.034781
0 0.477344 0.798958 0.019574 0.023676
0 0.835156 0.848958 0.018354 0.027152
0 0.798438 0.886458 0.018331 0.025253
0 0.439844 0.932292 0.022695 0.02514
0 0.972656 0.955208 0.019627 0.024405
0 0.132812 0.989256 0.018784 0.021489