0 0.4125 0.040625 0.019925 0.025905
0 0.75 0.05625 0.025033 0.034809
0 0.175781 0.072917 0.021161 0.025349
0 0.634375 0.101042 0.024043 0.032841
0 0.138281 0.119792 0.020364 0.024472
0 0.89375 0.126042 0.024381 0.03447
0 0.191406 0.188542 0.021161 0.025349
0 0.900781 0.213542 0.023144 0.03231
0 0.824219 0.259375 0.024733 0.030499
0 0.421875 0.288542 0.020566 0.026042
0 0.128906 0.317708 0.022947 0.027986
0 0.248438 0.322917 0.018773 0.023107
0 0.304688 0.336458 0.02393 0.031906
0 0.339844 0.345833 0.021999 0.028864
0 0.2125 0.361458 0.019909 0.025929
0 0.64375 0.360417 0.018756 0.022285
0 0.894531 0.382292 0.027872 0.033345
0 0.703125 0.391667 0.02664 0.028215
0 0.128906 0.440625 0.018756 0.022285
0 0.670312 0.463542 0.02674 0.030964
0 0.253125 0.464583 0.026195 0.032242
0 0.321875 0.464583 0.018756 0.022285
0 0.232813 0.466667 0.020231 0.026656
0 0.355469 0.515625 0.021479 0.027243
0 0.439844 0.519792 0.025129 0.029733
0 0.265625 0.522917 0.025197 0.031603
0 0.651563 0.532292 0.023503 0.033898
0 0.926562 0.567708 0.023183 0.031878
0 0.525 0.571875 0.022438 0.032662
0 0.361719 0.598958 0.018756 0.022285
0 0.328906 0.652083 0.024319 0.034057
0 0.25 0.745833 0.018773 0.023107
0 0.228125 0.7625 0.025219 0.029986
0 0.628906 0.795833 0.024692 0.030786
0 0.228906 0.826042 0.023368 0.030196
0 0.461719 0.838542 0.024311 0.030345
0 0.454688 0.901042 0.022227 0.031837
0 0.792188 0.907292 0.023293 0.029834
0 0.55625 0.948958 0.019627 0.024405
0 0.784375 0.9625 0.024847 0.031127