0 0.619531 0.011458 0.018756 0.022285
0 0.989489 0.01475 0.021021 0.029501
0 0.110937 0.026042 0.022815 0.027608
0 0.9875 0.025 0.019638 0.024534
0 0.975 0.029167 0.022758 0.030751
0 0.599219 0.041667 0.028606 0.036385
0 0.333594 0.041667 0.020341 0.025073
0 0.290625 0.04375 0.01733 0.02503
0 0.761719 0.059375 0.023654 0.029634
0 0.66875 0.083333 0.020422 0.025409
0 0.422656 0.107292 0.018773 0.023107
0 0.311719 0.111458 0.022464 0.028723
0 0.328906 0.145833 0.021479 0.027243
0 0.461719 0.147917 0.021198 0.026257
0 0.75 0.15625 0.023526 0.033451
0 0.035937 0.160417 0.019792 0.025321
0 0.261719 0.209375 0.022111 0.027748
0 0.207031 0.228125 0.021161 0.025349
0 0.578906 0.235417 0.018939 0.024442
0 0.476562 0.239583 0.023988 0.030346
0 0.045312 0.253125 0.026966 0.033171
0 0.875 0.255208 0.018008 0.02309
0 0.207813 0.270833 0.03084 0.039947
0 0.855469 0.280208 0.021243 0.027194
0 0.616406 0.292708 0.02475 0.031228
0 0.9875 0.304167 0.020058 0.027568
0 0.867188 0.307292 0.018769 0.023116
0 0.411719 0.320833 0.018773 0.023107
0 0.174219 0.333333 0.023447 0.026119
0 0.228906 0.3375 0.022828 0.027821
0 0.417969 0.3375 0.019558 0.02407
0 0.359375 0.344792 0.017438 0.024063
0 0.986712 0.364583 0.026576 0.037719
0 0.178906 0.358333 0.018939 0.024442
0 0.739844 0.366667 0.024291 0.029293
0 0.504687 0.369792 0.028268 0.034657
0 0.577344 0.372917 0.031318 0.037965
0 0.167969 0.36875 0.020328 0.024087
0 0.15 0.395833 0.028198 0.035453
0 0.636719 0.401042 0.031071 0.037922
0 0.7125 0.394792 0.019446 0.026546
0 0.6625 0.4375 0.01971 0.025332
0 0.432031 0.446875 0.024496 0.029918
0 0.013281 0.453125 0.025188 0.032253
0 0.333594 0.461458 0.024508 0.031695
0 0.058594 0.4875 0.025837 0.030331
0 0.571875 0.488542 0.023758 0.031125
0 0.691406 0.502083 0.032269 0.041618
0 0.673438 0.519792 0.024039 0.030661
0 0.319531 0.517708 0.017982 0.022269
0 0.008032 0.530208 0.016064 0.027104
0 0.254688 0.536458 0.024309 0.027699
0 0.578906 0.555208 0.018442 0.024589
0 0.624219 0.569792 0.017759 0.024215
0 0.948438 0.573958 0.022566 0.031762
0 0.707812 0.582292 0.023476 0.030208
0 0.476562 0.594792 0.028481 0.037733
0 0.0625 0.669792 0.025011 0.028174
0 0.730469 0.66875 0.01971 0.025332
0 0.114062 0.673958 0.026848 0.034118
0 0.532031 0.6875 0.030667 0.036811
0 0.225 0.702083 0.030362 0.038669
0 0.346875 0.697917 0.024225 0.030977
0 0.986989 0.7125 0.026022 0.036385
0 0.4625 0.760417 0.030013 0.036347
0 0.176563 0.771875 0.01971 0.025332
0 0.426563 0.777083 0.018921 0.024472
0 0.1 0.791667 0.018773 0.023107
0 0.159375 0.815625 0.025905 0.030541
0 0.304688 0.81875 0.026124 0.031426
0 0.920312 0.830208 0.020801 0.028133
0 0.294531 0.8375 0.02095 0.027383
0 0.449219 0.842708 0.026124 0.031426
0 0.829688 0.844792 0.018846 0.02378
0 0.369531 0.869792 0.024652 0.030465
0 0.185938 0.894792 0.029289 0.036288
0 0.075781 0.89375 0.025611 0.031936
0 0.480469 0.898958 0.021479 0.027243
0 0.435156 0.905208 0.020566 0.026042
0 0.149219 0.911458 0.026376 0.032785
0 0.990318 0.908333 0.019365 0.027554
0 0.724219 0.914583 0.025086 0.031874
0 0.496094 0.927083 0.031002 0.03859
0 0.047656 0.923958 0.024274 0.028304
0 0.31875 0.936458 0.021138 0.034503
0 0.598437 0.952083 0.028634 0.041105
0 0.675 0.983333 0.020441 0.025129