0 0.05 0.088542 0.022729 0.02728
0 0.18125 0.107292 0.023319 0.029672
0 0.720313 0.11875 0.025428 0.03584
0 0.633594 0.148958 0.02274 0.033763
0 0.753125 0.220833 0.026524 0.033859
0 0.265625 0.222917 0.019638 0.024534
0 0.775 0.228125 0.026848 0.034118
0 0.721875 0.29375 0.022971 0.028458
0 0.989052 0.31875 0.021896 0.032134
0 0.851562 0.333333 0.022883 0.028677
0 0.364063 0.408333 0.029442 0.038301
0 0.63125 0.428125 0.023438 0.034009
0 0.28125 0.434375 0.026376 0.032785
0 0.973437 0.435417 0.023192 0.02956
0 0.777344 0.477083 0.0197 0.025227
0 0.953906 0.492708 0.025428 0.03584
0 0.790625 0.488542 0.017759 0.024215
0 0.425 0.55 0.025086 0.031874
0 0.621094 0.623958 0.032582 0.037135
0 0.099219 0.701042 0.024341 0.028597
0 0.885156 0.78125 0.025289 0.031092
0 0.982812 0.807292 0.019992 0.026974
0 0.316406 0.844792 0.030693 0.039203
0 0.35 0.978125 0.023055 0.030355