0 0.540625 0.008194 0.018939 0.016388
0 0.875 0.028125 0.022945 0.029561
0 0.614062 0.041667 0.0201 0.026364
0 0.711719 0.051042 0.020328 0.024087
0 0.607812 0.063542 0.026195 0.032242
0 0.709375 0.06875 0.023597 0.02855
0 0.588281 0.10625 0.021239 0.025868
0 0.639062 0.1125 0.019633 0.024542
0 0.703906 0.127083 0.017658 0.024165
0 0.697656 0.130208 0.018008 0.02309
0 0.549219 0.145833 0.025611 0.031936
0 0.315625 0.158333 0.019925 0.025905
0 0.070312 0.1625 0.019909 0.025929
0 0.346875 0.190625 0.020479 0.026286
0 0.389844 0.205208 0.018442 0.024589
0 0.358594 0.209375 0.021727 0.028969
0 0.015625 0.232292 0.027889 0.043018
0 0.05 0.225 0.022729 0.02728
0 0.480469 0.246875 0.021819 0.028356
0 0.639062 0.271875 0.020676 0.026744
0 0.58125 0.275 0.021887 0.025097
0 0.161719 0.276042 0.018756 0.022285
0 0.00651 0.286458 0.013021 0.025321
0 0.780469 0.298958 0.022729 0.02728
0 0.216406 0.311458 0.025243 0.032454
0 0.860156 0.309375 0.018008 0.02309
0 0.954688 0.336458 0.022309 0.032747
0 0.850781 0.334375 0.018756 0.022285
0 0.850781 0.339583 0.02032 0.023137
0 0.034375 0.353125 0.018999 0.02628
0 0.275 0.35625 0.023438 0.03125
0 0.690625 0.355208 0.01998 0.028483
0 0.1375 0.358333 0.020566 0.026042
0 0.060156 0.3625 0.021727 0.028969
0 0.655469 0.3625 0.018827 0.023629
0 0.564844 0.39375 0.01902 0.024748
0 0.6 0.444792 0.019909 0.025929
0 0.241406 0.446875 0.021202 0.026349
0 0.54375 0.452083 0.028021 0.035684
0 0.254688 0.463542 0.022937 0.028155
0 0.4625 0.465625 0.020551 0.027917
0 0.627344 0.464583 0.021727 0.028969
0 0.852344 0.469792 0.024565 0.029737
0 0.363281 0.491667 0.020551 0.027917
0 0.130469 0.495833 0.024291 0.029293
0 0.416406 0.495833 0.021314 0.02663
0 0.014063 0.510417 0.021243 0.027194
0 0.697656 0.5125 0.021999 0.028864
0 0.977344 0.513542 0.018008 0.02309
0 0.523438 0.517708 0.017759 0.024215
0 0.959375 0.53125 0.023931 0.031351
0 0.550781 0.538542 0.030126 0.041653
0 0.882031 0.53125 0.018939 0.024442
0 0.286719 0.553125 0.018939 0.024442
0 0.215625 0.559375 0.020046 0.026244
0 0.404687 0.565625 0.022111 0.027748
0 0.755469 0.601042 0.018939 0.024442
0 0.039062 0.622917 0.018773 0.023107
0 0.740625 0.641667 0.019909 0.025929
0 0.798438 0.654167 0.020288 0.027694
0 0.275781 0.660417 0.021999 0.028864
0 0.750781 0.66875 0.025086 0.031874
0 0.685156 0.673958 0.020566 0.026042
0 0.867969 0.683333 0.024174 0.037799
0 0.469531 0.692708 0.024557 0.034226
0 0.291406 0.698958 0.022945 0.029561
0 0.883594 0.710417 0.024652 0.030465
0 0.082812 0.732292 0.023026 0.028919
0 0.389844 0.75 0.019178 0.025168
0 0.8375 0.8125 0.019733 0.025046
0 0.525 0.813542 0.018561 0.025359
0 0.192188 0.836458 0.020676 0.026744
0 0.511719 0.857292 0.021239 0.025868
0 0.3 0.866667 0.020371 0.024457
0 0.788281 0.870833 0.018939 0.024442
0 0.710156 0.877083 0.025086 0.031874
0 0.432812 0.882292 0.019543 0.023126
0 0.785156 0.917708 0.018773 0.023107
0 0.120313 0.922917 0.020416 0.025301
0 0.501563 0.930208 0.020479 0.026286
0 0.186719 0.939583 0.021314 0.02663
0 0.305469 0.98125 0.020046 0.026244
0 0.561719 0.988352 0.019574 0.023296