0 0.448437 0.013542 0.019733 0.025046
0 0.273438 0.027083 0.022798 0.02679
0 0.501563 0.027083 0.023492 0.026
0 0.608594 0.04375 0.02032 0.023137
0 0.648438 0.054167 0.020441 0.025129
0 0.594531 0.121875 0.02032 0.023137
0 0.378906 0.126042 0.019574 0.023676
0 0.461719 0.154167 0.019531 0.026042
0 0.7 0.245833 0.018442 0.024589
0 0.321094 0.265625 0.019574 0.023676
0 0.90625 0.291667 0.019627 0.024405
0 0.799219 0.295833 0.018827 0.023629
0 0.014844 0.297917 0.020328 0.024087
0 0.499219 0.366667 0.02197 0.025832
0 0.478906 0.369792 0.021362 0.02664
0 0.0625 0.391667 0.019543 0.023126
0 0.326562 0.394792 0.019627 0.024405
0 0.092969 0.484375 0.02032 0.023137
0 0.265625 0.486458 0.020422 0.025409
0 0.426563 0.486458 0.021131 0.02449
0 0.183594 0.489583 0.021239 0.025868
0 0.41875 0.533333 0.019543 0.023126
0 0.591406 0.544792 0.018827 0.023629
0 0.080469 0.675 0.019543 0.023126
0 0.067187 0.738542 0.021161 0.025349
0 0.532813 0.797917 0.018921 0.024472
0 0.482812 0.886458 0.019627 0.024405
0 0.504687 0.947917 0.018846 0.02378