0 0.45 0.129167 0.028462 0.035784
0 0.814844 0.15 0.026668 0.035936
0 0.280469 0.197917 0.020341 0.025073
0 0.105469 0.254167 0.020566 0.026042
0 0.471875 0.269792 0.019714 0.027305
0 0.285938 0.284375 0.021362 0.02664
0 0.340625 0.303125 0.023026 0.028919
0 0.871875 0.321875 0.020566 0.026042
0 0.797656 0.386458 0.036112 0.034743
0 0.246875 0.385417 0.021978 0.027245
0 0.539844 0.40625 0.019531 0.027421
0 0.108594 0.44375 0.018773 0.023107
0 0.65625 0.492708 0.023778 0.030992
0 0.120313 0.498958 0.029064 0.036668
0 0.485938 0.501042 0.016714 0.025008
0 0.272656 0.55 0.01902 0.024748
0 0.210938 0.590625 0.024332 0.035222
0 0.232813 0.605208 0.028572 0.033436
0 0.446875 0.603125 0.025069 0.027655
0 0.2625 0.617708 0.023402 0.030544
0 0.11875 0.657292 0.021447 0.032454
0 0.702344 0.657292 0.021895 0.034558
0 0.225 0.676042 0.02579 0.028178
0 0.236719 0.703125 0.023716 0.039662
0 0.422656 0.713542 0.021314 0.02663
0 0.79375 0.713542 0.018561 0.025359
0 0.352344 0.719792 0.017317 0.024011
0 0.185156 0.74375 0.019531 0.027421
0 0.163281 0.75 0.022656 0.031302
0 0.3875 0.797917 0.021894 0.026105
0 0.628906 0.852083 0.018008 0.02309
0 0.526563 0.857292 0.017317 0.024011
0 0.860156 0.861458 0.021479 0.027243
0 0.282031 0.919792 0.020147 0.028452
0 0.576562 0.991062 0.018048 0.017875