0 0.867188 0.046875 0.023244 0.031704
0 0.311719 0.10625 0.025248 0.033897
0 0.440625 0.109375 0.021999 0.028864
0 0.627344 0.142708 0.021701 0.028014
0 0.110156 0.1625 0.020566 0.026042
0 0.6125 0.25 0.020697 0.026524
0 0.834375 0.2625 0.023461 0.030231
0 0.76875 0.296875 0.019574 0.023676
0 0.342969 0.359375 0.018756 0.022285
0 0.199219 0.370833 0.021989 0.028877
0 0.527344 0.372917 0.020046 0.026244
0 0.764844 0.383333 0.0197 0.025227
0 0.842969 0.389583 0.024516 0.030178
0 0.757812 0.394792 0.019909 0.025929
0 0.417969 0.403125 0.022418 0.029062
0 0.752344 0.410417 0.021989 0.028877
0 0.1875 0.432292 0.019909 0.025929
0 0.013281 0.440625 0.025838 0.032623
0 0.66875 0.440625 0.023476 0.030208
0 0.154688 0.491667 0.031447 0.03511
0 0.596094 0.495833 0.026033 0.036819
0 0.145313 0.529167 0.023305 0.034861
0 0.64375 0.55 0.023385 0.032449
0 0.300781 0.601042 0.021804 0.02852
0 0.475 0.616667 0.024309 0.031325
0 0.241406 0.640625 0.020566 0.026042
0 0.080469 0.65625 0.020328 0.024087
0 0.757812 0.66875 0.018773 0.023107
0 0.621094 0.686458 0.021479 0.027243
0 0.680469 0.7 0.024463 0.033072
0 0.91875 0.7 0.023476 0.030208
0 0.290625 0.703125 0.022937 0.028155
0 0.354687 0.721875 0.022995 0.032052
0 0.335938 0.735417 0.022937 0.028155
0 0.535937 0.770833 0.029625 0.0353
0 0.358594 0.772917 0.021362 0.02664
0 0.304688 0.783333 0.025718 0.036075
0 0.735938 0.823958 0.018769 0.023116
0 0.466406 0.844792 0.019429 0.026567
0 0.383594 0.866667 0.021701 0.028014
0 0.082812 0.884375 0.023992 0.032586
0 0.946094 0.936458 0.021788 0.030078
0 0.952344 0.946875 0.023444 0.025108
0 0.647656 0.988097 0.021999 0.023807