0 0.520312 0.084375 0.056536 0.070993
0 0.659375 0.061458 0.019574 0.023676
0 0.540625 0.065625 0.018354 0.025228
0 0.553906 0.095833 0.017759 0.024215
0 0.342187 0.097917 0.019909 0.025929
0 0.864062 0.138542 0.020046 0.026244
0 0.782031 0.148958 0.018876 0.02557
0 0.984375 0.152083 0.018773 0.023107
0 0.147656 0.183333 0.045377 0.050802
0 0.761719 0.178125 0.01902 0.024748
0 0.892188 0.18125 0.020566 0.026042
0 0.385937 0.188542 0.022495 0.030475
0 0.728125 0.19375 0.024481 0.03562
0 0.246094 0.203125 0.033413 0.047198
0 0.357031 0.208333 0.041835 0.057476
0 0.375781 0.202083 0.019592 0.025156
0 0.826562 0.20625 0.019119 0.025492
0 0.385156 0.230208 0.032821 0.052093
0 0.930469 0.222917 0.01892 0.026267
0 0.192969 0.233333 0.035354 0.037541
0 0.163281 0.244792 0.025018 0.030234
0 0.792188 0.270833 0.019768 0.025593
0 0.397656 0.311458 0.041407 0.056326
0 0.228125 0.295833 0.022861 0.027439
0 0.134375 0.296875 0.020441 0.025129
0 0.454688 0.307292 0.035055 0.042917
0 0.809375 0.327083 0.022682 0.035432
0 0.377344 0.326042 0.020537 0.027934
0 0.019544 0.354167 0.039088 0.072657
0 0.423438 0.334375 0.020328 0.024087
0 0.367188 0.342708 0.023259 0.032779
0 0.353906 0.346875 0.019574 0.023676
0 0.335938 0.366667 0.030003 0.038521
0 0.461719 0.375 0.047447 0.057924
0 0.271875 0.375 0.018876 0.02557
0 0.704688 0.420833 0.043763 0.041739
0 0.821875 0.419792 0.019574 0.023676
0 0.451562 0.428125 0.023227 0.029506
0 0.888281 0.428125 0.021796 0.02989
0 0.515625 0.442708 0.018354 0.025228
0 0.148438 0.45625 0.023583 0.030562
0 0.625 0.46875 0.018442 0.024589
0 0.940625 0.476042 0.023778 0.030992
0 0.927344 0.473958 0.018161 0.023679
0 0.899219 0.478125 0.021479 0.027243
0 0.292969 0.486458 0.019613 0.024433
0 0.597656 0.502083 0.021038 0.029672
0 0.122656 0.502083 0.021161 0.025349
0 0.670312 0.523958 0.032619 0.043268
0 0.173437 0.519792 0.025957 0.03004
0 0.077344 0.523958 0.025727 0.032655
0 0.557813 0.521875 0.016714 0.025008
0 0.504687 0.527083 0.0184 0.026183
0 0.522656 0.526042 0.018939 0.024442
0 0.6 0.526042 0.017658 0.024165
0 0.413281 0.534375 0.020209 0.029396
0 0.799219 0.536458 0.021542 0.029952
0 0.361719 0.539583 0.02111 0.023724
0 0.901563 0.544792 0.019178 0.025168
0 0.438281 0.547917 0.019627 0.024405
0 0.2375 0.547917 0.020416 0.025301
0 0.521094 0.5625 0.024286 0.037007
0 0.615625 0.560417 0.019909 0.025929
0 0.230469 0.563542 0.021239 0.025868
0 0.371094 0.570833 0.031318 0.037965
0 0.390625 0.567708 0.024274 0.028304
0 0.226562 0.571875 0.018773 0.023107
0 0.580469 0.575 0.021198 0.026257
0 0.807813 0.578125 0.020341 0.025073
0 0.969531 0.585417 0.021999 0.028864
0 0.314844 0.5875 0.019543 0.023126
0 0.384375 0.588542 0.021128 0.024499
0 0.646094 0.588542 0.018096 0.024127
0 0.508594 0.589583 0.018773 0.023107
0 0.46875 0.590625 0.017721 0.025103
0 0.622656 0.592708 0.018048 0.02325
0 0.536719 0.6 0.018827 0.023629
0 0.446875 0.602083 0.019627 0.024405
0 0.510938 0.625 0.042485 0.067324
0 0.495312 0.605208 0.017835 0.025128
0 0.214062 0.611458 0.020416 0.025301
0 0.305469 0.6125 0.018991 0.026389
0 0.601562 0.625 0.023738 0.032853
0 0.413281 0.622917 0.018052 0.026078
0 0.389844 0.634375 0.032877 0.048044
0 0.298438 0.625 0.019681 0.02538
0 0.180469 0.636458 0.035544 0.045217
0 0.216406 0.629167 0.022325 0.028159
0 0.909375 0.63125 0.022006 0.030167
0 0.050781 0.633333 0.026075 0.034418
0 0.375781 0.641667 0.023878 0.029636
0 0.613281 0.640625 0.019446 0.026546
0 0.204687 0.647917 0.021996 0.031379
0 0.276562 0.648958 0.022711 0.029656
0 0.569531 0.646875 0.018773 0.023107
0 0.786719 0.651042 0.018939 0.024442
0 0.317969 0.652083 0.019733 0.025046
0 0.496875 0.664583 0.018805 0.027121
0 0.339062 0.677083 0.028693 0.037829
0 0.366406 0.672917 0.019681 0.02538
0 0.355469 0.673958 0.019558 0.02407
0 0.645312 0.683333 0.032078 0.041497
0 0.375781 0.677083 0.018827 0.023629
0 0.472656 0.678125 0.018029 0.025068
0 0.260937 0.68125 0.01902 0.024748
0 0.535937 0.691667 0.035434 0.046981
0 0.324219 0.6875 0.02389 0.029491
0 0.601562 0.691667 0.01998 0.028483
0 0.945312 0.697917 0.029222 0.039412
0 0.479687 0.695833 0.021997 0.034434
0 0.699219 0.691667 0.021978 0.027245
0 0.724219 0.696875 0.026 0.035478
0 0.346875 0.697917 0.024742 0.035777
0 0.424219 0.69375 0.019531 0.026042
0 0.169531 0.696875 0.020479 0.026286
0 0.586719 0.697917 0.019623 0.027154
0 0.414062 0.7 0.018331 0.025253
0 0.188281 0.70625 0.022254 0.02805
0 0.690625 0.713542 0.022566 0.031762
0 0.590625 0.7125 0.019925 0.025905
0 0.227344 0.719792 0.024679 0.030191
0 0.721875 0.723958 0.023878 0.029636
0 0.248438 0.721875 0.018939 0.024442
0 0.121094 0.728125 0.018769 0.023116
0 0.342187 0.730208 0.027347 0.026133
0 0.178906 0.738542 0.019792 0.025321
0 0.597656 0.740625 0.024079 0.030374
0 0.382812 0.740625 0.018939 0.024442
0 0.560156 0.74375 0.017301 0.024027
0 0.379688 0.75 0.028572 0.033436
0 0.61875 0.744792 0.018442 0.024589
0 0.428906 0.75625 0.020416 0.025301
0 0.45 0.769792 0.039834 0.053671
0 0.180469 0.757292 0.018161 0.023679
0 0.582812 0.761458 0.018991 0.026389
0 0.333594 0.763542 0.022675 0.024528
0 0.467969 0.767708 0.019531 0.026042
0 0.495312 0.767708 0.017759 0.024215
0 0.216406 0.772917 0.025014 0.029203
0 0.410938 0.776042 0.029127 0.03849
0 0.6375 0.777083 0.026089 0.035063
0 0.469531 0.773958 0.020566 0.026042
0 0.760156 0.773958 0.018827 0.023629
0 0.23125 0.775 0.017301 0.024027
0 0.760156 0.780208 0.022675 0.024528
0 0.723437 0.782292 0.019627 0.024405
0 0.345313 0.786458 0.020566 0.026042
0 0.638281 0.789583 0.019733 0.025046
0 0.278125 0.790625 0.017969 0.025
0 0.667969 0.790625 0.020479 0.026286
0 0.400781 0.792708 0.020314 0.022296
0 0.127344 0.797917 0.019558 0.02407
0 0.521875 0.801042 0.018939 0.024442
0 0.638281 0.803125 0.01733 0.02503
0 0.825 0.810417 0.034424 0.035674
0 0.807031 0.811458 0.028964 0.036785
0 0.923438 0.808333 0.02306 0.029195
0 0.173437 0.811458 0.017317 0.024011
0 0.576562 0.835417 0.045851 0.055211
0 0.557813 0.827083 0.018773 0.023107
0 0.935156 0.828125 0.017438 0.024063
0 0.152344 0.839583 0.025288 0.039956
0 0.382812 0.835417 0.020479 0.026286
0 0.240625 0.845833 0.022731 0.02736
0 0.827344 0.845833 0.018331 0.025253
0 0.925781 0.848958 0.023771 0.032677
0 0.197656 0.846875 0.018442 0.024589
0 0.725 0.858333 0.019574 0.023676
0 0.269531 0.860417 0.019543 0.023126
0 0.328125 0.863542 0.020341 0.025073
0 0.596875 0.870833 0.028495 0.03856
0 0.697656 0.871875 0.018561 0.025359
0 0.569531 0.873958 0.01902 0.024748
0 0.261719 0.876042 0.01875 0.022917
0 0.236719 0.877083 0.018939 0.024442
0 0.371875 0.877083 0.017301 0.024027
0 0.96875 0.880208 0.019683 0.026728
0 0.363281 0.88125 0.019638 0.024534
0 0.667969 0.880208 0.017982 0.022269
0 0.707812 0.883333 0.019893 0.027596
0 0.535156 0.886458 0.018773 0.023107
0 0.170313 0.888542 0.017317 0.024011
0 0.41875 0.894792 0.016702 0.023976
0 0.125 0.9 0.026577 0.031276
0 0.719531 0.896875 0.017438 0.024063
0 0.258594 0.904167 0.019531 0.027421
0 0.666406 0.90625 0.017438 0.024063
0 0.894531 0.908333 0.020479 0.026286
0 0.991017 0.909375 0.017966 0.030501
0 0.675 0.913542 0.02461 0.03379
0 0.741406 0.9125 0.022995 0.03066
0 0.225781 0.916667 0.025638 0.033235
0 0.316406 0.915625 0.021259 0.029733
0 0.699219 0.916667 0.018773 0.023107
0 0.09375 0.933333 0.037154 0.048286
0 0.21875 0.930208 0.027753 0.034375
0 0.497656 0.927083 0.018939 0.024442
0 0.558594 0.940625 0.021989 0.028877
0 0.299219 0.94375 0.021978 0.027245
0 0.753125 0.94375 0.025219 0.029986
0 0.189844 0.95 0.024011 0.034285
0 0.679688 0.959375 0.03022 0.037662
0 0.049219 0.955208 0.018773 0.023107
0 0.64375 0.955208 0.018773 0.023107
0 0.120313 0.95625 0.018442 0.024589
0 0.417969 0.959375 0.01875 0.023958
0 0.376563 0.977083 0.024706 0.039753
0 0.457813 0.973958 0.022858 0.027444
0 0.939063 0.982292 0.019178 0.025168
0 0.291406 0.988277 0.016702 0.023446
0 0.009769 0.989569 0.019538 0.020861