0 0.6125 0.089583 0.022758 0.030751
0 0.39375 0.102083 0.02143 0.027648
0 0.728906 0.177083 0.026175 0.03679
0 0.189844 0.182292 0.019909 0.025929
0 0.835938 0.310417 0.022995 0.032052
0 0.808594 0.334375 0.02545 0.035034
0 0.6625 0.379167 0.02732 0.035414
0 0.455469 0.388542 0.021339 0.026862
0 0.20625 0.455208 0.027349 0.034246
0 0.121094 0.458333 0.02585 0.031338
0 0.330469 0.476042 0.01971 0.025332
0 0.707812 0.48125 0.022828 0.027821
0 0.015625 0.544792 0.030157 0.038995
0 0.495312 0.55 0.023661 0.032628
0 0.185156 0.767708 0.029183 0.034247