0 0.103906 0.017708 0.027371 0.033966
0 0.926562 0.030208 0.019574 0.023676
0 0.46875 0.0375 0.020801 0.028133
0 0.377344 0.079167 0.02198 0.027324
0 0.94375 0.079167 0.020676 0.026744
0 0.064844 0.085417 0.020422 0.025409
0 0.603906 0.09375 0.018008 0.02309
0 0.635156 0.095833 0.020328 0.024087
0 0.282031 0.1125 0.026175 0.03679
0 0.3875 0.120833 0.026 0.030914
0 0.015625 0.128125 0.025249 0.036187
0 0.259375 0.120833 0.018827 0.023629
0 0.479687 0.123958 0.021978 0.027245
0 0.353906 0.142708 0.02742 0.034417
0 0.527344 0.139583 0.022625 0.029341
0 0.305469 0.175 0.031318 0.037965
0 0.572656 0.175 0.018939 0.024442
0 0.672656 0.182292 0.021479 0.027243
0 0.503125 0.233333 0.03358 0.042654
0 0.314063 0.252083 0.029289 0.036288
0 0.045312 0.258333 0.023385 0.032449
0 0.479687 0.26875 0.02095 0.027383
0 0.439063 0.297917 0.01971 0.025332
0 0.2625 0.305208 0.027422 0.038785
0 0.383594 0.3 0.020046 0.026244
0 0.164062 0.30625 0.028606 0.036385
0 0.714844 0.307292 0.02829 0.035646
0 0.436719 0.3125 0.026575 0.037841
0 0.021875 0.321875 0.02317 0.029214
0 0.594531 0.328125 0.023952 0.034149
0 0.216406 0.370833 0.021161 0.025349
0 0.492969 0.391667 0.021542 0.029952
0 0.890625 0.394792 0.019543 0.023126
0 0.841406 0.404167 0.027444 0.031564
0 0.289844 0.409375 0.027621 0.034701
0 0.682813 0.411458 0.023319 0.029672
0 0.8125 0.41875 0.019909 0.025929
0 0.800781 0.464583 0.028186 0.036371
0 0.666406 0.463542 0.018008 0.02309
0 0.121875 0.469792 0.023654 0.029634
0 0.239063 0.470833 0.023026 0.028919
0 0.253906 0.509375 0.028164 0.03455
0 0.439844 0.507292 0.018048 0.02325
0 0.780469 0.508333 0.021701 0.028014
0 0.674219 0.528125 0.021362 0.02664
0 0.135937 0.541667 0.019792 0.025321
0 0.725 0.555208 0.020134 0.027719
0 0.591406 0.627083 0.030253 0.042444
0 0.098437 0.623958 0.027013 0.034554
0 0.017969 0.63125 0.021339 0.026862
0 0.205469 0.632292 0.019574 0.023676
0 0.947656 0.645833 0.018827 0.023629
0 0.124219 0.65625 0.025124 0.02956
0 0.285156 0.665625 0.027624 0.03239
0 0.789844 0.697917 0.026341 0.03252
0 0.095312 0.73125 0.02732 0.035414
0 0.10625 0.748958 0.024384 0.02969
0 0.80625 0.745833 0.018827 0.023629
0 0.5125 0.760417 0.028598 0.034664
0 0.308594 0.761458 0.020566 0.026042
0 0.534375 0.801042 0.019925 0.025905
0 0.411719 0.835417 0.02032 0.023137
0 0.097656 0.839583 0.024565 0.029737
0 0.124219 0.866667 0.025043 0.028321
0 0.886719 0.872917 0.021479 0.027243
0 0.728125 0.885417 0.027787 0.032649
0 0.557813 0.904167 0.028574 0.037444
0 0.232813 0.935417 0.022861 0.027439
0 0.467969 0.938542 0.022729 0.02728
0 0.747656 0.942708 0.025875 0.034086
0 0.907813 0.969792 0.025215 0.032495
0 0.91875 0.983333 0.0201 0.026364
0 0.576562 0.985417 0.020537 0.027934