0 0.228125 0.00786 0.018773 0.01572
0 0.296875 0.09375 0.023607 0.028741
0 0.892969 0.10625 0.021796 0.02989
0 0.291406 0.14375 0.033175 0.042368
0 0.25 0.167708 0.018939 0.024442
0 0.849219 0.180208 0.021198 0.026257
0 0.374219 0.198958 0.02143 0.027648
0 0.15 0.23125 0.01875 0.023958
0 0.453906 0.2375 0.021259 0.028345
0 0.210156 0.240625 0.020456 0.028611
0 0.296875 0.244792 0.018773 0.023107
0 0.699219 0.25625 0.021339 0.026862
0 0.882812 0.275 0.032446 0.046654
0 0.515625 0.296875 0.019925 0.025905
0 0.196094 0.322917 0.019429 0.026567
0 0.190625 0.330208 0.017317 0.024011
0 0.648438 0.332292 0.019057 0.027229
0 0.775781 0.35625 0.022216 0.029845
0 0.649219 0.364583 0.026836 0.031511
0 0.367188 0.371875 0.022376 0.031057
0 0.419531 0.458333 0.018939 0.024442
0 0.289844 0.548958 0.019558 0.02407
0 0.350781 0.59375 0.019178 0.025168
0 0.413281 0.613542 0.028103 0.045127
0 0.479687 0.646875 0.02095 0.027383
0 0.305469 0.68125 0.019119 0.025492
0 0.526563 0.727083 0.019909 0.025929
0 0.301563 0.794792 0.018846 0.02378
0 0.309375 0.798958 0.021362 0.02664
0 0.142187 0.854167 0.019792 0.025321
0 0.389062 0.895833 0.026491 0.032644
0 0.298438 0.909375 0.019531 0.025
0 0.770312 0.917708 0.020509 0.025821
0 0.610938 0.945833 0.039292 0.047478
0 0.303125 0.967708 0.017317 0.024011
0 0.349219 0.984819 0.027576 0.030362
0 0.369531 0.987727 0.028178 0.024547
0 0.380469 0.988484 0.021878 0.023033