0 0.5625 0.015346 0.024492 0.030693
0 0.704688 0.055208 0.01971 0.025332
0 0.232813 0.077083 0.020479 0.026286
0 0.755469 0.1125 0.024847 0.031127
0 0.921875 0.222917 0.020697 0.026524
0 0.624219 0.234375 0.028021 0.035684
0 0.499219 0.283333 0.027196 0.036515
0 0.335156 0.4 0.018939 0.024442
0 0.410938 0.430208 0.019531 0.026042
0 0.436719 0.486458 0.024463 0.033072
0 0.142187 0.602083 0.018756 0.022285
0 0.8 0.629167 0.023964 0.032621
0 0.025 0.655208 0.022111 0.027748
0 0.196875 0.686458 0.020566 0.026042
0 0.223438 0.697917 0.023432 0.030501
0 0.634375 0.696875 0.022729 0.02728
0 0.577344 0.75625 0.029863 0.034842
0 0.609375 0.778125 0.028281 0.035401
0 0.151562 0.794792 0.025086 0.031874
0 0.879687 0.791667 0.022669 0.026114
0 0.453906 0.895833 0.025248 0.033897
0 0.991902 0.896875 0.016197 0.027596
0 0.88125 0.917708 0.021259 0.029733
0 0.141406 0.923958 0.021989 0.028877
0 0.532031 0.961458 0.024584 0.031012