0 0.603125 0.104167 0.024736 0.034375
0 0.06875 0.198958 0.029559 0.038963
0 0.297656 0.204167 0.021198 0.026257
0 0.052344 0.221875 0.020441 0.025129
0 0.409375 0.232292 0.020697 0.026524
0 0.160156 0.234375 0.019531 0.026042
0 0.039844 0.248958 0.025243 0.032454
0 0.157031 0.295833 0.023451 0.027139
0 0.535156 0.307292 0.028273 0.03195
0 0.148438 0.317708 0.019574 0.023676
0 0.0625 0.582292 0.020479 0.026286
0 0.709375 0.604167 0.019893 0.027596
0 0.857031 0.628125 0.018442 0.024589
0 0.163281 0.664583 0.023505 0.034935
0 0.297656 0.707292 0.028058 0.036928
0 0.229687 0.705208 0.021247 0.027272
0 0.072656 0.777083 0.027678 0.033246
0 0.361719 0.785417 0.023781 0.034173
0 0.640625 0.822917 0.025058 0.034018
0 0.780469 0.825 0.025047 0.032127
0 0.467969 0.833333 0.024255 0.035228
0 0.390625 0.848958 0.020422 0.025409
0 0.729688 0.973958 0.024433 0.03275