0 0.857031 0.008421 0.021161 0.016841
0 0.964063 0.009565 0.019574 0.01913
0 0.422656 0.01875 0.021915 0.02956
0 0.876563 0.055208 0.023026 0.028919
0 0.582812 0.067708 0.019925 0.025905
0 0.7875 0.070833 0.018773 0.023107
0 0.309375 0.085417 0.024496 0.029918
0 0.708594 0.1 0.01971 0.025332
0 0.895312 0.10625 0.019574 0.023676
0 0.617969 0.120833 0.02168 0.028193
0 0.221094 0.145833 0.024424 0.037634
0 0.663281 0.146875 0.018008 0.02309
0 0.914062 0.157292 0.029031 0.031982
0 0.425781 0.169792 0.02834 0.035716
0 0.7125 0.170833 0.018921 0.024472
0 0.445312 0.208333 0.02095 0.027383
0 0.680469 0.214583 0.021819 0.028356
0 0.28125 0.225 0.024377 0.029518
0 0.846094 0.229167 0.027883 0.036135
0 0.200781 0.245833 0.020566 0.026042
0 0.702344 0.248958 0.018773 0.023107
0 0.199219 0.284375 0.027279 0.037581
0 0.967969 0.283333 0.026608 0.034667
0 0.442188 0.283333 0.023293 0.029834
0 0.627344 0.290625 0.022911 0.031609
0 0.808594 0.301042 0.021243 0.027194
0 0.53125 0.313542 0.022883 0.028677
0 0.288281 0.325 0.030431 0.043746
0 0.720313 0.323958 0.023103 0.02886
0 0.711719 0.351042 0.022393 0.030491
0 0.773438 0.354167 0.020046 0.026244
0 0.447656 0.35625 0.0197 0.025227
0 0.136719 0.3625 0.023718 0.029015
0 0.452344 0.373958 0.024837 0.032478
0 0.98125 0.372917 0.019119 0.025492
0 0.845313 0.372917 0.019633 0.024542
0 0.649219 0.378125 0.019531 0.027421
0 0.760156 0.379167 0.021264 0.026134
0 0.449219 0.409375 0.023344 0.031678
0 0.438281 0.417708 0.021648 0.029332
0 0.645312 0.422917 0.021243 0.027194
0 0.988814 0.429167 0.022373 0.032833
0 0.425 0.432292 0.020697 0.026524
0 0.711719 0.444792 0.018773 0.023107
0 0.082812 0.459375 0.024079 0.030374
0 0.334375 0.466667 0.023456 0.028163
0 0.483594 0.467708 0.018773 0.023107
0 0.380469 0.472917 0.021479 0.027243
0 0.385156 0.522917 0.018876 0.02557
0 0.598437 0.533333 0.031318 0.037965
0 0.008989 0.527083 0.017978 0.023116
0 0.841406 0.536458 0.027854 0.040734
0 0.938281 0.540625 0.028906 0.037105
0 0.807031 0.539583 0.018008 0.02309
0 0.888281 0.564583 0.0197 0.025227
0 0.50625 0.570833 0.025032 0.034809
0 0.680469 0.573958 0.021618 0.02791
0 0.753125 0.591667 0.020566 0.026042
0 0.557031 0.6125 0.022129 0.030969
0 0.878125 0.625 0.023476 0.030208
0 0.460938 0.635417 0.023026 0.028919
0 0.195312 0.641667 0.024377 0.029518
0 0.567187 0.673958 0.026637 0.034626
0 0.440625 0.676042 0.026048 0.031808
0 0.535937 0.678125 0.016719 0.026046
0 0.633594 0.696875 0.031429 0.039921
0 0.012211 0.703125 0.024422 0.033849
0 0.684375 0.727083 0.022937 0.028155
0 0.338281 0.753125 0.020566 0.026042
0 0.825781 0.76875 0.017759 0.024215
0 0.273438 0.779167 0.018939 0.024442
0 0.823438 0.80625 0.029422 0.03426
0 0.469531 0.808333 0.024847 0.031127
0 0.90625 0.816667 0.021727 0.028969
0 0.633594 0.845833 0.02217 0.02922
0 0.875781 0.854167 0.02886 0.039728
0 0.721094 0.86875 0.030739 0.036168
0 0.5 0.871875 0.018939 0.024442
0 0.854688 0.879167 0.024162 0.031385
0 0.598437 0.891667 0.023319 0.029672
0 0.129688 0.901042 0.028944 0.032402
0 0.871094 0.913542 0.023503 0.033898
0 0.907813 0.911458 0.019792 0.025321
0 0.792969 0.958333 0.026417 0.045989
0 0.659375 0.984136 0.027056 0.031729
0 0.425781 0.987934 0.021161 0.024133