0 0.095312 0.011127 0.019574 0.022255
0 0.946875 0.015625 0.020676 0.026744
0 0.378125 0.017708 0.023878 0.029636
0 0.4375 0.021875 0.018827 0.023629
0 0.821875 0.022917 0.020676 0.026744
0 0.164062 0.022917 0.018756 0.022285
0 0.4375 0.029167 0.018773 0.023107
0 0.382031 0.042708 0.02143 0.027648
0 0.755469 0.046875 0.01892 0.026267
0 0.842187 0.058333 0.028179 0.033453
0 0.3 0.064583 0.019638 0.024534
0 0.403125 0.070833 0.02317 0.029214
0 0.3625 0.070833 0.018331 0.025253
0 0.232813 0.071875 0.01971 0.025332
0 0.202344 0.079167 0.021239 0.025868
0 0.246094 0.082292 0.025248 0.033897
0 0.672656 0.084375 0.018773 0.023107
0 0.428906 0.091667 0.021894 0.026105
0 0.759375 0.092708 0.021701 0.028014
0 0.249219 0.098958 0.024564 0.030774
0 0.554688 0.103125 0.018008 0.02309
0 0.725781 0.105208 0.021339 0.026862
0 0.219531 0.107292 0.019574 0.023676
0 0.542969 0.108333 0.018331 0.025253
0 0.574219 0.110417 0.019627 0.024405
0 0.764062 0.109375 0.020566 0.026042
0 0.704688 0.116667 0.020676 0.026744
0 0.111719 0.120833 0.026642 0.029619
0 0.532031 0.128125 0.021989 0.028877
0 0.221875 0.1375 0.020676 0.026744
0 0.30625 0.1375 0.018029 0.025068
0 0.090625 0.140625 0.019247 0.026491
0 0.788281 0.14375 0.024291 0.029293
0 0.529687 0.157292 0.019429 0.026567
0 0.395313 0.158333 0.019909 0.025929
0 0.622656 0.160417 0.021198 0.026257
0 0.679688 0.163542 0.018939 0.024442
0 0.183594 0.182292 0.025273 0.030852
0 0.46875 0.180208 0.019627 0.024405
0 0.019531 0.188542 0.023556 0.02766
0 0.701562 0.207292 0.019733 0.025046
0 0.503125 0.208333 0.01882 0.024173
0 0.407813 0.211458 0.017759 0.024215
0 0.679688 0.2125 0.019733 0.025046
0 0.070312 0.21875 0.026416 0.034181
0 0.503125 0.220833 0.025642 0.035177
0 0.439844 0.240625 0.027597 0.033767
0 0.783594 0.244792 0.025215 0.032495
0 0.611719 0.245833 0.023234 0.02937
0 0.017969 0.248958 0.018008 0.02309
0 0.659375 0.269792 0.02168 0.028193
0 0.339844 0.275 0.021796 0.030069
0 0.385937 0.283333 0.020046 0.026244
0 0.880469 0.289583 0.018331 0.025253
0 0.442188 0.317708 0.028951 0.029675
0 0.053906 0.317708 0.018124 0.023544
0 0.803906 0.339583 0.030477 0.027389
0 0.376563 0.354167 0.021038 0.029672
0 0.352344 0.355208 0.021339 0.026862
0 0.872656 0.35625 0.024535 0.029481
0 0.263281 0.364583 0.019627 0.024405
0 0.982031 0.371875 0.018561 0.025359
0 0.146094 0.379167 0.02838 0.035433
0 0.357031 0.388542 0.028506 0.035084
0 0.523438 0.384375 0.019638 0.024534
0 0.566406 0.386458 0.020416 0.025301
0 0.472656 0.395833 0.021648 0.029332
0 0.853906 0.408333 0.021161 0.025349
0 0.894531 0.425 0.024564 0.030774
0 0.508594 0.43125 0.02168 0.028193
0 0.461719 0.4375 0.021112 0.025088
0 0.872656 0.436458 0.018161 0.023679
0 0.579688 0.44375 0.0201 0.026364
0 0.695312 0.457292 0.027465 0.03254
0 0.875781 0.46875 0.022758 0.030751
0 0.365625 0.46875 0.019574 0.023676
0 0.267188 0.478125 0.025892 0.035279
0 0.720313 0.48125 0.026755 0.038726
0 0.43125 0.495833 0.023476 0.030208
0 0.854688 0.494792 0.018442 0.024589
0 0.475781 0.503125 0.018846 0.027254
0 0.403125 0.511458 0.03081 0.03572
0 0.88125 0.5125 0.018773 0.023107
0 0.863281 0.523958 0.028105 0.038475
0 0.807813 0.526042 0.02625 0.033969
0 0.875 0.527083 0.02276 0.031984
0 0.791406 0.525 0.018008 0.02309
0 0.538281 0.530208 0.018827 0.023629
0 0.828125 0.535417 0.025081 0.035982
0 0.366406 0.54375 0.028222 0.039025
0 0.25 0.551042 0.026848 0.034118
0 0.349219 0.552083 0.018939 0.024442
0 0.88125 0.588542 0.020046 0.026244
0 0.129688 0.604167 0.026417 0.045989
0 0.595313 0.596875 0.019627 0.024405
0 0.472656 0.598958 0.021479 0.027243
0 0.155469 0.598958 0.018773 0.023107
0 0.784375 0.609375 0.020566 0.026042
0 0.201563 0.617708 0.019558 0.02407
0 0.574219 0.61875 0.021479 0.027243
0 0.792969 0.63125 0.024938 0.031451
0 0.684375 0.646875 0.025011 0.028174
0 0.201563 0.647917 0.021978 0.027245
0 0.194531 0.663542 0.022111 0.027748
0 0.961719 0.666667 0.021542 0.027554
0 0.59375 0.671875 0.022128 0.030307
0 0.175781 0.673958 0.021339 0.026862
0 0.578125 0.676042 0.018939 0.024442
0 0.735938 0.689583 0.020416 0.025301
0 0.870313 0.694792 0.024039 0.030661
0 0.517188 0.697917 0.019733 0.025046
0 0.783594 0.711458 0.025249 0.036187
0 0.539844 0.730208 0.021479 0.027243
0 0.559375 0.739583 0.024241 0.025176
0 0.517969 0.746875 0.019574 0.023676
0 0.24375 0.754167 0.01971 0.025332
0 0.517188 0.7625 0.026657 0.03595
0 0.926562 0.772917 0.036113 0.051136
0 0.586719 0.76875 0.028005 0.034371
0 0.749219 0.766667 0.018939 0.024442
0 0.773438 0.778125 0.023319 0.029672
0 0.241406 0.786458 0.024584 0.031012
0 0.172656 0.786458 0.018773 0.023107
0 0.607031 0.794792 0.022861 0.027439
0 0.154688 0.807292 0.020416 0.025301
0 0.942969 0.811458 0.024394 0.028127
0 0.808594 0.828125 0.031666 0.041124
0 0.503906 0.840625 0.024565 0.029737
0 0.05625 0.845833 0.023529 0.026601
0 0.713281 0.854167 0.026159 0.03105
0 0.228125 0.855208 0.020566 0.026042
0 0.024219 0.863542 0.018756 0.022285
0 0.821094 0.878125 0.024459 0.028776
0 0.795312 0.886458 0.01971 0.025332
0 0.895312 0.903125 0.02336 0.033114
0 0.74375 0.909375 0.021881 0.024108
0 0.517188 0.915625 0.024652 0.030465
0 0.185938 0.917708 0.023796 0.029832
0 0.146094 0.920833 0.025345 0.030561
0 0.196875 0.921875 0.020422 0.025409
0 0.271094 0.922917 0.022047 0.026945
0 0.060937 0.930208 0.019627 0.024405
0 0.80625 0.932292 0.019925 0.025905
0 0.639062 0.942708 0.018846 0.02378
0 0.728906 0.954167 0.018442 0.024589
0 0.228906 0.967708 0.027569 0.039906
0 0.272656 0.973958 0.023592 0.027503
0 0.378906 0.977083 0.022996 0.028271
0 0.014063 0.989481 0.020422 0.021038