0 0.385937 0.032292 0.024381 0.03447
0 0.41875 0.078125 0.022689 0.025403
0 0.405469 0.122917 0.02393 0.031906
0 0.895312 0.127083 0.020676 0.026744
0 0.657031 0.139583 0.018561 0.025359
0 0.948438 0.141667 0.019909 0.025929
0 0.2125 0.147917 0.023718 0.029015
0 0.782813 0.146875 0.019429 0.026567
0 0.725 0.153125 0.019574 0.023676
0 0.255469 0.19375 0.018921 0.024472
0 0.839844 0.202083 0.025348 0.03196
0 0.317188 0.205208 0.022128 0.030307
0 0.228125 0.214583 0.024211 0.032811
0 0.108594 0.230208 0.018827 0.023629
0 0.423438 0.2375 0.019925 0.025905
0 0.791406 0.242708 0.02426 0.027326
0 0.21875 0.254167 0.019909 0.025929
0 0.064062 0.282292 0.019925 0.025905
0 0.238281 0.351042 0.024436 0.029089
0 0.120313 0.370833 0.02389 0.029491
0 0.1375 0.384375 0.021978 0.027245
0 0.511719 0.427083 0.02426 0.027326
0 0.872656 0.4375 0.017759 0.024215
0 0.467187 0.454167 0.020801 0.028133
0 0.53125 0.478125 0.018827 0.023629
0 0.575 0.482292 0.022937 0.028155
0 0.098437 0.495833 0.019574 0.023676
0 0.53125 0.503125 0.023476 0.030208
0 0.401562 0.509375 0.02317 0.029214
0 0.369531 0.526042 0.021727 0.028969
0 0.491406 0.538542 0.023456 0.028163
0 0.666406 0.541667 0.024229 0.024547
0 0.55625 0.548958 0.019733 0.025046
0 0.078906 0.575 0.01882 0.024173
0 0.878125 0.578125 0.019445 0.029302
0 0.322656 0.577083 0.019574 0.023676
0 0.424219 0.580208 0.021618 0.02791
0 0.086719 0.580208 0.020371 0.024457
0 0.133594 0.584375 0.024652 0.030465
0 0.624219 0.594792 0.018939 0.024442
0 0.115625 0.6125 0.02588 0.029593
0 0.670312 0.645833 0.023654 0.030791
0 0.778125 0.658333 0.019925 0.025905
0 0.136719 0.66875 0.021989 0.028877
0 0.876563 0.755208 0.019909 0.025929
0 0.410938 0.7625 0.019445 0.029302
0 0.923438 0.778125 0.019909 0.025929
0 0.00963 0.83125 0.019261 0.028776
0 0.467187 0.83125 0.019893 0.027596
0 0.326562 0.85625 0.020676 0.026744
0 0.500781 0.85625 0.018008 0.02309
0 0.1625 0.922917 0.020801 0.028133
0 0.816406 0.932292 0.020479 0.026286
0 0.500781 0.939583 0.019768 0.025593
0 0.304688 0.951042 0.021546 0.027548
0 0.178906 0.955208 0.022099 0.027768
0 0.905469 0.961458 0.018756 0.022285
0 0.821875 0.982292 0.022883 0.028677