0 0.735938 0.019792 0.020479 0.026286
0 0.55625 0.01875 0.019574 0.023676
0 0.273438 0.103125 0.018008 0.02309
0 0.833594 0.146875 0.018442 0.024589
0 0.753125 0.233333 0.018773 0.023107
0 0.767188 0.271875 0.019543 0.023126
0 0.209375 0.302083 0.02563 0.034173
0 0.366406 0.335417 0.021819 0.028356
0 0.670312 0.3375 0.020627 0.027503
0 0.74375 0.344792 0.019792 0.025321
0 0.728125 0.395833 0.022937 0.028155
0 0.717969 0.510417 0.021161 0.025349
0 0.114844 0.539583 0.021239 0.025868
0 0.752344 0.567708 0.021819 0.028356
0 0.504687 0.591667 0.025088 0.031317
0 0.390625 0.6 0.026061 0.032032
0 0.346875 0.601042 0.023293 0.029834
0 0.884375 0.601042 0.023583 0.030562
0 0.739062 0.601042 0.019627 0.024405
0 0.632812 0.644792 0.020811 0.029482
0 0.048438 0.720833 0.024043 0.032841
0 0.53125 0.788542 0.026757 0.035038
0 0.18125 0.817708 0.019627 0.024405
0 0.660937 0.927083 0.023227 0.029506
0 0.469531 0.934375 0.021479 0.027243
0 0.213281 0.938542 0.022495 0.030475
0 0.66875 0.948958 0.020789 0.026845