0 0.729688 0.04375 0.019792 0.025321
0 0.065625 0.054167 0.026195 0.032242
0 0.821875 0.058333 0.024189 0.033584
0 0.911719 0.061458 0.027816 0.035248
0 0.426563 0.070833 0.025379 0.035044
0 0.075 0.070833 0.026663 0.030571
0 0.371875 0.09375 0.020058 0.027568
0 0.244531 0.1 0.02168 0.028193
0 0.720313 0.109375 0.020676 0.026744
0 0.051562 0.121875 0.028651 0.034173
0 0.598437 0.126042 0.022995 0.032052
0 0.144531 0.144792 0.027299 0.03813
0 0.005907 0.18125 0.011813 0.024442
0 0.628125 0.190625 0.025957 0.03004
0 0.346875 0.2 0.020676 0.026744
0 0.789062 0.202083 0.026376 0.032785
0 0.339844 0.266667 0.022489 0.033625
0 0.189062 0.280208 0.025424 0.031337
0 0.232031 0.279167 0.019627 0.024405
0 0.28125 0.2875 0.026986 0.036683
0 0.548438 0.320833 0.03055 0.037138
0 0.804688 0.345833 0.027027 0.036869
0 0.578906 0.4 0.030911 0.037472
0 0.334375 0.4 0.022828 0.027821
0 0.317969 0.416667 0.020801 0.028133
0 0.113281 0.448958 0.027648 0.034893
0 0.722656 0.525 0.021819 0.028356
0 0.034375 0.5375 0.022438 0.032662
0 0.685937 0.60625 0.020566 0.026042
0 0.284375 0.635417 0.024847 0.031127
0 0.135156 0.694792 0.02306 0.029195
0 0.983594 0.708333 0.022828 0.030437
0 0.485938 0.780208 0.023878 0.029636
0 0.107031 0.78125 0.021727 0.028969
0 0.835938 0.805208 0.027672 0.036151
0 0.127344 0.810417 0.022883 0.028677
0 0.934375 0.8125 0.022937 0.028155
0 0.176563 0.8375 0.021894 0.026105
0 0.888281 0.842708 0.021915 0.02956
0 0.75 0.860417 0.023319 0.029672
0 0.172656 0.875 0.024291 0.029293
0 0.610156 0.925 0.024359 0.033115
0 0.008967 0.928125 0.017933 0.02852
0 0.732812 0.934375 0.026637 0.037182
0 0.560156 0.975 0.028215 0.035868
0 0.43125 0.979167 0.019531 0.027421
0 0.978906 0.984375 0.02475 0.031228