0 0.123438 0.041667 0.020339 0.023705
0 0.154688 0.04375 0.019792 0.025321
0 0.46875 0.065625 0.022856 0.029993
0 0.36875 0.083333 0.019792 0.025321
0 0.217188 0.175 0.02077 0.027051
0 0.273438 0.203125 0.025984 0.029621
0 0.15 0.221875 0.022947 0.027986
0 0.959375 0.230208 0.019832 0.026443
0 0.576562 0.319792 0.019768 0.025593
0 0.590625 0.472917 0.019531 0.027421
0 0.214062 0.538542 0.019792 0.025321
0 0.677344 0.558333 0.018939 0.024442
0 0.702344 0.751042 0.021796 0.02989
0 0.585938 0.754167 0.019733 0.025046
0 0.675 0.758333 0.020566 0.026042