0 0.372656 0.008897 0.018008 0.017795
0 0.382812 0.110417 0.023476 0.030208
0 0.899219 0.19375 0.027605 0.033962
0 0.347656 0.241667 0.024982 0.033615
0 0.194531 0.248958 0.022731 0.029504
0 0.099219 0.254167 0.02525 0.032349
0 0.569531 0.260417 0.021618 0.02791
0 0.841406 0.333333 0.021202 0.026349
0 0.295312 0.348958 0.026299 0.033348
0 0.678125 0.366667 0.018048 0.02325
0 0.242969 0.473958 0.026 0.030914
0 0.170313 0.675 0.020789 0.026845
0 0.422656 0.691667 0.021479 0.027243
0 0.832031 0.710417 0.024194 0.031024
0 0.907031 0.927083 0.022227 0.031837