0 0.782031 0.008377 0.018008 0.016753
0 0.05625 0.034375 0.020566 0.026042
0 0.403906 0.060417 0.021161 0.025349
0 0.7875 0.064583 0.019792 0.025321
0 0.322656 0.073958 0.025002 0.031555
0 0.964844 0.072917 0.021701 0.028014
0 0.03125 0.109375 0.025815 0.028335
0 0.45 0.116667 0.019574 0.023676
0 0.58125 0.120833 0.018008 0.02309
0 0.653906 0.122917 0.017438 0.024063
0 0.678906 0.130208 0.021239 0.025868
0 0.578125 0.208333 0.019627 0.024405
0 0.063281 0.234375 0.019531 0.026042
0 0.980469 0.252083 0.025322 0.03032
0 0.275 0.344792 0.019531 0.027421
0 0.273438 0.353125 0.019574 0.023676
0 0.394531 0.420833 0.020566 0.026042
0 0.730469 0.427083 0.017317 0.024011
0 0.758594 0.428125 0.018331 0.025253
0 0.253125 0.4375 0.020046 0.026244
0 0.464062 0.444792 0.02365 0.028234
0 0.125781 0.457292 0.018756 0.022285
0 0.494531 0.504167 0.017759 0.024215
0 0.302344 0.50625 0.01902 0.024748
0 0.122656 0.523958 0.031348 0.036732
0 0.827344 0.536458 0.022815 0.027608
0 0.923438 0.547917 0.020058 0.027568
0 0.383594 0.638542 0.018008 0.02309
0 0.430469 0.669792 0.021804 0.02852
0 0.603906 0.679167 0.021618 0.02791
0 0.139063 0.7 0.020551 0.027917
0 0.658594 0.730208 0.020551 0.027917
0 0.559375 0.73125 0.022861 0.027439
0 0.705469 0.734375 0.021314 0.02663
0 0.311719 0.782292 0.021701 0.028014
0 0.940625 0.794792 0.020058 0.027568
0 0.9 0.8125 0.019893 0.027596
0 0.7125 0.816667 0.019909 0.025929
0 0.789844 0.830208 0.021243 0.027194
0 0.320312 0.845833 0.019638 0.024534
0 0.979688 0.867708 0.019574 0.023676