0 0.148438 0.282292 0.025706 0.036613
0 0.642969 0.289583 0.021999 0.028864
0 0.3875 0.304167 0.022937 0.028155
0 0.088281 0.36875 0.020328 0.024087
0 0.465625 0.495833 0.020046 0.026244
0 0.285938 0.602083 0.020676 0.026744
0 0.345313 0.623958 0.023778 0.030992
0 0.410938 0.652083 0.022729 0.02728
0 0.953125 0.672917 0.022861 0.027439
0 0.419531 0.730208 0.021259 0.029733
0 0.071094 0.740625 0.018773 0.023107
0 0.154688 0.792708 0.026724 0.034099
0 0.050781 0.842708 0.021804 0.02852
0 0.535156 0.867708 0.029228 0.035147
0 0.902344 0.8875 0.02143 0.027648
0 0.297656 0.948958 0.021701 0.028014
0 0.188281 0.972917 0.030733 0.036002