0 0.248438 0.009738 0.018756 0.019476
0 0.592969 0.010464 0.018773 0.020929
0 0.622656 0.017195 0.026979 0.03439
0 0.514844 0.013542 0.018161 0.023679
0 0.416406 0.019792 0.025424 0.031337
0 0.648438 0.021875 0.022758 0.030751
0 0.692187 0.025 0.02325 0.033147
0 0.20625 0.030208 0.032546 0.038932
0 0.080469 0.032292 0.022883 0.028677
0 0.186719 0.036458 0.023597 0.02855
0 0.646094 0.039583 0.018052 0.026078
0 0.303906 0.051042 0.020058 0.027568
0 0.34375 0.051042 0.019574 0.023676
0 0.376563 0.060417 0.031425 0.034375
0 0.146094 0.055208 0.017438 0.024063
0 0.086719 0.06875 0.031318 0.037965
0 0.773438 0.063542 0.022111 0.027748
0 0.188281 0.065625 0.021339 0.026862
0 0.355469 0.06875 0.028449 0.032782
0 0.44375 0.066667 0.018773 0.023107
0 0.807031 0.079167 0.027905 0.034571
0 0.829688 0.079167 0.023438 0.034009
0 0.985156 0.097917 0.028106 0.035108
0 0.535156 0.094792 0.018029 0.025068
0 0.755469 0.107292 0.029008 0.031068
0 0.407031 0.109375 0.022169 0.033669
0 0.025 0.122917 0.029425 0.041796
0 0.852344 0.126042 0.02376 0.035586
0 0.454688 0.127083 0.023026 0.028919
0 0.75625 0.148958 0.023385 0.032449
0 0.084375 0.153125 0.029435 0.036442
0 0.745313 0.152083 0.018787 0.026105
0 0.228906 0.158333 0.027965 0.034071
0 0.646094 0.153125 0.018161 0.023679
0 0.29375 0.157292 0.019733 0.025046
0 0.636719 0.164583 0.023216 0.033951
0 0.428906 0.160417 0.018827 0.023629
0 0.542969 0.172917 0.025032 0.034809
0 0.575 0.170833 0.023227 0.029506
0 0.971875 0.173958 0.020551 0.027917
0 0.171094 0.180208 0.03014 0.03652
0 0.5125 0.2 0.027141 0.034876
0 0.489844 0.213542 0.023026 0.028919
0 0.74375 0.213542 0.019531 0.026042
0 0.798438 0.225 0.025685 0.036465
0 0.339844 0.242708 0.031719 0.052525
0 0.614844 0.233333 0.026571 0.034874
0 0.707812 0.235417 0.027946 0.040076
0 0.828906 0.246875 0.026862 0.034014
0 0.034375 0.266667 0.030229 0.062702
0 0.080469 0.251042 0.02139 0.029072
0 0.765625 0.261458 0.020676 0.026744
0 0.778906 0.276042 0.025343 0.032814
0 0.096875 0.285417 0.031385 0.047453
0 0.1875 0.288542 0.021162 0.025464
0 0.760938 0.288542 0.021131 0.02449
0 0.083594 0.301042 0.02784 0.046039
0 0.845313 0.291667 0.019574 0.023676
0 0.329688 0.3 0.020566 0.026042
0 0.85 0.310417 0.025394 0.035366
0 0.035937 0.309375 0.017337 0.025026
0 0.349219 0.319792 0.031551 0.045206
0 0.696875 0.317708 0.019638 0.024534
0 0.455469 0.332292 0.034046 0.041459
0 0.792188 0.328125 0.022883 0.028677
0 0.529687 0.332292 0.022756 0.02825
0 0.622656 0.33125 0.021264 0.026134
0 0.584375 0.348958 0.022883 0.028677
0 0.342187 0.358333 0.032604 0.045455
0 0.775781 0.355208 0.02486 0.031
0 0.879687 0.361458 0.019992 0.026974
0 0.821094 0.371875 0.025249 0.036187
0 0.526563 0.384375 0.022856 0.029993
0 0.938281 0.401042 0.023951 0.036884
0 0.024219 0.416667 0.028212 0.070838
0 0.866406 0.396875 0.020566 0.026042
0 0.528906 0.403125 0.021314 0.02663
0 0.88125 0.407292 0.025718 0.036075
0 0.379688 0.40625 0.019792 0.025321
0 0.594531 0.405208 0.018008 0.02309
0 0.563281 0.408333 0.021105 0.028403
0 0.895312 0.416667 0.022169 0.033669
0 0.776563 0.423958 0.030362 0.038669
0 0.7 0.427083 0.02847 0.044488
0 0.160938 0.429167 0.025938 0.031646
0 0.945312 0.435417 0.02095 0.027383
0 0.282813 0.444792 0.024447 0.033091
0 0.671094 0.444792 0.018773 0.023107
0 0.520312 0.453125 0.026061 0.032032
0 0.780469 0.467708 0.047122 0.051674
0 0.382031 0.459375 0.019574 0.023676
0 0.183594 0.48125 0.018331 0.025253
0 0.5125 0.4875 0.029895 0.035977
0 0.080469 0.488542 0.021362 0.02664
0 0.430469 0.4875 0.019627 0.024405
0 0.457813 0.496875 0.031043 0.039512
0 0.677344 0.494792 0.027965 0.034071
0 0.360156 0.491667 0.018827 0.023629
0 0.916406 0.497917 0.02434 0.033657
0 0.730469 0.496875 0.022152 0.027355
0 0.251563 0.496875 0.020412 0.025429
0 0.839844 0.507292 0.031906 0.03972
0 0.949219 0.5125 0.03278 0.04026
0 0.810156 0.514583 0.027912 0.039544
0 0.903125 0.517708 0.028919 0.047925
0 0.628906 0.517708 0.021701 0.028014
0 0.213281 0.517708 0.021339 0.026862
0 0.664062 0.517708 0.020566 0.026042
0 0.492969 0.530208 0.031323 0.034623
0 0.703906 0.536458 0.018773 0.023107
0 0.395313 0.54375 0.021701 0.028014
0 0.603906 0.546875 0.021819 0.028356
0 0.540625 0.545833 0.018008 0.02309
0 0.978125 0.551042 0.023786 0.032659
0 0.489844 0.552083 0.019638 0.024534
0 0.875 0.557292 0.027164 0.038103
0 0.658594 0.559375 0.018939 0.024442
0 0.521875 0.570833 0.031678 0.045213
0 0.610156 0.564583 0.02377 0.034186
0 0.085156 0.563542 0.019574 0.023676
0 0.361719 0.577083 0.029159 0.036033
0 0.88125 0.572917 0.018773 0.023107
0 0.749219 0.586458 0.030917 0.048743
0 0.539844 0.584375 0.018008 0.02309
0 0.223438 0.59375 0.019925 0.025905
0 0.5 0.605208 0.025899 0.036038
0 0.653125 0.607292 0.017301 0.024027
0 0.292969 0.6125 0.018561 0.025359
0 0.95625 0.617708 0.023183 0.031878
0 0.128125 0.61875 0.020288 0.027694
0 0.011719 0.623958 0.018939 0.024442
0 0.936719 0.633333 0.024652 0.030465
0 0.065625 0.640625 0.026963 0.035543
0 0.257812 0.642708 0.025685 0.036465
0 0.086719 0.64375 0.024496 0.029918
0 0.4875 0.645833 0.019925 0.025905
0 0.39375 0.654167 0.020341 0.025073
0 0.053125 0.659375 0.020134 0.027719
0 0.780469 0.664583 0.027696 0.037411
0 0.160156 0.660417 0.018939 0.024442
0 0.339062 0.68125 0.03089 0.043204
0 0.690625 0.68125 0.028181 0.039371
0 0.024219 0.683333 0.02996 0.04112
0 0.646094 0.685417 0.02217 0.02922
0 0.425781 0.690625 0.018756 0.022285
0 0.353125 0.698958 0.030911 0.037472
0 0.892969 0.698958 0.02499 0.034586
0 0.407031 0.698958 0.021119 0.029767
0 0.646094 0.716667 0.023103 0.02886
0 0.315625 0.728125 0.02168 0.028193
0 0.803125 0.732292 0.02727 0.03899
0 0.285156 0.735417 0.027491 0.033647
0 0.452344 0.7375 0.029211 0.037291
0 0.210938 0.745833 0.031952 0.046375
0 0.070312 0.748958 0.020801 0.028133
0 0.521875 0.770833 0.029093 0.037526
0 0.928906 0.771875 0.021915 0.02956
0 0.057031 0.772917 0.022254 0.02805
0 0.676562 0.778125 0.019429 0.026567
0 0.653906 0.784375 0.027615 0.034711
0 0.176563 0.7875 0.0299 0.037009
0 0.45625 0.7875 0.018773 0.023107
0 0.271094 0.794792 0.021989 0.028877
0 0.099219 0.805208 0.018691 0.025445
0 0.146875 0.805208 0.018939 0.024442
0 0.528125 0.819792 0.023988 0.030346
0 0.78125 0.821875 0.02545 0.035034
0 0.203906 0.832292 0.021198 0.026257
0 0.786719 0.85 0.021999 0.028864
0 0.2625 0.858333 0.02934 0.037198
0 0.216406 0.866667 0.031589 0.039039
0 0.708594 0.863542 0.023462 0.02919
0 0.110156 0.870833 0.029352 0.035353
0 0.607031 0.870833 0.027797 0.032539
0 0.41875 0.886458 0.020046 0.026244
0 0.130469 0.891667 0.021727 0.028969
0 0.770312 0.905208 0.030713 0.043584
0 0.864844 0.914583 0.021556 0.031475
0 0.339062 0.916667 0.020046 0.026244
0 0.303125 0.91875 0.01813 0.025093
0 0.274219 0.925 0.021314 0.02663
0 0.7125 0.929167 0.018939 0.024442
0 0.365625 0.9375 0.028482 0.03568
0 0.221875 0.939583 0.019638 0.024534
0 0.153906 0.95 0.027558 0.032833
0 0.654687 0.952083 0.025379 0.035044
0 0.364844 0.959375 0.034952 0.045017
0 0.914062 0.9625 0.024043 0.032841
0 0.334375 0.970833 0.030901 0.041049
0 0.649219 0.966667 0.024652 0.030465
0 0.75 0.967708 0.017759 0.024215
0 0.892188 0.96875 0.018561 0.025359
0 0.632031 0.977083 0.024898 0.035495
0 0.511719 0.979167 0.029435 0.036442
0 0.264844 0.983333 0.019627 0.024405