0 0.105469 0.036458 0.018756 0.022285
0 0.103906 0.044792 0.018756 0.022285
0 0.701562 0.073958 0.025918 0.029193
0 0.925781 0.077083 0.024377 0.029518
0 0.135156 0.078125 0.020566 0.026042
0 0.625 0.115625 0.017759 0.024215
0 0.20625 0.121875 0.019733 0.025046
0 0.79375 0.128125 0.020209 0.029396
0 0.957812 0.141667 0.019893 0.027596
0 0.584375 0.183333 0.020432 0.028638
0 0.783594 0.190625 0.023456 0.028163
0 0.245312 0.207292 0.020811 0.029482
0 0.880469 0.222917 0.018008 0.02309
0 0.728125 0.234375 0.023368 0.030196
0 0.391406 0.239583 0.021198 0.026257
0 0.661719 0.251042 0.021819 0.028356
0 0.667188 0.259375 0.02306 0.029195
0 0.199219 0.3125 0.024436 0.029089
0 0.987926 0.316667 0.024149 0.031
0 0.273438 0.34375 0.023319 0.029672
0 0.51875 0.357292 0.020479 0.026286
0 0.555469 0.367708 0.021999 0.028864
0 0.646875 0.376042 0.020666 0.028723
0 0.964063 0.384375 0.022226 0.031538
0 0.260937 0.390625 0.019429 0.026567
0 0.710938 0.4125 0.025032 0.034809
0 0.253906 0.414583 0.01882 0.024173
0 0.435937 0.41875 0.020676 0.026744
0 0.9375 0.429167 0.019574 0.023676
0 0.15625 0.470833 0.018773 0.023107
0 0.670312 0.470833 0.018773 0.023107
0 0.234375 0.476042 0.019638 0.024534
0 0.596094 0.496875 0.018827 0.023629
0 0.80625 0.515625 0.019574 0.023676
0 0.489844 0.51875 0.018442 0.024589
0 0.263281 0.545833 0.021479 0.027243
0 0.203906 0.575 0.021362 0.02664
0 0.834375 0.575 0.019792 0.025321
0 0.021094 0.58125 0.018691 0.025445
0 0.460938 0.582292 0.01902 0.024748
0 0.99117 0.6 0.017659 0.028264
0 0.375 0.603125 0.019558 0.02407
0 0.751563 0.604167 0.020537 0.027934
0 0.3 0.623958 0.019925 0.025905
0 0.085156 0.695833 0.01882 0.024173
0 0.623437 0.752083 0.020866 0.027821
0 0.194531 0.794792 0.021119 0.029767
0 0.291406 0.803125 0.021239 0.025868
0 0.121875 0.810417 0.02466 0.031871
0 0.579688 0.823958 0.019733 0.025046
0 0.328906 0.84375 0.01894 0.025253
0 0.391406 0.854167 0.021929 0.025115
0 0.260156 0.870833 0.022143 0.027371
0 0.210938 0.872917 0.023103 0.02886
0 0.077344 0.908333 0.02123 0.025887
0 0.596875 0.922917 0.022883 0.028677
0 0.660156 0.952083 0.019178 0.025168