0 0.548438 0.042708 0.019374 0.029294
0 0.659375 0.067708 0.019429 0.026567
0 0.209375 0.072917 0.020371 0.024457
0 0.374219 0.242708 0.022828 0.030437
0 0.121094 0.28125 0.021161 0.025349
0 0.182031 0.291667 0.020328 0.024087
0 0.540625 0.323958 0.020479 0.026286
0 0.014844 0.327083 0.02466 0.031871
0 0.364844 0.329167 0.018939 0.024442
0 0.425 0.344792 0.019925 0.025905
0 0.471094 0.380208 0.020747 0.029612
0 0.43125 0.415625 0.0223 0.028345
0 0.8625 0.436458 0.019574 0.023676
0 0.39375 0.461458 0.023103 0.02886
0 0.854688 0.460417 0.019792 0.025321
0 0.614844 0.466667 0.02168 0.028193
0 0.732031 0.5 0.022245 0.028848
0 0.23125 0.527083 0.01971 0.025332
0 0.239844 0.528125 0.02217 0.02922
0 0.325781 0.539583 0.021819 0.028356
0 0.296875 0.560417 0.020058 0.027568
0 0.729688 0.570833 0.025086 0.031874
0 0.321094 0.584375 0.018161 0.023679
0 0.595313 0.6 0.019627 0.024405
0 0.380469 0.63125 0.017759 0.024215
0 0.458594 0.651042 0.021131 0.02449
0 0.788281 0.676042 0.021362 0.02664
0 0.682031 0.678125 0.018756 0.022285
0 0.271875 0.688542 0.020046 0.026244
0 0.75625 0.692708 0.019925 0.025905
0 0.79375 0.703125 0.022937 0.028155
0 0.864062 0.8 0.019925 0.025905
0 0.902344 0.839583 0.018304 0.026169
0 0.638281 0.854167 0.021479 0.027243
0 0.883594 0.885417 0.019627 0.024405
0 0.31875 0.891667 0.018773 0.023107
0 0.286719 0.89375 0.020566 0.026042
0 0.273438 0.911458 0.023293 0.029834
0 0.41875 0.915625 0.020517 0.029536
0 0.526563 0.959375 0.019683 0.026728
0 0.532031 0.965625 0.018773 0.023107