0 0.896094 0.012197 0.025957 0.024395
0 0.253125 0.012803 0.024383 0.025606
0 0.823438 0.016906 0.027056 0.033812
0 0.957031 0.014657 0.023644 0.029315
0 0.485938 0.016667 0.021894 0.026105
0 0.302344 0.020833 0.025289 0.031092
0 0.571875 0.016667 0.018756 0.022285
0 0.707812 0.020833 0.020566 0.026042
0 0.607812 0.020833 0.018161 0.023679
0 0.500781 0.025 0.017438 0.024063
0 0.8125 0.036458 0.025471 0.036807
0 0.367188 0.032292 0.01882 0.024173
0 0.772656 0.034375 0.018756 0.022285
0 0.913281 0.038542 0.021302 0.02814
0 0.653125 0.041667 0.026663 0.030571
0 0.896875 0.047917 0.022883 0.028677
0 0.454688 0.047917 0.021098 0.023144
0 0.246875 0.061458 0.029819 0.046347
0 0.527344 0.065625 0.038281 0.055319
0 0.697656 0.054167 0.019178 0.025168
0 0.367969 0.064583 0.019773 0.0268
0 0.3875 0.085417 0.046751 0.062833
0 0.94375 0.072917 0.030413 0.03813
0 0.353125 0.067708 0.01902 0.024748
0 0.414062 0.066667 0.018769 0.023116
0 0.725 0.070833 0.022128 0.030307
0 0.584375 0.069792 0.020676 0.026744
0 0.710156 0.080208 0.021161 0.025349
0 0.266406 0.088542 0.022725 0.033819
0 0.278906 0.088542 0.022725 0.033819
0 0.54375 0.094792 0.035311 0.048979
0 0.141406 0.088542 0.019531 0.027421
0 0.739062 0.088542 0.019035 0.026241
0 0.239063 0.089583 0.021949 0.026392
0 0.446094 0.09375 0.027678 0.033246
0 0.759375 0.098958 0.025273 0.030852
0 0.809375 0.101042 0.019683 0.026728
0 0.360938 0.110417 0.024878 0.035954
0 0.261719 0.108333 0.021259 0.029733
0 0.898438 0.107292 0.020134 0.027719
0 0.150781 0.122917 0.031622 0.046597
0 0.195312 0.113542 0.019531 0.027421
0 0.400781 0.111458 0.018161 0.023679
0 0.635938 0.121875 0.027262 0.03833
0 0.404687 0.114583 0.018008 0.02309
0 0.503125 0.116667 0.018161 0.023679
0 0.213281 0.11875 0.018921 0.024472
0 0.990619 0.122917 0.018761 0.023107
0 0.480469 0.128125 0.022937 0.028155
0 0.376563 0.127083 0.018773 0.023107
0 0.398438 0.1375 0.035153 0.045751
0 0.839063 0.135417 0.031596 0.039235
0 0.246875 0.129167 0.020537 0.027934
0 0.901563 0.129167 0.019909 0.025929
0 0.410156 0.132292 0.017301 0.024027
0 0.707812 0.138542 0.031293 0.03652
0 0.632812 0.135417 0.019574 0.023676
0 0.645312 0.153125 0.019429 0.026567
0 0.475781 0.159375 0.017438 0.024063
0 0.574219 0.160417 0.018939 0.024442
0 0.307812 0.1625 0.020416 0.025301
0 0.277344 0.163542 0.021339 0.026862
0 0.839844 0.163542 0.02203 0.026707
0 0.739844 0.163542 0.018939 0.024442
0 0.792188 0.163542 0.018048 0.02325
0 0.653906 0.164583 0.018846 0.02378
0 0.403125 0.18125 0.039713 0.054383
0 0.477344 0.16875 0.020938 0.027401
0 0.601562 0.173958 0.020058 0.027568
0 0.928125 0.171875 0.018008 0.02309
0 0.975781 0.175 0.019638 0.024534
0 0.448437 0.178125 0.023661 0.028066
0 0.836719 0.176042 0.018921 0.024472
0 0.873437 0.178125 0.021978 0.027245
0 0.536719 0.179167 0.019178 0.025168
0 0.551562 0.192708 0.036972 0.045863
0 0.371094 0.1875 0.019627 0.024405
0 0.30625 0.196875 0.031469 0.038807
0 0.514844 0.197917 0.025838 0.032623
0 0.335938 0.194792 0.019543 0.023126
0 0.29375 0.210417 0.020661 0.028728
0 0.921094 0.207292 0.016702 0.023976
0 0.65625 0.214583 0.017982 0.022269
0 0.425781 0.216667 0.021875 0.025
0 0.625781 0.217708 0.0184 0.026183
0 0.379688 0.217708 0.01971 0.025332
0 0.890625 0.21875 0.018939 0.024442
0 0.380469 0.223958 0.018124 0.023544
0 0.334375 0.227083 0.021894 0.026105
0 0.928125 0.226042 0.020371 0.024457
0 0.503125 0.228125 0.016719 0.026046
0 0.385156 0.229167 0.018939 0.024442
0 0.460938 0.235417 0.023556 0.02766
0 0.21875 0.235417 0.017301 0.024027
0 0.604688 0.252083 0.044056 0.054694
0 0.257031 0.236458 0.018331 0.025253
0 0.441406 0.238542 0.018773 0.023107
0 0.320312 0.240625 0.017317 0.024011
0 0.903125 0.240625 0.018124 0.023544
0 0.682031 0.245833 0.021122 0.026093
0 0.9625 0.251042 0.022729 0.02728
0 0.975 0.261458 0.025552 0.034516
0 0.498437 0.261458 0.021247 0.027272
0 0.235937 0.271875 0.034091 0.043471
0 0.519531 0.26875 0.027588 0.038618
0 0.858594 0.261458 0.019119 0.025492
0 0.042969 0.265625 0.018827 0.023629
0 0.278125 0.26875 0.018008 0.02309
0 0.042188 0.272917 0.019638 0.024534
0 0.817187 0.271875 0.019534 0.022292
0 0.252344 0.273958 0.020566 0.026042
0 0.216406 0.275 0.018008 0.02309
0 0.452344 0.276042 0.019592 0.025156
0 0.532813 0.290625 0.029908 0.045654
0 0.528125 0.279167 0.019119 0.025492
0 0.705469 0.282292 0.019638 0.024534
0 0.188281 0.290625 0.029796 0.038479
0 0.853906 0.282292 0.018756 0.022285
0 0.671875 0.2875 0.018442 0.024589
0 0.388281 0.301042 0.032025 0.046546
0 0.875781 0.308333 0.040715 0.056167
0 0.578125 0.303125 0.022947 0.036567
0 0.339062 0.298958 0.020566 0.026042
0 0.046094 0.3 0.018442 0.024589
0 0.352344 0.302083 0.020422 0.025409
0 0.559375 0.301042 0.01894 0.025253
0 0.971094 0.307292 0.028038 0.036198
0 0.184375 0.303125 0.018773 0.023107
0 0.047656 0.311458 0.021542 0.027554
0 0.225 0.329167 0.056498 0.062159
0 0.702344 0.309375 0.016714 0.025008
0 0.3125 0.323958 0.026156 0.035428
0 0.517188 0.319792 0.018939 0.024442
0 0.689844 0.320833 0.021198 0.026257
0 0.328906 0.321875 0.018773 0.023107
0 0.888281 0.325 0.017835 0.025128
0 0.25 0.339583 0.021902 0.027122
0 0.264844 0.345833 0.02168 0.028193
0 0.301563 0.34375 0.019574 0.023676
0 0.475 0.346875 0.018561 0.025359
0 0.667969 0.346875 0.017982 0.022269
0 0.544531 0.351042 0.021161 0.025349
0 0.805469 0.35 0.018442 0.024589
0 0.3625 0.353125 0.019627 0.024405
0 0.91875 0.359375 0.030598 0.037716
0 0.688281 0.355208 0.02365 0.028234
0 0.974219 0.365625 0.030119 0.042803
0 0.18125 0.364583 0.023661 0.028066
0 0.540625 0.378125 0.038508 0.046202
0 0.423438 0.370833 0.023718 0.029015
0 0.674219 0.383333 0.02908 0.055246
0 0.625 0.385417 0.044208 0.049312
0 0.154688 0.378125 0.020566 0.026042
0 0.642188 0.383333 0.019036 0.029228
0 0.646875 0.389583 0.020154 0.028445
0 0.7 0.386458 0.017982 0.022269
0 0.310937 0.390625 0.018939 0.024442
0 0.653125 0.416667 0.055501 0.073371
0 0.514844 0.394792 0.02143 0.027648
0 0.108594 0.394792 0.018161 0.023679
0 0.520312 0.394792 0.018442 0.024589
0 0.564844 0.395833 0.02198 0.027324
0 0.621094 0.413542 0.040581 0.052473
0 0.6375 0.402083 0.021095 0.022299
0 0.016406 0.408333 0.020328 0.024087
0 0.501563 0.407292 0.019792 0.025321
0 0.735938 0.410417 0.023161 0.029971
0 0.317188 0.410417 0.020551 0.027917
0 0.185156 0.4125 0.020801 0.028133
0 0.632812 0.414583 0.021924 0.025492
0 0.750781 0.417708 0.023607 0.028741
0 0.219531 0.420833 0.024975 0.031796
0 0.526563 0.420833 0.027736 0.03412
0 0.884375 0.419792 0.022242 0.030281
0 0.671094 0.420833 0.020325 0.024095
0 0.747656 0.444792 0.02276 0.031984
0 0.634375 0.442708 0.019693 0.024852
0 0.471094 0.44375 0.017438 0.024063
0 0.567969 0.44375 0.018008 0.02309
0 0.609375 0.448958 0.019531 0.026042
0 0.195312 0.448958 0.019925 0.025905
0 0.852344 0.45625 0.018939 0.024442
0 0.683594 0.457292 0.018756 0.022285
0 0.83125 0.460417 0.025905 0.030541
0 0.552344 0.460417 0.023491 0.027306
0 0.597656 0.463542 0.021362 0.02664
0 0.991082 0.463542 0.017836 0.026244
0 0.100781 0.472917 0.031089 0.043873
0 0.309375 0.463542 0.018442 0.024589
0 0.935937 0.465625 0.019429 0.026567
0 0.214844 0.471875 0.033119 0.039659
0 0.270313 0.465625 0.019627 0.024405
0 0.496875 0.466667 0.021899 0.024518
0 0.638281 0.473958 0.020058 0.027568
0 0.858594 0.471875 0.018161 0.023679
0 0.257812 0.478125 0.018939 0.024442
0 0.494531 0.479167 0.020328 0.024087
0 0.366406 0.484375 0.026124 0.031426
0 0.685937 0.483333 0.021727 0.028969
0 0.754687 0.48125 0.018773 0.023107
0 0.063281 0.48125 0.018827 0.023629
0 0.3875 0.486458 0.020328 0.024087
0 0.330469 0.502083 0.035461 0.053597
0 0.930469 0.495833 0.02198 0.027324
0 0.459375 0.496875 0.019733 0.025046
0 0.06875 0.50625 0.030827 0.038244
0 0.469531 0.502083 0.021443 0.029582
0 0.299219 0.501042 0.018773 0.023107
0 0.896094 0.50625 0.026249 0.031562
0 0.410156 0.510417 0.038501 0.039773
0 0.617969 0.505208 0.021264 0.026134
0 0.971875 0.508333 0.0201 0.026364
0 0.598437 0.539583 0.104084 0.08285
0 0.31875 0.513542 0.019558 0.02407
0 0.164062 0.51875 0.023906 0.033448
0 0.5 0.526042 0.0381 0.047194
0 0.704688 0.515625 0.018442 0.024589
0 0.289062 0.517708 0.018939 0.024442
0 0.310156 0.516667 0.018008 0.02309
0 0.928906 0.53125 0.035081 0.053072
0 0.023438 0.526042 0.024425 0.030612
0 0.233594 0.526042 0.018124 0.023544
0 0.964844 0.5375 0.033168 0.046281
0 0.125781 0.529167 0.021314 0.02663
0 0.232813 0.5625 0.07439 0.09441
0 0.473438 0.529167 0.020604 0.028373
0 0.600781 0.527083 0.019573 0.024204
0 0.667188 0.532292 0.020058 0.027568
0 0.217969 0.540625 0.028222 0.039025
0 0.078125 0.535417 0.020537 0.027934
0 0.134375 0.534375 0.020328 0.024087
0 0.198437 0.5375 0.018876 0.02557
0 0.492188 0.538542 0.018331 0.025253
0 0.278906 0.540625 0.018691 0.025445
0 0.158594 0.541667 0.022039 0.026501
0 0.326562 0.540625 0.01902 0.024748
0 0.111719 0.541667 0.018827 0.023629
0 0.786719 0.546875 0.021339 0.026862
0 0.551562 0.546875 0.019592 0.025156
0 0.979688 0.547917 0.018756 0.022285
0 0.125 0.554167 0.020537 0.027934
0 0.932031 0.553125 0.018773 0.023107
0 0.45 0.558333 0.023988 0.030346
0 0.105469 0.55625 0.027394 0.028703
0 0.115625 0.560417 0.018756 0.022285
0 0.269531 0.561458 0.018008 0.02309
0 0.197656 0.564583 0.02203 0.026707
0 0.080469 0.566667 0.022111 0.027748
0 0.619531 0.567708 0.019627 0.024405
0 0.442969 0.575 0.019558 0.02407
0 0.539062 0.577083 0.019012 0.028214
0 0.25625 0.577083 0.020537 0.027934
0 0.645312 0.58125 0.028268 0.034657
0 0.092188 0.579167 0.019574 0.023676
0 0.201563 0.586458 0.018442 0.024589
0 0.511719 0.601042 0.029113 0.034806
0 0.032813 0.597917 0.018999 0.02628
0 0.057813 0.597917 0.018331 0.025253
0 0.140625 0.598958 0.019683 0.026728
0 0.375781 0.597917 0.021314 0.02663
0 0.282813 0.603125 0.01902 0.024748
0 0.59375 0.603125 0.020328 0.024087
0 0.910937 0.604167 0.018999 0.02628
0 0.171094 0.60625 0.02217 0.02922
0 0.21875 0.604167 0.018827 0.023629
0 0.49375 0.609375 0.022216 0.034646
0 0.585938 0.60625 0.018773 0.023107
0 0.502344 0.607292 0.018048 0.02325
0 0.758594 0.607292 0.017759 0.024215
0 0.33125 0.608333 0.019627 0.024405
0 0.311719 0.610417 0.018876 0.02557
0 0.469531 0.61875 0.037234 0.041796
0 0.541406 0.611458 0.018756 0.022285
0 0.859375 0.613542 0.024383 0.028296
0 0.325781 0.6125 0.018827 0.023629
0 0.167969 0.613542 0.018939 0.024442
0 0.630469 0.623958 0.029819 0.036593
0 0.148438 0.622917 0.019925 0.025905
0 0.882031 0.630208 0.031758 0.04163
0 0.671875 0.632292 0.01957 0.028162
0 0.220312 0.632292 0.0197 0.025227
0 0.416406 0.634375 0.021239 0.025868
0 0.536719 0.634375 0.018773 0.023107
0 0.579688 0.635417 0.018161 0.023679
0 0.057031 0.645833 0.034527 0.043765
0 0.735938 0.638542 0.025288 0.029673
0 0.358594 0.642708 0.025047 0.032127
0 0.425781 0.641667 0.020566 0.026042
0 0.729688 0.64375 0.018756 0.022285
0 0.778906 0.644792 0.019574 0.023676
0 0.455469 0.657292 0.031001 0.042096
0 0.946875 0.65 0.023103 0.02886
0 0.70625 0.65 0.017658 0.024165
0 0.811719 0.65 0.017759 0.024215
0 0.836719 0.664583 0.051103 0.049261
0 0.525781 0.663542 0.037648 0.045002
0 0.692187 0.665625 0.039268 0.046225
0 0.748437 0.673958 0.050873 0.064675
0 0.869531 0.663542 0.021314 0.02663
0 0.802344 0.663542 0.020416 0.025301
0 0.439063 0.666667 0.023644 0.029463
0 0.778906 0.682292 0.052017 0.061806
0 0.926562 0.66875 0.0201 0.026364
0 0.669531 0.670833 0.021976 0.025927
0 0.603906 0.673958 0.022186 0.028591
0 0.346094 0.678125 0.028453 0.034189
0 0.86875 0.682292 0.032847 0.041798
0 0.667188 0.68125 0.022111 0.027748
0 0.284375 0.680208 0.019925 0.025905
0 0.430469 0.683333 0.019531 0.026042
0 0.607031 0.683333 0.02143 0.027648
0 0.176563 0.683333 0.018008 0.02309
0 0.0625 0.688542 0.021161 0.025349
0 0.716406 0.689583 0.017759 0.024215
0 0.420312 0.70625 0.030585 0.042889
0 0.626563 0.7 0.018773 0.023107
0 0.202344 0.7 0.018008 0.02309
0 0.355469 0.704167 0.024496 0.029918
0 0.630469 0.703125 0.022209 0.027663
0 0.549219 0.70625 0.021198 0.026257
0 0.828125 0.710417 0.02687 0.033711
0 0.105469 0.713542 0.026966 0.033171
0 0.621875 0.714583 0.031273 0.032424
0 0.292187 0.723958 0.0362 0.044136
0 0.665625 0.720833 0.031071 0.037922
0 0.797656 0.715625 0.021161 0.025349
0 0.142969 0.716667 0.017982 0.022269
0 0.053125 0.720833 0.018008 0.02309
0 0.730469 0.722917 0.018442 0.024589
0 0.796875 0.723958 0.019683 0.026728
0 0.880469 0.727083 0.021726 0.031709
0 0.439063 0.728125 0.019574 0.023676
0 0.679688 0.732292 0.021796 0.030069
0 0.5125 0.73125 0.018008 0.02309
0 0.529687 0.733333 0.017438 0.024063
0 0.652344 0.761458 0.045672 0.077533
0 0.578906 0.736458 0.018008 0.02309
0 0.988281 0.740625 0.02168 0.028193
0 0.290625 0.751042 0.017835 0.025128
0 0.939844 0.769792 0.039345 0.069505
0 0.267188 0.752083 0.018048 0.02325
0 0.625781 0.753125 0.018939 0.024442
0 0.707812 0.786458 0.056804 0.08409
0 0.796094 0.759375 0.018921 0.024472
0 0.872656 0.7625 0.021479 0.027243
0 0.308594 0.764583 0.018939 0.024442
0 0.857031 0.769792 0.026742 0.033612
0 0.294531 0.775 0.0303 0.039355
0 0.685937 0.770833 0.019627 0.024405
0 0.610938 0.791667 0.058182 0.066568
0 0.398438 0.773958 0.018124 0.023544
0 0.972656 0.777083 0.020676 0.026744
0 0.885938 0.779167 0.022828 0.027821
0 0.46875 0.784375 0.018939 0.024442
0 0.536719 0.788542 0.020416 0.025301
0 0.178125 0.801042 0.031328 0.040761
0 0.540625 0.794792 0.018939 0.024442
0 0.53125 0.794792 0.018124 0.023544
0 0.024219 0.803125 0.030047 0.037046
0 0.823438 0.8 0.019792 0.025321
0 0.195312 0.801042 0.019693 0.024852
0 0.682031 0.803125 0.020328 0.024087
0 0.233594 0.813542 0.018161 0.023679
0 0.357031 0.821875 0.019792 0.025321
0 0.857812 0.820833 0.019733 0.025046
0 0.889844 0.836458 0.033269 0.047431
0 0.238281 0.839583 0.035264 0.043893
0 0.850781 0.833333 0.021161 0.025349
0 0.960938 0.835417 0.019638 0.024534
0 0.407813 0.836458 0.018939 0.024442
0 0.214062 0.842708 0.018876 0.02557
0 0.684375 0.847917 0.018773 0.023107
0 0.167187 0.85625 0.018773 0.023107
0 0.5375 0.864583 0.018052 0.026078
0 0.725781 0.864583 0.017438 0.024063
0 0.207031 0.866667 0.019542 0.02313
0 0.3125 0.86875 0.019714 0.027305
0 0.799219 0.882292 0.044356 0.046403
0 0.224219 0.872917 0.018442 0.024589
0 0.367969 0.875 0.021314 0.02663
0 0.289062 0.876042 0.019592 0.025156
0 0.30625 0.879167 0.020627 0.027503
0 0.351562 0.883333 0.018999 0.02628
0 0.396875 0.88125 0.018008 0.02309
0 0.138281 0.8875 0.023489 0.025902
0 0.286719 0.907292 0.045496 0.059643
0 0.686719 0.897917 0.033027 0.047853
0 0.403906 0.897917 0.034038 0.04232
0 0.324219 0.896875 0.018921 0.024472
0 0.571875 0.898958 0.022729 0.02728
0 0.502344 0.90625 0.021989 0.028877
0 0.342969 0.905208 0.018161 0.023679
0 0.721875 0.908333 0.019693 0.028264
0 0.542969 0.910417 0.020938 0.027401
0 0.708594 0.911458 0.021362 0.02664
0 0.314844 0.913542 0.017778 0.027118
0 0.111719 0.916667 0.022094 0.027539
0 0.892188 0.917708 0.019925 0.025905
0 0.702344 0.920833 0.018561 0.025359
0 0.267969 0.922917 0.020341 0.025073
0 0.926562 0.925 0.025513 0.033411
0 0.257031 0.927083 0.021542 0.027554
0 0.85 0.930208 0.023319 0.029672
0 0.223438 0.929167 0.025043 0.028321
0 0.502344 0.935417 0.029142 0.038408
0 0.110156 0.942708 0.030292 0.0443
0 0.796875 0.938542 0.019992 0.026974
0 0.896875 0.940625 0.0201 0.026364
0 0.397656 0.952083 0.042639 0.054898
0 0.432812 0.940625 0.019178 0.025168
0 0.551562 0.939583 0.018756 0.022285
0 0.920312 0.945833 0.028308 0.031376
0 0.157812 0.945833 0.018773 0.023107
0 0.074219 0.947917 0.020339 0.023705
0 0.366406 0.954167 0.030896 0.040596
0 0.805469 0.95 0.023752 0.029281
0 0.140625 0.948958 0.0184 0.026183
0 0.278125 0.959375 0.031494 0.039796
0 0.497656 0.953125 0.021314 0.02663
0 0.879687 0.954167 0.020537 0.027934
0 0.228906 0.957292 0.018008 0.02309
0 0.814844 0.973958 0.035255 0.042873
0 0.95625 0.96875 0.021701 0.028014
0 0.934375 0.980765 0.029578 0.038471
0 0.34375 0.976042 0.024039 0.030661