0 0.61875 0.011333 0.026346 0.022666
0 0.363281 0.032292 0.029284 0.033519
0 0.603906 0.041667 0.02143 0.027648
0 0.982812 0.053125 0.022729 0.02728
0 0.746875 0.055208 0.021887 0.025097
0 0.927344 0.083333 0.021161 0.025349
0 0.533594 0.088542 0.026195 0.032242
0 0.032813 0.088542 0.022768 0.026762
0 0.11875 0.103125 0.021887 0.025097
0 0.108594 0.110417 0.020697 0.026524
0 0.207813 0.132292 0.023339 0.03403
0 0.642188 0.133333 0.020046 0.026244
0 0.651563 0.1375 0.019574 0.023676
0 0.86875 0.241667 0.019792 0.025321
0 0.26875 0.241667 0.018773 0.023107
0 0.525781 0.264583 0.025611 0.031936
0 0.754687 0.267708 0.027481 0.029714
0 0.69375 0.303125 0.020676 0.026744
0 0.505469 0.319792 0.021701 0.028014
0 0.304688 0.342708 0.019574 0.023676
0 0.485938 0.348958 0.026061 0.032032
0 0.280469 0.372917 0.02851 0.03359
0 0.604688 0.390625 0.022883 0.028677
0 0.530469 0.394792 0.018773 0.023107
0 0.099219 0.411458 0.027753 0.032981
0 0.570312 0.41875 0.020537 0.027934
0 0.896094 0.422917 0.024384 0.02969
0 0.354687 0.426042 0.018827 0.023629
0 0.907031 0.435417 0.019531 0.026042
0 0.523438 0.447917 0.02656 0.036426
0 0.38125 0.445833 0.021161 0.025349
0 0.010368 0.461458 0.020735 0.028239
0 0.223438 0.551042 0.019733 0.025046
0 0.835156 0.563542 0.024471 0.029346
0 0.901563 0.567708 0.020537 0.027934
0 0.013281 0.56875 0.021264 0.026134
0 0.758594 0.569792 0.023451 0.027139
0 0.498437 0.573958 0.023127 0.02972
0 0.014063 0.575 0.021882 0.024105
0 0.345313 0.616667 0.026376 0.032785
0 0.328125 0.615625 0.019681 0.02538
0 0.285938 0.638542 0.023438 0.03125
0 0.528906 0.647917 0.021479 0.027243
0 0.667969 0.672917 0.02475 0.031228
0 0.610938 0.6875 0.023718 0.029015
0 0.404687 0.69375 0.02317 0.029214
0 0.03125 0.694792 0.019792 0.025321
0 0.857031 0.74375 0.021618 0.02791
0 0.388281 0.75 0.02799 0.035397
0 0.474219 0.752083 0.021989 0.028877
0 0.44375 0.792708 0.026195 0.032242
0 0.526563 0.821875 0.022995 0.032052
0 0.175781 0.859375 0.02143 0.027648
0 0.666406 0.8625 0.018442 0.024589
0 0.598437 0.872917 0.024652 0.030465
0 0.410938 0.873958 0.022861 0.027439
0 0.967187 0.913542 0.026 0.030914
0 0.463281 0.927083 0.024584 0.031012