0 0.327344 0.011345 0.021314 0.02269
0 0.864062 0.013542 0.019119 0.025492
0 0.435937 0.029167 0.022828 0.027821
0 0.409375 0.055208 0.019733 0.025046
0 0.460156 0.073958 0.018773 0.023107
0 0.441406 0.08125 0.020422 0.025409
0 0.284375 0.091667 0.019733 0.025046
0 0.815625 0.1125 0.020517 0.029536
0 0.904687 0.121875 0.019531 0.026042
0 0.120313 0.129167 0.019543 0.023126
0 0.753125 0.133333 0.019543 0.023126
0 0.363281 0.155208 0.022047 0.026945
0 0.703906 0.15625 0.021198 0.026257
0 0.625781 0.169792 0.022758 0.030751
0 0.367188 0.183333 0.019792 0.025321
0 0.864844 0.211458 0.018773 0.023107
0 0.161719 0.222917 0.018331 0.025253
0 0.7625 0.232292 0.020134 0.027719
0 0.561719 0.236458 0.018773 0.023107
0 0.507031 0.254167 0.029749 0.038018
0 0.86875 0.260417 0.023026 0.028919
0 0.31875 0.275 0.018561 0.025359
0 0.475 0.28125 0.019925 0.025905
0 0.475781 0.288542 0.021314 0.02663
0 0.46875 0.297917 0.019574 0.023676
0 0.633594 0.3 0.021131 0.02449
0 0.1 0.308333 0.022725 0.033819
0 0.466406 0.3125 0.020328 0.024087
0 0.091406 0.322917 0.019768 0.025593
0 0.390625 0.332292 0.023293 0.029834
0 0.726562 0.346875 0.025984 0.029621
0 0.680469 0.346875 0.019627 0.024405
0 0.728906 0.35625 0.018921 0.024472
0 0.291406 0.359375 0.018827 0.023629
0 0.504687 0.370833 0.019733 0.025046
0 0.073438 0.410417 0.023491 0.027306
0 0.923438 0.454167 0.021556 0.031475
0 0.191406 0.453125 0.019531 0.026042
0 0.649219 0.45625 0.017438 0.024063
0 0.559375 0.459375 0.019925 0.025905
0 0.810156 0.480208 0.02118 0.025185
0 0.288281 0.491667 0.024291 0.029293
0 0.50625 0.498958 0.019531 0.027421
0 0.567187 0.536458 0.021701 0.028014
0 0.632812 0.54375 0.023597 0.02855
0 0.46875 0.553125 0.020046 0.026244
0 0.708594 0.584375 0.018773 0.023107
0 0.307031 0.629167 0.021989 0.028877
0 0.011013 0.635417 0.022026 0.032623
0 0.80625 0.646875 0.025636 0.035222
0 0.598437 0.65625 0.0201 0.026364
0 0.594531 0.672917 0.032526 0.043368
0 0.540625 0.66875 0.025975 0.02964
0 0.725 0.6875 0.019792 0.025321
0 0.199219 0.713542 0.020479 0.026286
0 0.742969 0.716667 0.02217 0.02922
0 0.285938 0.716667 0.019792 0.025321
0 0.971875 0.719792 0.019733 0.025046
0 0.760938 0.73125 0.023922 0.031467
0 0.867969 0.753125 0.027027 0.036869
0 0.45625 0.754167 0.018769 0.023116
0 0.476562 0.763542 0.019909 0.025929
0 0.155469 0.777083 0.020676 0.026744
0 0.795312 0.783333 0.018816 0.028149
0 0.813281 0.816667 0.017759 0.024215
0 0.421094 0.828125 0.020566 0.026042
0 0.867969 0.832292 0.019574 0.023676
0 0.547656 0.845833 0.028462 0.035784
0 0.882812 0.860417 0.022209 0.027663
0 0.636719 0.875 0.021726 0.031709
0 0.991116 0.891667 0.017767 0.025929
0 0.754687 0.901042 0.019792 0.025321
0 0.253906 0.935417 0.021264 0.026134
0 0.425 0.94375 0.018939 0.024442
0 0.239063 0.984375 0.023781 0.028969
0 0.515625 0.989005 0.018354 0.021989