0 0.889844 0.012986 0.022047 0.025973
0 0.94375 0.035417 0.022815 0.027608
0 0.746875 0.113542 0.023293 0.029834
0 0.178125 0.129167 0.019627 0.024405
0 0.260937 0.14375 0.019627 0.024405
0 0.864062 0.169792 0.02198 0.027324
0 0.21875 0.192708 0.019909 0.025929
0 0.382812 0.202083 0.022731 0.02736
0 0.483594 0.213542 0.032126 0.031192
0 0.560937 0.223958 0.021105 0.028403
0 0.385156 0.275 0.021542 0.027554
0 0.620313 0.35625 0.022918 0.028188
0 0.141406 0.472917 0.021264 0.026134
0 0.317969 0.590625 0.027753 0.032981
0 0.694531 0.8375 0.021701 0.028014
0 0.316406 0.958333 0.021999 0.028864