0 0.767969 0.039583 0.023804 0.033777
0 0.282031 0.060417 0.027842 0.038184
0 0.18125 0.0625 0.018773 0.023107
0 0.592187 0.065625 0.027533 0.030248
0 0.870313 0.075 0.022937 0.028155
0 0.460938 0.1875 0.025552 0.033182
0 0.607031 0.203125 0.021929 0.025115
0 0.349219 0.211458 0.023493 0.032412
0 0.608594 0.213542 0.021961 0.03167
0 0.747656 0.3 0.021999 0.028864
0 0.673438 0.305208 0.024563 0.032578
0 0.595313 0.339583 0.02397 0.033798
0 0.291406 0.36875 0.029228 0.035147
0 0.580469 0.410417 0.019925 0.025905
0 0.979688 0.44375 0.029307 0.034742
0 0.677344 0.444792 0.018756 0.022285
0 0.453906 0.467708 0.025197 0.031603
0 0.069531 0.495833 0.027025 0.032623
0 0.754687 0.584375 0.020537 0.027934
0 0.8125 0.6375 0.018921 0.024472
0 0.346094 0.677083 0.02545 0.035034
0 0.614062 0.777083 0.022551 0.029062
0 0.916406 0.839583 0.023476 0.030208
0 0.470313 0.942708 0.017759 0.024215