0 0.335938 0.015644 0.029528 0.031287
0 0.453125 0.01184 0.018939 0.023679
0 0.8375 0.019792 0.021302 0.02814
0 0.628125 0.035417 0.022111 0.027748
0 0.810937 0.075 0.023471 0.0311
0 0.400781 0.077083 0.021188 0.030341
0 0.659375 0.084375 0.019531 0.026042
0 0.467187 0.098958 0.019531 0.027421
0 0.692187 0.1625 0.026313 0.038008
0 0.442188 0.172917 0.021921 0.025381
0 0.620313 0.179167 0.018354 0.025228
0 0.59375 0.184375 0.020072 0.030358
0 0.853125 0.186458 0.019429 0.026567
0 0.471875 0.195833 0.024512 0.033827
0 0.320312 0.208333 0.025042 0.032134
0 0.559375 0.205208 0.019638 0.024534
0 0.614844 0.210417 0.020627 0.027503
0 0.601562 0.220833 0.025131 0.037069
0 0.514844 0.220833 0.019693 0.028264
0 0.592969 0.230208 0.019627 0.024405
0 0.264062 0.241667 0.024233 0.028169
0 0.882031 0.247917 0.023161 0.029971
0 0.692969 0.248958 0.018048 0.02325
0 0.957031 0.253125 0.021796 0.030069
0 0.432031 0.254167 0.020441 0.025129
0 0.430469 0.260417 0.028994 0.03711
0 0.9 0.261458 0.019733 0.025046
0 0.645312 0.269792 0.01892 0.026267
0 0.595313 0.280208 0.024975 0.031796
0 0.303125 0.302083 0.026966 0.033171
0 0.985938 0.30625 0.024319 0.034057
0 0.546094 0.314583 0.027177 0.033983
0 0.911719 0.328125 0.019429 0.026567
0 0.254688 0.333333 0.021314 0.02663
0 0.970313 0.335417 0.020058 0.027568
0 0.666406 0.336458 0.019638 0.024534
0 0.579688 0.357292 0.025998 0.03813
0 0.554688 0.359375 0.026012 0.038701
0 0.817969 0.357292 0.028021 0.035684
0 0.225 0.367708 0.027149 0.037383
0 0.328125 0.382292 0.020566 0.026042
0 0.778906 0.392708 0.025905 0.033963
0 0.121094 0.398958 0.02714 0.033665
0 0.759375 0.402083 0.030003 0.038521
0 0.894531 0.403125 0.018161 0.023679
0 0.615625 0.409375 0.017317 0.024011
0 0.70625 0.479167 0.020046 0.026244
0 0.742969 0.483333 0.018331 0.025253
0 0.599219 0.485417 0.01733 0.02503
0 0.660156 0.521875 0.018331 0.025253
0 0.95625 0.565625 0.028021 0.035684
0 0.464062 0.585417 0.019909 0.025929
0 0.267969 0.591667 0.025851 0.031388
0 0.541406 0.5875 0.018331 0.025253
0 0.449219 0.6 0.017982 0.022269
0 0.821875 0.60625 0.01882 0.024173
0 0.753125 0.623958 0.021887 0.025097
0 0.539062 0.636458 0.02563 0.034173
0 0.457813 0.6375 0.018999 0.02628
0 0.688281 0.665625 0.021362 0.02664
0 0.073438 0.688542 0.019627 0.024405
0 0.4875 0.697917 0.025487 0.036236
0 0.358594 0.694792 0.022254 0.02805
0 0.16875 0.697917 0.02095 0.027383
0 0.504687 0.730208 0.024334 0.032184
0 0.523438 0.733333 0.018331 0.025253
0 0.104688 0.763542 0.028398 0.038986
0 0.582031 0.761458 0.021727 0.028969
0 0.414062 0.779167 0.023476 0.030208
0 0.965625 0.786458 0.017438 0.024063
0 0.26875 0.802083 0.018008 0.02309
0 0.75625 0.805208 0.019627 0.024405
0 0.644531 0.832292 0.018773 0.023107
0 0.017188 0.848958 0.025043 0.028321
0 0.317188 0.85 0.020288 0.027694
0 0.04375 0.890625 0.021479 0.027243
0 0.625 0.897917 0.024539 0.034801
0 0.032813 0.910417 0.020416 0.025301
0 0.583594 0.921875 0.022776 0.032111
0 0.405469 0.936458 0.020801 0.028133
0 0.441406 0.944792 0.02143 0.027648
0 0.88125 0.945833 0.020676 0.026744
0 0.333594 0.957292 0.02966 0.037702
0 0.484375 0.957292 0.019925 0.025905
0 0.119531 0.975 0.021267 0.029091