0 0.179688 0.0128 0.024083 0.025601
0 0.329688 0.009976 0.019792 0.019952
0 0.240625 0.016667 0.027678 0.033246
0 0.489844 0.029167 0.021556 0.031475
0 0.217969 0.030208 0.018756 0.022285
0 0.360938 0.03125 0.019633 0.024542
0 0.085156 0.04375 0.025709 0.032024
0 0.65 0.041667 0.023298 0.029827
0 0.213281 0.055208 0.022111 0.027748
0 0.128906 0.063542 0.026689 0.03168
0 0.838281 0.072917 0.02537 0.032683
0 0.4625 0.06875 0.019574 0.023676
0 0.35625 0.082292 0.028112 0.036511
0 0.591406 0.086458 0.026816 0.035184
0 0.708594 0.089583 0.026136 0.034848
0 0.465625 0.094792 0.031922 0.039753
0 0.760156 0.089583 0.020341 0.025073
0 0.800781 0.09375 0.026966 0.033171
0 0.246875 0.123958 0.024496 0.029918
0 0.425 0.130208 0.020058 0.027568
0 0.432031 0.136458 0.020328 0.024087
0 0.51875 0.138542 0.019531 0.026042
0 0.497656 0.148958 0.024886 0.03407
0 0.651563 0.159375 0.024625 0.036744
0 0.75 0.155208 0.02018 0.026907
0 0.184375 0.159375 0.025348 0.03196
0 0.3375 0.175 0.027028 0.034532
0 0.125781 0.175 0.023451 0.027139
0 0.161719 0.178125 0.018756 0.022285
0 0.420312 0.204167 0.024359 0.033115
0 0.825 0.204167 0.026061 0.032032
0 0.464062 0.211458 0.019792 0.025321
0 0.191406 0.217708 0.020058 0.027568
0 0.749219 0.223958 0.021339 0.026862
0 0.644531 0.233333 0.019531 0.026042
0 0.854688 0.236458 0.026308 0.031809
0 0.267969 0.236458 0.020441 0.025129
0 0.748437 0.2375 0.019925 0.025905
0 0.273438 0.247917 0.0314 0.035868
0 0.813281 0.267708 0.01882 0.024173
0 0.15625 0.282292 0.029056 0.032911
0 0.871875 0.2875 0.026524 0.033859
0 0.1875 0.2875 0.020676 0.026744
0 0.74375 0.307292 0.026048 0.031808
0 0.136719 0.315625 0.024627 0.030507
0 0.128906 0.344792 0.019574 0.023676
0 0.250781 0.351042 0.039864 0.034709
0 0.903906 0.348958 0.021701 0.028014
0 0.086719 0.358333 0.021239 0.025868
0 0.348438 0.376042 0.026779 0.031865
0 0.854688 0.380208 0.028176 0.03453
0 0.584375 0.3875 0.026048 0.031808
0 0.597656 0.390625 0.018773 0.023107
0 0.445312 0.395833 0.022883 0.028677
0 0.969531 0.4 0.022911 0.031609
0 0.246094 0.408333 0.021479 0.027243
0 0.523438 0.415625 0.033146 0.042434
0 0.133594 0.419792 0.027799 0.035009
0 0.128125 0.4375 0.0299 0.037009
0 0.68125 0.432292 0.019925 0.025905
0 0.057031 0.434375 0.024535 0.029481
0 0.1125 0.45 0.019574 0.023676
0 0.544531 0.463542 0.021479 0.027243
0 0.815625 0.5 0.02695 0.036245
0 0.110937 0.509375 0.02954 0.037525
0 0.592969 0.534375 0.020566 0.026042
0 0.069531 0.535417 0.019638 0.024534
0 0.3375 0.535417 0.018773 0.023107
0 0.310156 0.55 0.026945 0.031859
0 0.673438 0.558333 0.022128 0.030307
0 0.239844 0.572917 0.017759 0.024215
0 0.740625 0.598958 0.02393 0.031906
0 0.464844 0.608333 0.026966 0.033171
0 0.446875 0.6125 0.02827 0.039786
0 0.775 0.6125 0.028151 0.040208
0 0.560156 0.611458 0.027826 0.033764
0 0.953906 0.611458 0.02143 0.027648
0 0.288281 0.630208 0.027298 0.035445
0 0.467187 0.646875 0.025982 0.033258
0 0.596094 0.644792 0.020566 0.026042
0 0.253906 0.665625 0.018939 0.024442
0 0.703125 0.670833 0.026724 0.034099
0 0.809375 0.677083 0.022788 0.029292
0 0.866406 0.680208 0.021796 0.02989
0 0.500781 0.685417 0.025513 0.033411
0 0.232031 0.686458 0.027447 0.031709
0 0.739062 0.68125 0.018756 0.022285
0 0.086719 0.696875 0.020441 0.025129
0 0.222656 0.728125 0.018442 0.024589
0 0.942187 0.738542 0.027003 0.034726
0 0.067969 0.758333 0.021648 0.029332
0 0.671875 0.778125 0.024107 0.034015
0 0.948438 0.776042 0.024578 0.029591
0 0.614062 0.779167 0.021727 0.028969
0 0.326562 0.790625 0.020479 0.026286
0 0.640625 0.795833 0.026548 0.037321
0 0.307812 0.801042 0.026593 0.033416
0 0.320312 0.801042 0.019909 0.025929
0 0.626563 0.803125 0.021105 0.028403
0 0.733594 0.820833 0.021796 0.02989
0 0.376563 0.827083 0.020801 0.028133
0 0.792969 0.830208 0.024447 0.033091
0 0.292187 0.840625 0.023298 0.029827
0 0.888281 0.857292 0.022254 0.02805
0 0.099219 0.861458 0.018756 0.022285
0 0.900781 0.876042 0.024182 0.034926
0 0.04375 0.875 0.021161 0.025349
0 0.354687 0.883333 0.019574 0.023676
0 0.720313 0.883333 0.018756 0.022285
0 0.625781 0.884375 0.018161 0.023679
0 0.635938 0.892708 0.01902 0.024748
0 0.475781 0.895833 0.021999 0.028864
0 0.553906 0.902083 0.027752 0.040405
0 0.74375 0.904167 0.025982 0.033258
0 0.034375 0.90625 0.02317 0.029214
0 0.398438 0.93125 0.02838 0.035433
0 0.932813 0.932292 0.018769 0.023116
0 0.122656 0.940625 0.030846 0.036368
0 0.635156 0.945833 0.022758 0.030751
0 0.526563 0.948958 0.027141 0.034876
0 0.8125 0.95625 0.020736 0.028573
0 0.986719 0.955208 0.020566 0.026042
0 0.147656 0.961458 0.02486 0.031
0 0.882031 0.967708 0.026652 0.038566
0 0.433594 0.963542 0.018939 0.024442
0 0.505469 0.976042 0.024733 0.030499
0 0.924219 0.987104 0.022758 0.025792