0 0.814063 0.010074 0.018827 0.020148
0 0.19375 0.015625 0.019909 0.025929
0 0.017969 0.023958 0.018008 0.02309
0 0.69375 0.06875 0.0197 0.025227
0 0.548438 0.090625 0.019543 0.023126
0 0.936719 0.136458 0.02118 0.025185
0 0.135156 0.142708 0.021161 0.025349
0 0.167969 0.180208 0.022383 0.029621
0 0.309375 0.179167 0.020134 0.027719
0 0.230469 0.186458 0.021479 0.027243
0 0.307031 0.185417 0.018008 0.02309
0 0.044531 0.194792 0.018304 0.026169
0 0.59375 0.223958 0.020091 0.02753
0 0.0125 0.239583 0.021386 0.031589
0 0.573438 0.303125 0.019445 0.029302
0 0.230469 0.321875 0.022006 0.030167
0 0.703906 0.330208 0.021161 0.025349
0 0.425 0.336458 0.019683 0.026728
0 0.905469 0.338542 0.018124 0.023544
0 0.876563 0.358333 0.020058 0.027568
0 0.278906 0.3875 0.019558 0.02407
0 0.728906 0.394792 0.023476 0.030208
0 0.4375 0.405208 0.029113 0.034806
0 0.609375 0.416667 0.019574 0.023676
0 0.036719 0.419792 0.021339 0.026862
0 0.825781 0.432292 0.021264 0.026134
0 0.466406 0.517708 0.020328 0.024087
0 0.698438 0.523958 0.020479 0.026286
0 0.053125 0.536458 0.020676 0.026744
0 0.839844 0.601042 0.021362 0.02664
0 0.911719 0.6125 0.021161 0.025349
0 0.784375 0.630208 0.020441 0.025129
0 0.354687 0.672917 0.02585 0.031338
0 0.33125 0.692708 0.020676 0.026744
0 0.051562 0.698958 0.019792 0.025321
0 0.500781 0.723958 0.018827 0.023629
0 0.395313 0.735417 0.019768 0.025593
0 0.007055 0.752083 0.014111 0.027254
0 0.882812 0.790625 0.017759 0.024215
0 0.35 0.797917 0.021198 0.026257
0 0.582031 0.827083 0.018442 0.024589
0 0.925781 0.864583 0.024341 0.028597
0 0.196094 0.883333 0.020328 0.024087
0 0.857812 0.884375 0.019909 0.025929
0 0.492969 0.885417 0.018939 0.024442
0 0.226562 0.9 0.018827 0.023629
0 0.858594 0.933333 0.0197 0.025227
0 0.785937 0.9625 0.019792 0.025321
0 0.898438 0.961458 0.019925 0.025905
0 0.167187 0.971875 0.018773 0.023107
0 0.448437 0.975 0.020676 0.026744
0 0.101562 0.987945 0.020416 0.024109