0 0.434375 0.014747 0.024669 0.029494
0 0.855469 0.016667 0.018354 0.027152
0 0.772656 0.019792 0.025907 0.03371
0 0.364844 0.022917 0.020422 0.025409
0 0.980469 0.022917 0.018331 0.025253
0 0.857031 0.025 0.021314 0.02663
0 0.579688 0.025 0.017438 0.024063
0 0.03125 0.029167 0.023476 0.030208
0 0.592187 0.038542 0.022216 0.034646
0 0.509375 0.044792 0.031305 0.049
0 0.2 0.036458 0.01875 0.023958
0 0.228906 0.040625 0.019074 0.032316
0 0.216406 0.039583 0.018161 0.023679
0 0.379688 0.046875 0.026742 0.033612
0 0.275781 0.04375 0.020371 0.024457
0 0.242188 0.05625 0.03081 0.03572
0 0.535937 0.065625 0.044777 0.054566
0 0.223438 0.054167 0.021083 0.029623
0 0.882812 0.060417 0.019925 0.025905
0 0.628125 0.061458 0.021161 0.025349
0 0.217188 0.064583 0.02426 0.027326
0 0.766406 0.073958 0.021314 0.02663
0 0.26875 0.079167 0.025528 0.036047
0 0.557031 0.084375 0.023908 0.033445
0 0.707031 0.080208 0.018773 0.023107
0 0.978906 0.088542 0.030648 0.031919
0 0.174219 0.101042 0.034419 0.044933
0 0.188281 0.1 0.023592 0.027503
0 0.316406 0.110417 0.020339 0.023705
0 0.791406 0.1125 0.018442 0.024589
0 0.21875 0.135417 0.046207 0.065476
0 0.369531 0.135417 0.019178 0.025168
0 0.61875 0.1375 0.018773 0.023107
0 0.186719 0.145833 0.024707 0.033327
0 0.4875 0.14375 0.018846 0.02378
0 0.303906 0.161458 0.038861 0.054335
0 0.510156 0.157292 0.019638 0.024534
0 0.542188 0.1625 0.020341 0.025073
0 0.849219 0.160417 0.018008 0.02309
0 0.215625 0.165625 0.018029 0.025068
0 0.9625 0.172917 0.019638 0.024534
0 0.197656 0.185417 0.02984 0.037433
0 0.613281 0.183333 0.019558 0.02407
0 0.891406 0.185417 0.02168 0.028193
0 0.470313 0.1875 0.018354 0.025228
0 0.585156 0.215625 0.063771 0.08193
0 0.201563 0.201042 0.023668 0.031558
0 0.182031 0.211458 0.028651 0.034173
0 0.676562 0.211458 0.024348 0.028789
0 0.360156 0.213542 0.026779 0.031865
0 0.986719 0.214583 0.018331 0.025253
0 0.339844 0.220833 0.025695 0.034958
0 0.251563 0.227083 0.030598 0.037716
0 0.742188 0.226042 0.020537 0.027934
0 0.854688 0.223958 0.018827 0.023629
0 0.214062 0.235417 0.026918 0.037888
0 0.089063 0.240625 0.031481 0.040352
0 0.747656 0.238542 0.027605 0.033962
0 0.252344 0.239583 0.019909 0.025929
0 0.945312 0.241667 0.019627 0.024405
0 0.4125 0.248958 0.019012 0.028214
0 0.372656 0.248958 0.018442 0.024589
0 0.5625 0.252083 0.018939 0.024442
0 0.303906 0.258333 0.021339 0.026862
0 0.886719 0.258333 0.018008 0.02309
0 0.391406 0.260417 0.017438 0.024063
0 0.458594 0.277083 0.031009 0.044729
0 0.397656 0.270833 0.01875 0.023958
0 0.907031 0.273958 0.019574 0.023676
0 0.407813 0.279167 0.027736 0.03412
0 0.514062 0.276042 0.018008 0.02309
0 0.507031 0.2875 0.021202 0.026349
0 0.260937 0.291667 0.021161 0.025349
0 0.496875 0.292708 0.019627 0.024405
0 0.535156 0.292708 0.019792 0.025321
0 0.439844 0.298958 0.025638 0.033235
0 0.610156 0.3 0.025345 0.030561
0 0.171094 0.298958 0.019178 0.025168
0 0.407813 0.307292 0.019627 0.024405
0 0.379688 0.313542 0.023026 0.028919
0 0.31875 0.317708 0.018888 0.024375
0 0.889062 0.328125 0.025151 0.034267
0 0.354687 0.336458 0.027126 0.040986
0 0.791406 0.345833 0.019178 0.025168
0 0.208594 0.360417 0.032956 0.054953
0 0.313281 0.352083 0.023906 0.033448
0 0.220312 0.367708 0.017721 0.025103
0 0.380469 0.379167 0.020416 0.025301
0 0.660937 0.383333 0.023654 0.029634
0 0.722656 0.386458 0.0201 0.026364
0 0.516406 0.392708 0.028378 0.034945
0 0.792188 0.396875 0.030064 0.041337
0 0.3875 0.392708 0.024652 0.030465
0 0.476562 0.4125 0.045261 0.067719
0 0.359375 0.398958 0.024359 0.033115
0 0.836719 0.403125 0.025181 0.038675
0 0.88125 0.401042 0.020697 0.026524
0 0.507812 0.409375 0.025975 0.02964
0 0.514062 0.4125 0.018773 0.023107
0 0.975 0.413542 0.018939 0.024442
0 0.524219 0.426042 0.019429 0.026567
0 0.539062 0.436458 0.019627 0.024405
0 0.85625 0.4375 0.01802 0.023067
0 0.463281 0.442708 0.019638 0.024534
0 0.48125 0.444792 0.019035 0.026241
0 0.722656 0.442708 0.017301 0.024027
0 0.079687 0.44375 0.018161 0.023679
0 0.641406 0.447917 0.02118 0.025185
0 0.472656 0.453125 0.019558 0.02407
0 0.479687 0.458333 0.019832 0.026443
0 0.514844 0.482292 0.033346 0.069004
0 0.078906 0.4625 0.019638 0.024534
0 0.98902 0.465625 0.02196 0.028741
0 0.467187 0.464583 0.018048 0.02325
0 0.482812 0.465625 0.018939 0.024442
0 0.444531 0.473958 0.028922 0.037014
0 0.58125 0.478125 0.020566 0.026042
0 0.396094 0.495833 0.019792 0.025321
0 0.274219 0.522917 0.083276 0.091195
0 0.965625 0.497917 0.019339 0.027372
0 0.458594 0.528125 0.068527 0.097109
0 0.783594 0.50625 0.021259 0.029733
0 0.528125 0.514583 0.028987 0.037548
0 0.376563 0.5125 0.022945 0.029561
0 0.05625 0.516667 0.022447 0.02875
0 0.323437 0.535417 0.023899 0.035706
0 0.835156 0.54375 0.026613 0.0387
0 0.353125 0.545833 0.024586 0.035763
0 0.564844 0.554167 0.018876 0.02557
0 0.067969 0.554167 0.018939 0.024442
0 0.514844 0.559375 0.032824 0.030399
0 0.342187 0.571875 0.02639 0.041143
0 0.149219 0.576042 0.030534 0.038597
0 0.485156 0.576042 0.02989 0.035805
0 0.433594 0.582292 0.017982 0.022269
0 0.5 0.605208 0.039664 0.052156
0 0.767188 0.620833 0.020537 0.027934
0 0.210156 0.620833 0.018008 0.02309
0 0.186719 0.630208 0.018827 0.023629
0 0.25 0.63125 0.021887 0.025097
0 0.21875 0.6375 0.020566 0.026042
0 0.238281 0.638542 0.017982 0.022269
0 0.450781 0.652083 0.020341 0.025073
0 0.517188 0.654167 0.019792 0.025321
0 0.596875 0.663542 0.041559 0.04236
0 0.151562 0.664583 0.027854 0.040734
0 0.440625 0.664583 0.026273 0.033081
0 0.138281 0.664583 0.025197 0.031603
0 0.192188 0.66875 0.026881 0.031008
0 0.086719 0.680208 0.039062 0.053526
0 0.130469 0.678125 0.029518 0.034761
0 0.385937 0.678125 0.025211 0.033309
0 0.149219 0.68125 0.023462 0.02542
0 0.5 0.686458 0.024136 0.031823
0 0.203906 0.7 0.025343 0.032814
0 0.153125 0.697917 0.019638 0.024534
0 0.021094 0.698958 0.018756 0.022285
0 0.153125 0.70625 0.019531 0.026042
0 0.425781 0.710417 0.027678 0.033246
0 0.404687 0.709375 0.019693 0.028264
0 0.167187 0.709375 0.018008 0.02309
0 0.077344 0.715625 0.019574 0.023676
0 0.938281 0.722917 0.023929 0.036001
0 0.325781 0.720833 0.021239 0.025868
0 0.419531 0.719792 0.019627 0.024405
0 0.157031 0.732292 0.037824 0.043836
0 0.052344 0.728125 0.018939 0.024442
0 0.707812 0.732292 0.025914 0.032961
0 0.784375 0.7375 0.031622 0.044259
0 0.414062 0.7375 0.024447 0.033091
0 0.172656 0.738542 0.026299 0.033348
0 0.1125 0.745833 0.020046 0.026244
0 0.635156 0.773958 0.042279 0.046897
0 0.703125 0.767708 0.023319 0.029672
0 0.233594 0.769792 0.026608 0.030345
0 0.678125 0.782292 0.023461 0.030231
0 0.903906 0.78125 0.021701 0.028014
0 0.928906 0.786458 0.023219 0.032221
0 0.500781 0.788542 0.02431 0.030289
0 0.864062 0.789583 0.025047 0.032127
0 0.896875 0.795833 0.031421 0.036842
0 0.603906 0.791667 0.023607 0.028741
0 0.18125 0.79375 0.019053 0.030252
0 0.269531 0.803125 0.026274 0.039239
0 0.352344 0.803125 0.023223 0.035653
0 0.023438 0.802083 0.023583 0.030562
0 0.149219 0.801042 0.02197 0.025832
0 0.397656 0.802083 0.021727 0.028969
0 0.9875 0.810417 0.023476 0.030208
0 0.709375 0.814583 0.022935 0.033779
0 0.928125 0.820833 0.02545 0.035034
0 0.571094 0.825 0.026286 0.037622
0 0.891406 0.820833 0.021949 0.026392
0 0.357031 0.841667 0.039411 0.04859
0 0.582812 0.84375 0.030857 0.045082
0 0.057813 0.85 0.028044 0.034063
0 0.433594 0.844792 0.019909 0.025929
0 0.664844 0.851042 0.029632 0.037872
0 0.846875 0.851042 0.023758 0.031125
0 0.519531 0.853125 0.021701 0.028014
0 0.857031 0.858333 0.022346 0.029794
0 0.980469 0.863542 0.024467 0.034451
0 0.817187 0.861458 0.020046 0.026244
0 0.596094 0.865625 0.020736 0.028573
0 0.971094 0.865625 0.022128 0.030307
0 0.629687 0.873958 0.024472 0.040918
0 0.653906 0.869792 0.030802 0.034399
0 0.839844 0.870833 0.021443 0.029582
0 0.908594 0.870833 0.021198 0.026257
0 0.526563 0.875 0.025197 0.031603
0 0.032813 0.878125 0.022438 0.032662
0 0.149219 0.877083 0.017438 0.024063
0 0.776563 0.889583 0.033769 0.037093
0 0.590625 0.889583 0.020537 0.027934
0 0.572656 0.896875 0.02714 0.033665
0 0.148438 0.892708 0.018773 0.023107
0 0.826562 0.904167 0.030362 0.042134
0 0.1 0.905208 0.022828 0.027821
0 0.942187 0.904167 0.019733 0.025046
0 0.660156 0.904167 0.018008 0.02309
0 0.157031 0.910417 0.017759 0.024215
0 0.035937 0.91875 0.023385 0.032449
0 0.617188 0.920833 0.022303 0.032753
0 0.864844 0.930208 0.028269 0.031811
0 0.89375 0.928125 0.022729 0.02728
0 0.639062 0.93125 0.023931 0.031351
0 0.983594 0.929167 0.018561 0.025359
0 0.803125 0.936458 0.022995 0.032052
0 0.046875 0.938542 0.025469 0.031621
0 0.845313 0.939583 0.023192 0.02956
0 0.728906 0.939583 0.018876 0.02557
0 0.860156 0.940625 0.020441 0.025129
0 0.703906 0.945833 0.021618 0.02791
0 0.634375 0.947917 0.024983 0.031584
0 0.265625 0.948958 0.021128 0.024499
0 0.310937 0.960417 0.022143 0.027371
0 0.88125 0.9625 0.023293 0.029834
0 0.857031 0.963542 0.017438 0.024063
0 0.327344 0.967708 0.025877 0.028184
0 0.819531 0.973958 0.028246 0.034848
0 0.972656 0.972917 0.021788 0.030078
0 0.105469 0.971875 0.021618 0.02791
0 0.896875 0.978125 0.017438 0.024063
0 0.935937 0.982292 0.025252 0.029558
0 0.426563 0.982292 0.024258 0.025926
0 0.064844 0.985831 0.02588 0.028338
0 0.6375 0.986332 0.023319 0.027336
0 0.855469 0.985417 0.018939 0.024442
0 0.691406 0.990244 0.018939 0.019513