0 0.646094 0.022917 0.023538 0.032216
0 0.260156 0.026042 0.026156 0.035428
0 0.473438 0.029167 0.0184 0.026183
0 0.877344 0.032292 0.021701 0.028014
0 0.413281 0.040625 0.02095 0.027383
0 0.082031 0.04375 0.020422 0.025409
0 0.067187 0.065625 0.0197 0.025227
0 0.491406 0.075 0.018773 0.023107
0 0.59375 0.13125 0.019638 0.024534
0 0.11875 0.154167 0.028679 0.033878
0 0.507812 0.154167 0.019792 0.025321
0 0.464844 0.1875 0.02867 0.035498
0 0.665625 0.185417 0.023055 0.030355
0 0.885938 0.188542 0.026376 0.032785
0 0.865625 0.1875 0.019574 0.023676
0 0.354687 0.194792 0.018939 0.024442
0 0.923438 0.204167 0.018773 0.023107
0 0.735938 0.21875 0.020046 0.026244
0 0.960156 0.232292 0.018939 0.024442
0 0.380469 0.233333 0.021727 0.028969
0 0.842969 0.24375 0.01894 0.025253
0 0.711719 0.25625 0.021999 0.028864
0 0.911719 0.263542 0.024481 0.03562
0 0.278906 0.278125 0.025072 0.030368
0 0.596094 0.284375 0.021819 0.028356
0 0.008763 0.294792 0.017527 0.026567
0 0.99186 0.303125 0.016279 0.027568
0 0.536719 0.338542 0.022216 0.029845
0 0.747656 0.341667 0.025018 0.030234
0 0.534375 0.377083 0.03061 0.04493
0 0.758594 0.409375 0.022017 0.028277
0 0.578125 0.4125 0.023597 0.02855
0 0.542188 0.455208 0.01892 0.026267
0 0.071094 0.469792 0.021161 0.025349
0 0.80625 0.484375 0.019909 0.025929
0 0.899219 0.502083 0.029765 0.029636
0 0.064844 0.511458 0.025161 0.030661
0 0.207813 0.523958 0.021198 0.026257
0 0.417969 0.529167 0.020328 0.024087
0 0.835156 0.544792 0.021542 0.027554
0 0.29375 0.546875 0.019627 0.024405
0 0.142969 0.555208 0.022254 0.02805
0 0.279687 0.559375 0.019627 0.024405
0 0.119531 0.561458 0.017982 0.022269
0 0.324219 0.569792 0.018773 0.023107
0 0.204687 0.578125 0.019627 0.024405
0 0.126562 0.588542 0.02674 0.030964
0 0.188281 0.635417 0.019925 0.025905
0 0.791406 0.653125 0.021479 0.027243
0 0.273438 0.665625 0.02708 0.032573
0 0.444531 0.670833 0.021479 0.027243
0 0.374219 0.680208 0.020697 0.026524
0 0.722656 0.703125 0.02168 0.028193
0 0.888281 0.772917 0.017438 0.024063
0 0.555469 0.8 0.023702 0.033596
0 0.129688 0.817708 0.023607 0.028741
0 0.3625 0.822917 0.020537 0.027934
0 0.694531 0.841667 0.027597 0.033767
0 0.823438 0.848958 0.020058 0.027568
0 0.658594 0.889583 0.02563 0.034173
0 0.085156 0.917708 0.02537 0.032683
0 0.814063 0.921875 0.019992 0.026974
0 0.854688 0.930208 0.020676 0.026744
0 0.454688 0.939583 0.020529 0.025786
0 0.892188 0.970833 0.025589 0.035797