0 0.383594 0.032292 0.026299 0.033348
0 0.723437 0.041667 0.018561 0.025359
0 0.586719 0.051042 0.023597 0.02855
0 0.455469 0.05625 0.021999 0.028864
0 0.627344 0.077083 0.031247 0.039903
0 0.198437 0.086458 0.02838 0.035433
0 0.546875 0.107292 0.020058 0.027568
0 0.484375 0.13125 0.020328 0.024087
0 0.114062 0.136458 0.025022 0.031266
0 0.814844 0.142708 0.03727 0.042393
0 0.071094 0.155208 0.023026 0.028919
0 0.882031 0.163542 0.026637 0.037182
0 0.147656 0.163542 0.022017 0.028277
0 0.611719 0.178125 0.032929 0.048045
0 0.078125 0.176042 0.024847 0.031127
0 0.635938 0.19375 0.022111 0.027748
0 0.242969 0.264583 0.018939 0.024442
0 0.403906 0.282292 0.035315 0.042048
0 0.734375 0.282292 0.029528 0.037575
0 0.158594 0.277083 0.019543 0.023126
0 0.495312 0.327083 0.026593 0.033416
0 0.254688 0.336458 0.031967 0.041044
0 0.854688 0.344792 0.022758 0.030751
0 0.885938 0.347917 0.02203 0.026707
0 0.914844 0.365625 0.019053 0.030252
0 0.772656 0.38125 0.018008 0.02309
0 0.664844 0.389583 0.021999 0.028864
0 0.270313 0.402083 0.026593 0.033416
0 0.466406 0.407292 0.021339 0.026862
0 0.479687 0.419792 0.030136 0.042181
0 0.138281 0.422917 0.024584 0.031012
0 0.721094 0.43125 0.019574 0.023676
0 0.984375 0.4375 0.018827 0.023629
0 0.234375 0.44375 0.018008 0.02309
0 0.609375 0.461458 0.027266 0.035711
0 0.160938 0.464583 0.019792 0.025321
0 0.926562 0.472917 0.03421 0.038728
0 0.421875 0.472917 0.019574 0.023676
0 0.817187 0.49375 0.032876 0.035653
0 0.069531 0.509375 0.025129 0.029733
0 0.46875 0.509375 0.025032 0.033377
0 0.414844 0.511458 0.026299 0.033348
0 0.504687 0.514583 0.026963 0.035543
0 0.328125 0.530208 0.02732 0.035414
0 0.825781 0.532292 0.020328 0.024087
0 0.413281 0.553125 0.020537 0.027934
0 0.682813 0.571875 0.024539 0.034801
0 0.033594 0.571875 0.021198 0.026257
0 0.163281 0.580208 0.027816 0.035248
0 0.830469 0.580208 0.025753 0.033716
0 0.861719 0.589583 0.019574 0.023676
0 0.283594 0.607292 0.02217 0.02922
0 0.071094 0.610417 0.024229 0.027144
0 0.895312 0.613542 0.023987 0.031479
0 0.664844 0.628125 0.019909 0.025929
0 0.723437 0.63125 0.019925 0.025905
0 0.285938 0.63125 0.021095 0.022299
0 0.258594 0.663542 0.027411 0.037546
0 0.145313 0.666667 0.026421 0.03234
0 0.163281 0.666667 0.021479 0.027243
0 0.296875 0.666667 0.019558 0.02407
0 0.305469 0.672917 0.026045 0.036005
0 0.397656 0.672917 0.027883 0.036135
0 0.479687 0.676042 0.031551 0.038089
0 0.758594 0.678125 0.028058 0.036928
0 0.336719 0.684375 0.017438 0.024063
0 0.225781 0.708333 0.02827 0.040182
0 0.236719 0.698958 0.019627 0.024405
0 0.477344 0.708333 0.023988 0.030346
0 0.305469 0.738542 0.025552 0.033182
0 0.055469 0.803125 0.01971 0.025332
0 0.539844 0.827083 0.02393 0.031906
0 0.757031 0.839583 0.030642 0.035839
0 0.395313 0.839583 0.018773 0.023107
0 0.817187 0.839583 0.017345 0.026058
0 0.629687 0.844792 0.022495 0.030475
0 0.455469 0.863542 0.019733 0.025046
0 0.627344 0.875 0.020811 0.029482
0 0.760938 0.88125 0.018756 0.022285
0 0.953125 0.886458 0.021989 0.028877
0 0.785937 0.892708 0.018561 0.025359
0 0.239063 0.902083 0.028262 0.03619
0 0.734375 0.916667 0.023293 0.029834
0 0.364063 0.916667 0.02365 0.028234
0 0.301563 0.922917 0.02679 0.03209
0 0.089063 0.961458 0.020416 0.025301
0 0.944531 0.967708 0.021443 0.029582
0 0.352344 0.984429 0.026421 0.031142