0 0.878906 0.059375 0.021239 0.025868
0 0.854688 0.138542 0.023103 0.02886
0 0.124219 0.175 0.022227 0.031837
0 0.536719 0.322917 0.024652 0.030465
0 0.239844 0.348958 0.018939 0.024442
0 0.942187 0.369792 0.023654 0.029634
0 0.616406 0.384375 0.020328 0.024087
0 0.904687 0.447917 0.023545 0.026839
0 0.744531 0.50625 0.019638 0.024534
0 0.89375 0.526042 0.022729 0.02728
0 0.20625 0.555208 0.023878 0.029636
0 0.339062 0.696875 0.023538 0.032216
0 0.628125 0.716667 0.025957 0.03004
0 0.411719 0.71875 0.021259 0.029733
0 0.459375 0.785417 0.023778 0.030992
0 0.330469 0.790625 0.029381 0.033967
0 0.776563 0.802083 0.026041 0.030394
0 0.630469 0.815625 0.023569 0.034832
0 0.320312 0.817708 0.023185 0.034666
0 0.110937 0.840625 0.019925 0.025905
0 0.338281 0.860417 0.021701 0.028014
0 0.849219 0.946875 0.025047 0.032127
0 0.220312 0.96875 0.023368 0.030196