0 0.271875 0.096875 0.023438 0.034009
0 0.264844 0.103125 0.018827 0.023629
0 0.492188 0.119792 0.020134 0.027719
0 0.129688 0.123958 0.020551 0.027917
0 0.511719 0.163542 0.018773 0.023107
0 0.804688 0.170833 0.023234 0.02937
0 0.707031 0.173958 0.018756 0.022285
0 0.494531 0.204167 0.021479 0.027243
0 0.167969 0.217708 0.022995 0.032052
0 0.940625 0.219792 0.023339 0.03403
0 0.730469 0.291667 0.02752 0.030504
0 0.107813 0.321875 0.023471 0.0311
0 0.495312 0.325 0.025957 0.03004
0 0.173437 0.335417 0.018939 0.024442
0 0.265625 0.357292 0.02393 0.036
0 0.972656 0.36875 0.031453 0.035287
0 0.339062 0.395833 0.018756 0.022285
0 0.521875 0.433333 0.0197 0.025227
0 0.184375 0.454167 0.018773 0.023107
0 0.5375 0.463542 0.023476 0.030208
0 0.684375 0.491667 0.0201 0.026364
0 0.094531 0.625 0.025751 0.040097
0 0.352344 0.632292 0.018939 0.024442
0 0.177344 0.683333 0.021524 0.031658
0 0.325 0.691667 0.018756 0.022285
0 0.080469 0.709375 0.0197 0.025227
0 0.974219 0.744792 0.021198 0.026257
0 0.569531 0.785417 0.021479 0.027243
0 0.785156 0.794792 0.018773 0.023107
0 0.341406 0.809375 0.021819 0.028356
0 0.616406 0.8375 0.019457 0.033374
0 0.932031 0.857292 0.021563 0.029929
0 0.990224 0.863542 0.019552 0.032134
0 0.220312 0.86875 0.019792 0.025321
0 0.232813 0.976042 0.020046 0.026244
0 0.627344 0.988132 0.021645 0.023735