0 0.376563 0.060417 0.021996 0.031379
0 0.660937 0.245833 0.021924 0.035564
0 0.538281 0.308333 0.018773 0.023107
0 0.903125 0.33125 0.025116 0.032498
0 0.646875 0.348958 0.023592 0.030549
0 0.109375 0.383333 0.018773 0.023107
0 0.755469 0.398958 0.022242 0.030281
0 0.928125 0.475 0.019792 0.025321
0 0.441406 0.4875 0.022143 0.027371
0 0.671094 0.515625 0.022006 0.030167
0 0.185156 0.532292 0.024946 0.031337
0 0.332813 0.538542 0.019733 0.025046
0 0.279687 0.566667 0.022937 0.028155
0 0.220312 0.602083 0.019909 0.025929
0 0.135156 0.636458 0.021239 0.025868
0 0.271875 0.663542 0.019638 0.024534
0 0.301563 0.686458 0.025541 0.033198
0 0.615625 0.719792 0.026705 0.033543
0 0.925781 0.730208 0.018442 0.024589
0 0.652344 0.780208 0.018008 0.02309
0 0.578125 0.829167 0.018921 0.024472
0 0.283594 0.8625 0.021459 0.027275
0 0.745313 0.898958 0.023476 0.030208