0 0.095312 0.009953 0.0197 0.019905
0 0.655469 0.033333 0.032018 0.039342
0 0.188281 0.036458 0.021161 0.025349
0 0.932031 0.039583 0.018939 0.024442
0 0.746875 0.041667 0.019627 0.024405
0 0.859375 0.052083 0.019119 0.025492
0 0.444531 0.053125 0.025002 0.024117
0 0.475 0.061458 0.020866 0.027821
0 0.480469 0.061458 0.017877 0.026113
0 0.790625 0.064583 0.018029 0.025068
0 0.132812 0.067708 0.018876 0.02557
0 0.474219 0.070833 0.023437 0.034009
0 0.559375 0.077083 0.039935 0.036588
0 0.409375 0.070833 0.02426 0.027326
0 0.464844 0.075 0.023626 0.034578
0 0.466406 0.413542 0.45243 0.757433
0 0.477344 0.075 0.017835 0.025128
0 0.421094 0.075 0.021095 0.022299
0 0.147656 0.085417 0.028243 0.042835
0 0.439063 0.080208 0.023633 0.029668
0 0.922656 0.077083 0.019627 0.024405
0 0.172656 0.080208 0.02032 0.023137
0 0.401562 0.082292 0.020412 0.025429
0 0.428125 0.082292 0.01971 0.025332
0 0.73125 0.082292 0.01971 0.025332
0 0.420312 0.089583 0.027056 0.035451
0 0.117969 0.0875 0.020736 0.028573
0 0.475781 0.086458 0.019542 0.02313
0 0.550781 0.0875 0.018921 0.024472
0 0.43125 0.0875 0.020441 0.025129
0 0.410938 0.089583 0.021128 0.024499
0 0.55625 0.088542 0.01882 0.024173
0 0.049219 0.110417 0.044707 0.061019
0 0.551562 0.096875 0.024452 0.02879
0 0.45625 0.095833 0.02018 0.026907
0 0.499219 0.094792 0.018921 0.024472
0 0.526563 0.095833 0.017337 0.025026
0 0.535156 0.104167 0.035194 0.034675
0 0.45625 0.105208 0.02356 0.030315
0 0.142969 0.103125 0.020566 0.026042
0 0.475781 0.105208 0.022067 0.026726
0 0.816406 0.104167 0.017835 0.025128
0 0.494531 0.109375 0.020371 0.024457
0 0.539844 0.109375 0.020325 0.024095
0 0.321875 0.113542 0.023661 0.028066
0 0.511719 0.113542 0.01957 0.028162
0 0.488281 0.119792 0.025077 0.038096
0 0.221875 0.1125 0.020325 0.024095
0 0.26875 0.115625 0.020566 0.026042
0 0.497656 0.114583 0.019531 0.023958
0 0.539844 0.115625 0.020801 0.028133
0 0.55625 0.114583 0.019534 0.022292
0 0.763281 0.125 0.036683 0.047319
0 0.478125 0.11875 0.021875 0.027083
0 0.814844 0.119792 0.018048 0.02325
0 0.711719 0.125 0.021112 0.025088
0 0.285156 0.126042 0.018048 0.02325
0 0.301563 0.128125 0.022184 0.028014
0 0.285938 0.133333 0.019592 0.025156
0 0.276562 0.133333 0.018846 0.02378
0 0.927344 0.135417 0.020328 0.024087
0 0.31875 0.1375 0.018773 0.023107
0 0.300781 0.148958 0.028043 0.038856
0 0.851562 0.138542 0.017759 0.024215
0 0.296094 0.148958 0.019534 0.022292
0 0.269531 0.155208 0.018769 0.023116
0 0.953125 0.169792 0.029615 0.048399
0 0.060937 0.159375 0.019925 0.025905
0 0.785156 0.172917 0.027255 0.03971
0 0.24375 0.182292 0.041616 0.0503
0 0.305469 0.169792 0.020325 0.024095
0 0.666406 0.170833 0.021112 0.025088
0 0.448437 0.171875 0.021098 0.023144
0 0.059375 0.172917 0.018773 0.023107
0 0.221875 0.182292 0.020533 0.030297
0 0.227344 0.182292 0.018867 0.026122
0 0.8125 0.182292 0.019792 0.025321
0 0.857812 0.183333 0.020416 0.025301
0 0.192188 0.202083 0.030513 0.040893
0 0.297656 0.202083 0.027358 0.043088
0 0.134375 0.195833 0.019792 0.025321
0 0.540625 0.195833 0.018096 0.024127
0 0.220312 0.207292 0.02503 0.025946
0 0.488281 0.207292 0.021882 0.024105
0 0.497656 0.209375 0.022523 0.030827
0 0.752344 0.213542 0.024308 0.039626
0 0.257031 0.208333 0.024223 0.023755
0 0.21875 0.233333 0.031644 0.064653
0 0.492188 0.213542 0.023475 0.026349
0 0.167187 0.2125 0.024258 0.025926
0 0.625 0.213542 0.019574 0.023676
0 0.976562 0.21875 0.029726 0.033473
0 0.166406 0.217708 0.018756 0.022285
0 0.332813 0.21875 0.018756 0.022285
0 0.673438 0.223958 0.023097 0.028871
0 0.689063 0.221875 0.01813 0.025093
0 0.2 0.222917 0.020319 0.023139
0 0.665625 0.226042 0.02123 0.025887
0 0.820312 0.226042 0.017835 0.025128
0 0.435937 0.226042 0.019534 0.022292
0 0.679688 0.229167 0.022858 0.027444
0 0.686719 0.227083 0.018756 0.022285
0 0.2 0.228125 0.020314 0.022296
0 0.659375 0.241667 0.03364 0.040687
0 0.678125 0.241667 0.02267 0.027143
0 0.738281 0.242708 0.021267 0.029091
0 0.203906 0.24375 0.018827 0.023629
0 0.18125 0.245833 0.019868 0.025663
0 0.846875 0.247917 0.018939 0.024442
0 0.202344 0.248958 0.01882 0.024173
0 0.208594 0.251042 0.017778 0.027118
0 0.2 0.252083 0.021131 0.02449
0 0.010156 0.253125 0.019119 0.025492
0 0.853906 0.254167 0.019714 0.027305
0 0.952344 0.254167 0.018008 0.02309
0 0.221875 0.261458 0.026041 0.030394
0 0.289062 0.260417 0.019623 0.027154
0 0.979688 0.270833 0.031372 0.043672
0 0.867969 0.266667 0.022418 0.029062
0 0.114062 0.266667 0.02143 0.027648
0 0.210938 0.26875 0.023161 0.031454
0 0.792969 0.279167 0.022665 0.031292
0 0.685937 0.28125 0.023556 0.02766
0 0.2 0.284375 0.025365 0.0303
0 0.677344 0.282292 0.020339 0.023705
0 0.861719 0.284375 0.020736 0.028573
0 0.232813 0.289583 0.018823 0.029183
0 0.925 0.2875 0.018008 0.02309
0 0.15625 0.323958 0.031406 0.040761
0 0.009052 0.321875 0.018104 0.024748
0 0.691406 0.330208 0.028278 0.043647
0 0.089844 0.333333 0.019792 0.025321
0 0.027344 0.339583 0.019119 0.025492
0 0.678906 0.342708 0.021875 0.025
0 0.859375 0.347917 0.025164 0.03766
0 0.91875 0.346875 0.018756 0.022285
0 0.7 0.360417 0.023444 0.023751
0 0.703125 0.366667 0.021949 0.026392
0 0.699219 0.371875 0.020422 0.025409
0 0.703906 0.379167 0.022675 0.024528
0 0.211719 0.405208 0.020314 0.022296
0 0.009218 0.409375 0.018435 0.026728
0 0.204687 0.420833 0.042596 0.051277
0 0.666406 0.407292 0.020441 0.025129
0 0.814844 0.417708 0.018939 0.024442
0 0.88125 0.422917 0.021105 0.028403
0 0.915625 0.432292 0.022893 0.03006
0 0.839063 0.440625 0.034814 0.044373
0 0.826562 0.440625 0.020479 0.026286
0 0.229687 0.441667 0.021128 0.024499
0 0.082812 0.446875 0.020147 0.028452
0 0.04375 0.45 0.024381 0.03447
0 0.961719 0.451042 0.019638 0.024534
0 0.942969 0.459375 0.021727 0.031708
0 0.885156 0.458333 0.019627 0.024405
0 0.0375 0.467708 0.019638 0.024534
0 0.784375 0.476042 0.028132 0.040644
0 0.894531 0.485417 0.01971 0.025332
0 0.877344 0.494792 0.019627 0.024405
0 0.989411 0.496875 0.021178 0.028741
0 0.071875 0.5 0.019909 0.025929
0 0.714844 0.5 0.019119 0.025492
0 0.213281 0.501042 0.021095 0.022299
0 0.219531 0.503125 0.020313 0.025
0 0.830469 0.505208 0.02143 0.027648
0 0.006297 0.505208 0.012595 0.024442
0 0.232031 0.507292 0.018784 0.026311
0 0.946094 0.51875 0.0349 0.049499
0 0.245312 0.513542 0.02237 0.031064
0 0.670312 0.514583 0.018822 0.028144
0 0.714844 0.517708 0.020147 0.028452
0 0.232813 0.51875 0.026562 0.023958
0 0.257812 0.51875 0.019542 0.02313
0 0.678125 0.519792 0.01898 0.026202
0 0.259375 0.523958 0.018939 0.024442
0 0.711719 0.526042 0.025056 0.029313
0 0.225 0.527083 0.018769 0.023116
0 0.780469 0.540625 0.037383 0.04625
0 0.750781 0.533333 0.019534 0.022292
0 0.715625 0.539583 0.02128 0.027471
0 0.179688 0.546875 0.02101 0.028935
0 0.721094 0.544792 0.020319 0.023139
0 0.963281 0.547917 0.017721 0.025103
0 0.190625 0.554167 0.021972 0.025937
0 0.71875 0.555208 0.02111 0.023724
0 0.185156 0.557292 0.017438 0.024063
0 0.221875 0.585417 0.074034 0.081217
0 0.060156 0.561458 0.019094 0.02822
0 0.18125 0.5625 0.026663 0.030571
0 0.9125 0.563542 0.017317 0.024011
0 0.150781 0.566667 0.018442 0.024589
0 0.14375 0.5875 0.039692 0.052923
0 0.169531 0.575 0.018846 0.025128
0 0.059375 0.58125 0.021259 0.028345
0 0.064844 0.58125 0.017835 0.025128
0 0.155469 0.582292 0.018367 0.028175
0 0.833594 0.584375 0.019195 0.026357
0 0.79375 0.584375 0.018161 0.023679
0 0.084375 0.592708 0.022731 0.029504
0 0.053125 0.60625 0.035883 0.040752
0 0.18125 0.598958 0.021972 0.025937
0 0.800781 0.598958 0.018939 0.024442
0 0.821875 0.611458 0.046419 0.051029
0 0.766406 0.607292 0.025671 0.033745
0 0.18125 0.605208 0.019531 0.022917
0 0.759375 0.6125 0.024459 0.028776
0 0.314844 0.615625 0.020045 0.029423
0 0.309375 0.620833 0.020371 0.024457
0 0.653125 0.621875 0.018062 0.026069
0 0.128906 0.632292 0.026629 0.043788
0 0.264844 0.622917 0.023438 0.022303
0 0.641406 0.622917 0.020319 0.023139
0 0.628125 0.626042 0.021882 0.024105
0 0.309375 0.626042 0.019542 0.02313
0 0.265625 0.639583 0.026399 0.044968
0 0.302344 0.632292 0.017348 0.026056
0 0.311719 0.632292 0.018342 0.027161
0 0.639844 0.634375 0.017345 0.026058
0 0.291406 0.635417 0.021131 0.02449
0 0.30625 0.639583 0.019035 0.026241
0 0.290625 0.647917 0.038324 0.034918
0 0.639062 0.645833 0.01998 0.028483
0 0.305469 0.6875 0.0514 0.097352
0 0.124219 0.65 0.022708 0.026425
0 0.347656 0.647917 0.024235 0.025437
0 0.924219 0.653125 0.030084 0.035656
0 0.273438 0.652083 0.018836 0.029238
0 0.20625 0.658333 0.033693 0.043444
0 0.347656 0.652083 0.020377 0.024589
0 0.225781 0.661458 0.022976 0.038617
0 0.284375 0.65625 0.023439 0.023154
0 0.3 0.658333 0.017721 0.025103
0 0.263281 0.659375 0.019429 0.026567
0 0.280469 0.6625 0.025815 0.028335
0 0.186719 0.665625 0.018785 0.024068
0 0.284375 0.666667 0.018769 0.023116
0 0.298438 0.66875 0.018048 0.02325
0 0.21875 0.670833 0.02428 0.026843
0 0.329688 0.684375 0.041942 0.04832
0 0.589063 0.69375 0.03733 0.062787
0 0.213281 0.677083 0.02664 0.028215
0 0.284375 0.676042 0.018921 0.024472
0 0.253906 0.679167 0.023592 0.027503
0 0.278125 0.677083 0.01882 0.024173
0 0.234375 0.683333 0.021227 0.032507
0 0.601562 0.680208 0.018331 0.025253
0 0.246875 0.683333 0.019972 0.028419
0 0.253125 0.692708 0.025998 0.03813
0 0.789844 0.686458 0.01875 0.023958
0 0.266406 0.695833 0.029835 0.031102
0 0.285938 0.688542 0.018756 0.022285
0 0.207813 0.690625 0.019534 0.022292
0 0.605469 0.690625 0.020377 0.024589
0 0.198437 0.709375 0.04774 0.056038
0 0.844531 0.692708 0.018161 0.023679
0 0.929688 0.697917 0.018773 0.023107
0 0.334375 0.705208 0.025857 0.028661
0 0.744531 0.703125 0.022756 0.02825
0 0.324219 0.727083 0.043422 0.053708
0 0.335156 0.714583 0.016719 0.026046
0 0.372656 0.714583 0.018846 0.02378
0 0.555469 0.71875 0.030519 0.031586
0 0.85625 0.715625 0.01733 0.02503
0 0.866406 0.717708 0.022393 0.030491
0 0.280469 0.717708 0.021161 0.025349
0 0.376563 0.719792 0.020314 0.022296
0 0.310156 0.722917 0.021102 0.024102
0 0.949219 0.725 0.02168 0.028193
0 0.284375 0.725 0.018096 0.024127
0 0.588281 0.728125 0.020635 0.029352
0 0.469531 0.728125 0.01882 0.024173
0 0.402344 0.73125 0.018442 0.027169
0 0.46875 0.734375 0.019574 0.023676
0 0.267188 0.736458 0.027355 0.0264
0 0.571875 0.7375 0.023438 0.022917
0 0.417969 0.739583 0.021108 0.025096
0 0.388281 0.741667 0.018342 0.027161
0 0.575 0.745833 0.018921 0.024472
0 0.607812 0.754167 0.020866 0.030437
0 0.488281 0.75625 0.018769 0.023116
0 0.178906 0.759375 0.018756 0.022285
0 0.534375 0.764583 0.018823 0.029183
0 0.091406 0.766667 0.020811 0.029482
0 0.528125 0.772917 0.02617 0.036863
0 0.325 0.770833 0.019531 0.022917
0 0.710156 0.780208 0.018784 0.026311
0 0.2375 0.792708 0.025797 0.040638
0 0.434375 0.788542 0.018756 0.022285
0 0.870313 0.791667 0.019574 0.023676
0 0.433594 0.792708 0.019543 0.023126
0 0.060937 0.797917 0.018304 0.026169
0 0.733594 0.8 0.0184 0.026183
0 0.713281 0.802083 0.019638 0.024534
0 0.302344 0.805208 0.020371 0.024457
0 0.246875 0.844792 0.072668 0.077101
0 0.778906 0.830208 0.026585 0.035972
0 0.05625 0.830208 0.020509 0.025821
0 0.173437 0.832292 0.021239 0.025868
0 0.861719 0.8375 0.018442 0.024589
0 0.765625 0.841667 0.018331 0.025253
0 0.964063 0.846875 0.021339 0.026862
0 0.396875 0.90625 0.111299 0.119593
0 0.073438 0.861458 0.01875 0.023958
0 0.471875 0.866667 0.022067 0.026726
0 0.635156 0.872917 0.021112 0.025088
0 0.898438 0.880208 0.022756 0.02825
0 0.972656 0.882292 0.019053 0.030252
0 0.24375 0.884375 0.021314 0.02663
0 0.85625 0.884375 0.017438 0.024063
0 0.984375 0.886458 0.020319 0.023139
0 0.973437 0.895833 0.027419 0.03604
0 0.477344 0.894792 0.023081 0.032753
0 0.589063 0.901042 0.028975 0.035856
0 0.66875 0.898958 0.01902 0.024748
0 0.778125 0.905208 0.02663 0.032366
0 0.877344 0.902083 0.021479 0.027243
0 0.567969 0.905208 0.018442 0.024589
0 0.10625 0.909375 0.023535 0.029328
0 0.539062 0.920833 0.035624 0.052748
0 0.978906 0.908333 0.020422 0.025409
0 0.596094 0.908333 0.018096 0.024127
0 0.967969 0.909375 0.01882 0.024173
0 0.590625 0.911458 0.019724 0.029262
0 0.496094 0.926042 0.045309 0.054351
0 0.96875 0.913542 0.02111 0.023724
0 0.460156 0.920833 0.02588 0.029593
0 0.975 0.921875 0.019531 0.026042
0 0.65 0.926042 0.01902 0.024748
0 0.527344 0.927083 0.019534 0.022292
0 0.308594 0.945833 0.018846 0.02378
0 0.774219 0.947917 0.021727 0.028969
0 0.450781 0.951042 0.026221 0.032529
0 0.007565 0.95 0.01513 0.024215
0 0.226562 0.96875 0.036002 0.039833
0 0.107813 0.975 0.03293 0.040798
0 0.198437 0.972917 0.026787 0.037786
0 0.497656 0.970833 0.018367 0.028175
0 0.430469 0.973958 0.020566 0.026042
0 0.416406 0.986851 0.019893 0.026298
0 0.299219 0.990774 0.019627 0.018453
0 0.5 0.5 1.0 1.0
0 0.5 0.5 1.0 1.0
0 0.5 0.5 1.0 1.0
0 0.5 0.5 1.0 1.0
0 0.5 0.5 1.0 1.0
0 0.5 0.5 1.0 1.0
0 0.5 0.5 1.0 1.0
0 0.5 0.5 1.0 1.0
0 0.5 0.5 1.0 1.0
0 0.5 0.5 1.0 1.0
0 0.5 0.5 1.0 1.0
0 0.5 0.5 1.0 1.0
0 0.5 0.5 1.0 1.0
0 0.5 0.5 1.0 1.0
0 0.5 0.5 1.0 1.0
0 0.5 0.5 1.0 1.0
0 0.5 0.5 1.0 1.0
0 0.5 0.5 1.0 1.0
0 0.5 0.5 1.0 1.0
0 0.5 0.5 1.0 1.0
0 0.5 0.5 1.0 1.0
0 0.5 0.5 1.0 1.0
0 0.5 0.5 1.0 1.0
0 0.5 0.5 1.0 1.0
0 0.5 0.5 1.0 1.0
0 0.5 0.5 1.0 1.0
0 0.5 0.5 1.0 1.0
0 0.5 0.5 1.0 1.0
0 0.5 0.5 1.0 1.0
0 0.5 0.5 1.0 1.0
0 0.5 0.5 1.0 1.0
0 0.5 0.5 1.0 1.0
0 0.5 0.5 1.0 1.0
0 0.5 0.5 1.0 1.0
0 0.5 0.5 1.0 1.0
0 0.5 0.5 1.0 1.0
0 0.5 0.5 1.0 1.0
0 0.5 0.5 1.0 1.0
0 0.5 0.5 1.0 1.0
0 0.5 0.5 1.0 1.0
0 0.5 0.5 1.0 1.0
0 0.5 0.5 1.0 1.0
0 0.5 0.5 1.0 1.0
0 0.5 0.5 1.0 1.0
0 0.5 0.5 1.0 1.0
0 0.5 0.5 1.0 1.0
0 0.5 0.5 1.0 1.0
0 0.5 0.5 1.0 1.0
0 0.5 0.5 1.0 1.0
0 0.5 0.5 1.0 1.0
0 0.5 0.5 1.0 1.0
0 0.5 0.5 1.0 1.0
0 0.5 0.5 1.0 1.0
0 0.5 0.5 1.0 1.0
0 0.5 0.5 1.0 1.0
0 0.5 0.5 1.0 1.0
0 0.5 0.5 1.0 1.0
0 0.5 0.5 1.0 1.0
0 0.5 0.5 1.0 1.0
0 0.5 0.5 1.0 1.0
0 0.5 0.5 1.0 1.0
0 0.5 0.5 1.0 1.0
0 0.5 0.5 1.0 1.0
0 0.5 0.5 1.0 1.0
0 0.5 0.5 1.0 1.0
0 0.5 0.5 1.0 1.0
0 0.5 0.5 1.0 1.0
0 0.5 0.5 1.0 1.0
0 0.5 0.5 1.0 1.0