0 0.500781 0.032292 0.035313 0.041923
0 0.04375 0.035417 0.018773 0.023107
0 0.65625 0.058333 0.020789 0.026845
0 0.16875 0.075 0.026064 0.033611
0 0.192188 0.080208 0.021198 0.026257
0 0.463281 0.086458 0.018773 0.023107
0 0.498437 0.108333 0.018773 0.023107
0 0.629687 0.135417 0.029379 0.038848
0 0.954688 0.15625 0.023293 0.029834
0 0.85625 0.183333 0.029425 0.041796
0 0.1125 0.190625 0.023654 0.029634
0 0.472656 0.2 0.028708 0.037808
0 0.395313 0.211458 0.020479 0.026286
0 0.359375 0.230208 0.020566 0.026042
0 0.173437 0.272917 0.021902 0.027122
0 0.284375 0.284375 0.025161 0.030661
0 0.566406 0.282292 0.021339 0.026862
0 0.144531 0.333333 0.025249 0.036187
0 0.375781 0.369792 0.027671 0.037831
0 0.602344 0.382292 0.041254 0.053322
0 0.550781 0.378125 0.031692 0.040517
0 0.061719 0.385417 0.020209 0.029396
0 0.520312 0.383333 0.018773 0.023107
0 0.310937 0.405208 0.021701 0.028014
0 0.6125 0.417708 0.019543 0.023126
0 0.086719 0.4625 0.030704 0.035247
0 0.165625 0.484375 0.032475 0.041347
0 0.185156 0.484375 0.018876 0.02557
0 0.964844 0.580208 0.021314 0.02663
0 0.2875 0.5875 0.019574 0.023676
0 0.147656 0.602083 0.028514 0.039665
0 0.334375 0.60625 0.032671 0.044077
0 0.909375 0.613542 0.029623 0.036902
0 0.357812 0.6125 0.018161 0.023679
0 0.503906 0.625 0.035083 0.047568
0 0.586719 0.660417 0.036852 0.043386
0 0.176563 0.654167 0.017658 0.024165
0 0.529687 0.660417 0.018921 0.024472
0 0.533594 0.683333 0.038518 0.048713
0 0.848437 0.686458 0.027894 0.039126
0 0.739844 0.769792 0.018561 0.025359
0 0.746875 0.78125 0.024416 0.036121
0 0.479687 0.805208 0.036954 0.044164
0 0.605469 0.808333 0.031019 0.040006
0 0.928906 0.80625 0.022209 0.029294
0 0.535156 0.81875 0.022464 0.028723
0 0.783594 0.85625 0.021479 0.027243
0 0.008677 0.865625 0.017354 0.034186
0 0.544531 0.870833 0.018008 0.02309
0 0.55 0.882292 0.021131 0.02449
0 0.7375 0.910417 0.019909 0.025929