0 0.375781 0.04375 0.018921 0.024472
0 0.882812 0.047917 0.019638 0.024534
0 0.773438 0.0625 0.025727 0.032655
0 0.264062 0.066667 0.018921 0.024472
0 0.908594 0.069792 0.018773 0.023107
0 0.545312 0.076042 0.029307 0.034742
0 0.803125 0.085417 0.019925 0.025905
0 0.439063 0.094792 0.02732 0.035414
0 0.213281 0.108333 0.019627 0.024405
0 0.403906 0.109375 0.021443 0.029582
0 0.063281 0.119792 0.033777 0.048436
0 0.311719 0.126042 0.027802 0.033509
0 0.671094 0.122917 0.017759 0.024215
0 0.45625 0.138542 0.020479 0.026286
0 0.391406 0.179167 0.024926 0.034184
0 0.649219 0.19375 0.018876 0.02557
0 0.403906 0.211458 0.021618 0.02791
0 0.278906 0.216667 0.020328 0.024087
0 0.913281 0.240625 0.018561 0.025359
0 0.178125 0.25 0.021243 0.027194
0 0.723437 0.251042 0.022937 0.028155
0 0.589063 0.264583 0.019638 0.024534
0 0.749219 0.277083 0.018561 0.025359
0 0.34375 0.280208 0.022729 0.02728
0 0.076563 0.29375 0.026299 0.033348
0 0.434375 0.294792 0.027468 0.034971
0 0.532031 0.292708 0.021161 0.025349
0 0.489844 0.297917 0.023192 0.02956
0 0.75625 0.3125 0.020566 0.026042
0 0.536719 0.31875 0.021618 0.02791
0 0.474219 0.322917 0.022883 0.028677
0 0.592969 0.325 0.022495 0.030475
0 0.627344 0.332292 0.02143 0.027648
0 0.448437 0.335417 0.020416 0.025301
0 0.71875 0.35625 0.019638 0.024534
0 0.648438 0.363542 0.019925 0.025905
0 0.369531 0.383333 0.021314 0.02663
0 0.221875 0.386458 0.019574 0.023676
0 0.863281 0.404167 0.020046 0.026244
0 0.253125 0.407292 0.020647 0.026788
0 0.689844 0.436458 0.021924 0.029232
0 0.296875 0.4375 0.021887 0.025097
0 0.732812 0.439583 0.018773 0.023107
0 0.853125 0.453125 0.026275 0.033933
0 0.634375 0.457292 0.019627 0.024405
0 0.566406 0.459375 0.019638 0.024534
0 0.275 0.461458 0.020416 0.025301
0 0.11875 0.4625 0.019638 0.024534
0 0.557813 0.473958 0.019909 0.025929
0 0.917969 0.480208 0.024496 0.029918
0 0.024219 0.482292 0.021339 0.026862
0 0.084375 0.485417 0.018773 0.023107
0 0.125 0.494792 0.019574 0.023676
0 0.398438 0.50625 0.018773 0.023107
0 0.372656 0.511458 0.021339 0.026862
0 0.122656 0.517708 0.019773 0.0268
0 0.402344 0.517708 0.018827 0.023629
0 0.396875 0.525 0.019531 0.026042
0 0.458594 0.526042 0.020537 0.027934
0 0.124219 0.528125 0.020441 0.025129
0 0.196094 0.5375 0.022094 0.027539
0 0.367969 0.541667 0.021145 0.028907
0 0.733594 0.546875 0.028761 0.037014
0 0.523438 0.557292 0.036495 0.040443
0 0.542188 0.551042 0.022726 0.025872
0 0.567969 0.552083 0.021542 0.027554
0 0.011256 0.55625 0.022513 0.033933
0 0.578906 0.5625 0.021542 0.027554
0 0.221875 0.56875 0.021243 0.027194
0 0.35 0.572917 0.018161 0.023679
0 0.592969 0.5875 0.021999 0.028864
0 0.607031 0.589583 0.025032 0.033377
0 0.176563 0.6125 0.019792 0.025321
0 0.796875 0.6125 0.019574 0.023676
0 0.294531 0.626042 0.040107 0.050315
0 0.153125 0.616667 0.017438 0.024063
0 0.546875 0.619792 0.024516 0.030178
0 0.0875 0.61875 0.018756 0.022285
0 0.5375 0.622917 0.019574 0.023676
0 0.096875 0.636458 0.033422 0.046265
0 0.215625 0.629167 0.019543 0.023126
0 0.251563 0.639583 0.028161 0.041733
0 0.991146 0.633333 0.017708 0.025321
0 0.191406 0.645833 0.024483 0.035321
0 0.58125 0.641667 0.020328 0.024087
0 0.230469 0.795833 0.189717 0.317599
0 0.158594 0.652083 0.028203 0.042728
0 0.499219 0.642708 0.018008 0.02309
0 0.416406 0.644792 0.018756 0.022285
0 0.609375 0.645833 0.019531 0.027421
0 0.260937 0.653125 0.021479 0.027243
0 0.821875 0.655208 0.025219 0.029986
0 0.623437 0.65625 0.026057 0.030133
0 0.132031 0.658333 0.019558 0.02407
0 0.192969 0.659375 0.022261 0.027887
0 0.730469 0.657292 0.018008 0.02309
0 0.510938 0.669792 0.022828 0.027821
0 0.310937 0.677083 0.02886 0.039728
0 0.28125 0.670833 0.019119 0.025492
0 0.170313 0.671875 0.018442 0.024589
0 0.655469 0.672917 0.021362 0.02664
0 0.358594 0.675 0.02032 0.023137
0 0.465625 0.675 0.018008 0.02309
0 0.560156 0.679167 0.01894 0.025253
0 0.340625 0.689583 0.023456 0.028163
0 0.28125 0.688542 0.018756 0.022285
0 0.635938 0.692708 0.019925 0.025905
0 0.509375 0.696875 0.018846 0.027254
0 0.160938 0.7 0.021161 0.025349
0 0.478125 0.702083 0.020416 0.025301
0 0.463281 0.711458 0.021701 0.028014
0 0.510938 0.709375 0.018008 0.02309
0 0.146875 0.716667 0.022937 0.028155
0 0.770312 0.721875 0.019909 0.025929
0 0.639062 0.723958 0.019733 0.025046
0 0.445312 0.725 0.018161 0.023679
0 0.344531 0.728125 0.018331 0.025253
0 0.589844 0.728125 0.021314 0.02663
0 0.400781 0.734375 0.021243 0.027194
0 0.825 0.739583 0.021978 0.027245
0 0.017969 0.744792 0.020416 0.025301
0 0.085938 0.754167 0.019574 0.023676
0 0.648438 0.757292 0.019909 0.025929
0 0.529687 0.760417 0.020046 0.026244
0 0.372656 0.7625 0.019627 0.024405
0 0.640625 0.765625 0.02381 0.030106
0 0.134375 0.769792 0.026585 0.035972
0 0.467187 0.76875 0.020529 0.025786
0 0.779687 0.771875 0.02095 0.027383
0 0.367969 0.773958 0.018008 0.02309
0 0.042188 0.780208 0.022828 0.027821
0 0.652344 0.7875 0.018876 0.02557
0 0.339844 0.795833 0.022464 0.028723
0 0.533594 0.796875 0.021339 0.026862
0 0.151562 0.8 0.02111 0.023724
0 0.69375 0.802083 0.019925 0.025905
0 0.627344 0.803125 0.018939 0.024442
0 0.866406 0.816667 0.024436 0.037912
0 0.150781 0.810417 0.02032 0.023137
0 0.691406 0.814583 0.020551 0.027917
0 0.533594 0.813542 0.018008 0.02309
0 0.435156 0.81875 0.020416 0.025301
0 0.388281 0.839583 0.035044 0.057457
0 0.908594 0.833333 0.026624 0.038226
0 0.158594 0.835417 0.017345 0.026058
0 0.660156 0.839583 0.020328 0.024087
0 0.625 0.847917 0.02507 0.027729
0 0.569531 0.847917 0.018342 0.027161
0 0.505469 0.85 0.02168 0.028193
0 0.146875 0.853125 0.024079 0.030374
0 0.408594 0.85 0.018773 0.023107
0 0.366406 0.859375 0.017317 0.024011
0 0.379688 0.860417 0.019627 0.024405
0 0.303125 0.865625 0.025056 0.029313
0 0.45625 0.866667 0.020676 0.026744
0 0.465625 0.875 0.020537 0.027934
0 0.570312 0.876042 0.018939 0.024442
0 0.851562 0.877083 0.020416 0.025301
0 0.479687 0.883333 0.018756 0.022285
0 0.170313 0.886458 0.019613 0.024433
0 0.957812 0.890625 0.026932 0.035136
0 0.382031 0.891667 0.021239 0.025868
0 0.175781 0.89375 0.018773 0.023107
0 0.175 0.897917 0.019542 0.02313
0 0.183594 0.904167 0.021094 0.022917
0 0.657813 0.909375 0.019792 0.025321
0 0.157812 0.916667 0.025811 0.034415
0 0.750781 0.919792 0.02545 0.035034
0 0.395313 0.91875 0.018029 0.025068
0 0.207031 0.91875 0.021878 0.023149
0 0.271094 0.920833 0.021131 0.02449
0 0.259375 0.930208 0.030693 0.039203
0 0.15 0.928125 0.01733 0.02503
0 0.057031 0.93125 0.021999 0.028864
0 0.847656 0.929167 0.020371 0.024457
0 0.245312 0.930208 0.025004 0.025114
0 0.3 0.930208 0.019446 0.026546
0 0.490625 0.93125 0.02365 0.028234
0 0.097656 0.93125 0.018008 0.02309
0 0.23125 0.932292 0.020313 0.023958
0 0.178125 0.940625 0.025472 0.034539
0 0.30625 0.935417 0.018773 0.023107
0 0.300781 0.9375 0.018876 0.02557
0 0.459375 0.939583 0.017982 0.022269
0 0.208594 0.945833 0.017778 0.027118
0 0.017969 0.953125 0.028154 0.035447
0 0.257031 0.952083 0.022227 0.031837
0 0.352344 0.95 0.021198 0.026257
0 0.139063 0.954167 0.025056 0.029313
0 0.203125 0.952083 0.025792 0.025449
0 0.273438 0.953125 0.019543 0.023126
0 0.21875 0.955208 0.020356 0.026075
0 0.09375 0.95625 0.019733 0.025046
0 0.403906 0.955208 0.018773 0.023107
0 0.164062 0.957292 0.018442 0.024589
0 0.148438 0.964583 0.017438 0.024063
0 0.201563 0.970833 0.026779 0.031865
0 0.500781 0.966667 0.021701 0.028014
0 0.35 0.967708 0.01902 0.024748
0 0.692187 0.970833 0.017969 0.025
0 0.482812 0.976042 0.023556 0.02766
0 0.45625 0.980387 0.031007 0.039227
0 0.4375 0.976042 0.019925 0.025905
0 0.921875 0.979167 0.022227 0.031837
0 0.258594 0.982292 0.022815 0.027608
0 0.203906 0.983333 0.019925 0.025905
0 0.286719 0.986026 0.024736 0.027949
0 0.278906 0.986458 0.019552 0.024083
0 0.179688 0.985417 0.018756 0.022285