0 0.253125 0.067708 0.019574 0.023676
0 0.541406 0.075 0.021339 0.026862
0 0.773438 0.08125 0.019534 0.022292
0 0.053125 0.102083 0.016714 0.025008
0 0.46875 0.165625 0.022729 0.02728
0 0.49375 0.290625 0.022729 0.02728
0 0.873437 0.295833 0.019733 0.025046
0 0.259375 0.305208 0.019036 0.029228
0 0.533594 0.386458 0.030557 0.031892
0 0.330469 0.522917 0.023597 0.02855
0 0.103906 0.522917 0.021479 0.027243
0 0.707031 0.584375 0.021239 0.025868
0 0.278125 0.586458 0.023293 0.029834
0 0.76875 0.635417 0.019792 0.025321
0 0.875781 0.664583 0.021202 0.026349
0 0.850781 0.755208 0.018773 0.023107
0 0.157812 0.75625 0.01902 0.024748
0 0.592969 0.773958 0.018008 0.02309
0 0.692187 0.83125 0.019638 0.024534