0 0.692969 0.034375 0.019035 0.026241
0 0.189062 0.040625 0.017835 0.025128
0 0.160938 0.063542 0.020416 0.025301
0 0.853906 0.06875 0.021314 0.02663
0 0.697656 0.089583 0.021819 0.028356
0 0.74375 0.109375 0.018773 0.023107
0 0.632812 0.132292 0.01875 0.023958
0 0.652344 0.180208 0.018442 0.024589
0 0.334375 0.233333 0.019574 0.023676
0 0.179688 0.266667 0.022937 0.028155
0 0.053125 0.270833 0.019574 0.023676
0 0.946094 0.289583 0.021161 0.025349
0 0.638281 0.346875 0.017438 0.024063
0 0.322656 0.480208 0.021243 0.027194
0 0.182812 0.485417 0.02287 0.028488
0 0.022656 0.498958 0.018773 0.023107
0 0.448437 0.5375 0.020416 0.025301
0 0.785937 0.540625 0.022729 0.02728
0 0.697656 0.669792 0.019638 0.024534
0 0.452344 0.671875 0.018773 0.023107
0 0.059375 0.686458 0.020422 0.025409
0 0.671094 0.690625 0.021239 0.025868
0 0.365625 0.723958 0.019627 0.024405
0 0.321094 0.751042 0.019574 0.023676
0 0.295312 0.803125 0.022551 0.029062
0 0.748437 0.828125 0.031175 0.042754
0 0.375 0.842708 0.019683 0.026728
0 0.521875 0.894792 0.023821 0.030088
0 0.725 0.95 0.0201 0.026364