0 0.685937 0.014415 0.023786 0.028829
0 0.277344 0.025 0.022883 0.028677
0 0.35625 0.028125 0.019531 0.026042
0 0.575 0.04375 0.021978 0.027245
0 0.366406 0.046875 0.018773 0.023107
0 0.175781 0.061458 0.024291 0.029293
0 0.591406 0.065625 0.021819 0.028356
0 0.571875 0.078125 0.022788 0.029292
0 0.323437 0.113542 0.019992 0.026974
0 0.528125 0.146875 0.031696 0.036899
0 0.271094 0.158333 0.026008 0.033043
0 0.703906 0.155208 0.021247 0.027272
0 0.474219 0.160417 0.017438 0.024063
0 0.042188 0.171875 0.026572 0.029211
0 0.025 0.18125 0.027736 0.035553
0 0.595313 0.176042 0.01902 0.024748
0 0.499219 0.209375 0.021701 0.028014
0 0.41875 0.215625 0.026453 0.037035
0 0.019531 0.234375 0.025513 0.033411
0 0.388281 0.241667 0.033183 0.039464
0 0.142187 0.239583 0.025273 0.030852
0 0.78125 0.265625 0.022128 0.030307
0 0.617969 0.278125 0.02143 0.027648
0 0.980469 0.289583 0.02143 0.027648
0 0.4375 0.336458 0.028125 0.037981
0 0.351562 0.330208 0.018161 0.023679
0 0.169531 0.336458 0.022418 0.029062
0 0.46875 0.346875 0.030283 0.041562
0 0.979688 0.35 0.02684 0.038261
0 0.802344 0.347917 0.02537 0.032683
0 0.161719 0.36875 0.023293 0.029834
0 0.46875 0.367708 0.018939 0.024442
0 0.46875 0.391667 0.025969 0.032604
0 0.502344 0.390625 0.019558 0.02407
0 0.424219 0.40625 0.018939 0.024442
0 0.489063 0.410417 0.01733 0.02503
0 0.629687 0.457292 0.02466 0.031871
0 0.653906 0.455208 0.021701 0.028014
0 0.211719 0.4625 0.022756 0.02825
0 0.610156 0.4875 0.021882 0.024105
0 0.51875 0.496875 0.01733 0.02503
0 0.086719 0.511458 0.028472 0.03641
0 0.605469 0.515625 0.018124 0.023544
0 0.603125 0.53125 0.027149 0.037383
0 0.736719 0.530208 0.02397 0.033798
0 0.40625 0.532292 0.025129 0.029733
0 0.59375 0.532292 0.020432 0.028638
0 0.433594 0.535417 0.024425 0.030612
0 0.721094 0.536458 0.021999 0.028864
0 0.742188 0.555208 0.029453 0.043979
0 0.0625 0.55 0.021978 0.027245
0 0.384375 0.580208 0.024425 0.030612
0 0.754687 0.586458 0.01882 0.024173
0 0.845313 0.59375 0.020058 0.027568
0 0.044531 0.611458 0.018773 0.023107
0 0.008409 0.621875 0.016818 0.023676
0 0.515625 0.652083 0.022729 0.02728
0 0.444531 0.663542 0.018827 0.023629
0 0.921094 0.665625 0.025056 0.029313
0 0.465625 0.686458 0.026772 0.03459
0 0.2125 0.6875 0.018008 0.02309
0 0.06875 0.697917 0.024847 0.031127
0 0.009205 0.711458 0.01841 0.024542
0 0.401562 0.726042 0.023607 0.028741
0 0.357031 0.738542 0.027331 0.039247
0 0.195312 0.739583 0.024225 0.030977
0 0.194531 0.761458 0.024565 0.029737
0 0.264844 0.764583 0.03169 0.04013
0 0.133594 0.784375 0.019633 0.024542
0 0.009204 0.816667 0.018407 0.024405
0 0.2125 0.828125 0.027446 0.035786
0 0.330469 0.826042 0.023385 0.032449
0 0.028906 0.834375 0.020416 0.025301
0 0.234375 0.853125 0.023293 0.029834
0 0.634375 0.853125 0.019792 0.025321
0 0.059375 0.8625 0.019693 0.024852
0 0.284375 0.875 0.027266 0.035711
0 0.778125 0.888542 0.023227 0.029506
0 0.540625 0.904167 0.020537 0.027934
0 0.805469 0.940625 0.033972 0.067784
0 0.732031 0.927083 0.021727 0.028969
0 0.617188 0.957292 0.020432 0.028638
0 0.777344 0.976042 0.021819 0.028356
0 0.344531 0.983042 0.02929 0.033915