0 0.820312 0.04375 0.020697 0.026524
0 0.676562 0.076042 0.024381 0.03447
0 0.624219 0.204167 0.025002 0.031555
0 0.846875 0.216667 0.020058 0.027568
0 0.63125 0.245833 0.025183 0.032816
0 0.775781 0.28125 0.01882 0.024173
0 0.7 0.286458 0.020046 0.026244
0 0.953906 0.305208 0.025086 0.031874
0 0.624219 0.321875 0.021339 0.026862
0 0.600781 0.320833 0.018008 0.02309
0 0.360938 0.333333 0.026195 0.032242
0 0.822656 0.370833 0.021247 0.027272
0 0.63125 0.498958 0.023952 0.034149
0 0.917969 0.501042 0.021542 0.027554
0 0.185156 0.520833 0.024467 0.034451
0 0.815625 0.516667 0.020416 0.025301
0 0.496094 0.535417 0.021999 0.028864
0 0.429688 0.563542 0.021247 0.027272
0 0.940625 0.572917 0.022756 0.02825
0 0.233594 0.588542 0.025706 0.036613
0 0.670312 0.592708 0.026075 0.034418
0 0.314063 0.604167 0.019893 0.027596
0 0.990283 0.6375 0.019434 0.028193
0 0.917969 0.641667 0.023964 0.032621
0 0.789062 0.685417 0.020134 0.027719
0 0.875781 0.7 0.025151 0.034267
0 0.555469 0.709375 0.025032 0.033377
0 0.014844 0.735417 0.02563 0.034173
0 0.882812 0.746875 0.026249 0.031562
0 0.895312 0.805208 0.019992 0.026974
0 0.139844 0.838542 0.026008 0.033043
0 0.423438 0.852083 0.02475 0.031228
0 0.603906 0.848958 0.019574 0.023676
0 0.358594 0.872917 0.021314 0.02663
0 0.93125 0.898958 0.019574 0.023676
0 0.689063 0.944792 0.019925 0.025905
0 0.800781 0.971875 0.02834 0.035716
0 0.941406 0.972917 0.0257 0.033535