0 0.691406 0.008185 0.019627 0.016369
0 0.475 0.016667 0.018773 0.023107
0 0.285156 0.030208 0.023319 0.033718
0 0.446875 0.030208 0.019909 0.025929
0 0.247656 0.041667 0.021105 0.028403
0 0.945312 0.046875 0.024878 0.035954
0 0.627344 0.064583 0.018008 0.02309
0 0.698438 0.066667 0.021161 0.025349
0 0.710156 0.070833 0.020058 0.027568
0 0.667969 0.097917 0.021161 0.025349
0 0.546875 0.114583 0.025323 0.037101
0 0.60625 0.135417 0.020434 0.029303
0 0.325781 0.138542 0.018691 0.025445
0 0.841406 0.141667 0.019531 0.027421
0 0.461719 0.165625 0.027905 0.034571
0 0.860156 0.166667 0.020328 0.024087
0 0.315625 0.180208 0.034371 0.047498
0 0.444531 0.2 0.028628 0.040951
0 0.842187 0.197917 0.022937 0.028155
0 0.149219 0.204167 0.026729 0.029672
0 0.061719 0.217708 0.024533 0.03271
0 0.154688 0.229167 0.025086 0.031874
0 0.479687 0.239583 0.032818 0.043385
0 0.679688 0.234375 0.022673 0.031282
0 0.076563 0.247917 0.024384 0.02969
0 0.767188 0.25 0.018773 0.023107
0 0.371875 0.252083 0.022729 0.02728
0 0.466406 0.25625 0.025056 0.029313
0 0.176563 0.261458 0.021423 0.027163
0 0.480469 0.265625 0.024976 0.033622
0 0.64375 0.275 0.032019 0.043978
0 0.588281 0.291667 0.025718 0.036075
0 0.903906 0.296875 0.025086 0.031874
0 0.200781 0.294792 0.018773 0.023107
0 0.419531 0.297917 0.02749 0.031005
0 0.867188 0.302083 0.026491 0.032644
0 0.515625 0.3 0.020416 0.025301
0 0.096875 0.302083 0.018008 0.02309
0 0.878906 0.319792 0.024336 0.03118
0 0.43125 0.329167 0.02032 0.023137
0 0.884375 0.329167 0.018773 0.023107
0 0.210156 0.334375 0.024652 0.030465
0 0.163281 0.334375 0.021479 0.027243
0 0.514844 0.340625 0.01802 0.023067
0 0.403125 0.351042 0.026893 0.038633
0 0.617188 0.348958 0.020147 0.028452
0 0.895312 0.35 0.018773 0.023107
0 0.09375 0.367708 0.018939 0.024442
0 0.846094 0.380208 0.019638 0.024534
0 0.796875 0.382292 0.019792 0.025321
0 0.480469 0.384375 0.018773 0.023107
0 0.319531 0.388542 0.018773 0.023107
0 0.686719 0.390625 0.019638 0.024534
0 0.3875 0.397917 0.026848 0.034118
0 0.114062 0.404167 0.025288 0.039956
0 0.708594 0.403125 0.025811 0.034415
0 0.819531 0.405208 0.021264 0.026134
0 0.25625 0.4125 0.022945 0.029561
0 0.892188 0.415625 0.020676 0.026744
0 0.14375 0.436458 0.02845 0.056304
0 0.521875 0.425 0.020416 0.025301
0 0.185156 0.4375 0.028416 0.03589
0 0.009605 0.438542 0.019211 0.032995
0 0.467187 0.45625 0.023583 0.030562
0 0.599219 0.45625 0.025424 0.031337
0 0.966406 0.455208 0.021243 0.027194
0 0.860156 0.467708 0.036076 0.049107
0 0.792969 0.458333 0.018939 0.024442
0 0.466406 0.464583 0.018008 0.02309
0 0.602344 0.46875 0.020566 0.026042
0 0.497656 0.470833 0.020479 0.026286
0 0.352344 0.48125 0.028906 0.042584
0 0.469531 0.476042 0.01882 0.024173
0 0.407031 0.48125 0.026666 0.03073
0 0.922656 0.478125 0.018773 0.023107
0 0.205469 0.484375 0.022111 0.027748
0 0.728906 0.494792 0.026383 0.034189
0 0.052344 0.498958 0.024915 0.031486
0 0.489063 0.528125 0.019627 0.024405
0 0.328125 0.534375 0.020566 0.026042
0 0.570312 0.546875 0.019925 0.025905
0 0.396875 0.553125 0.023244 0.031704
0 0.160938 0.557292 0.028058 0.036928
0 0.685937 0.555208 0.017759 0.024215
0 0.413281 0.560417 0.021105 0.028403
0 0.857812 0.573958 0.026357 0.035354
0 0.799219 0.580208 0.023451 0.027139
0 0.879687 0.579167 0.019925 0.025905
0 0.882812 0.592708 0.024946 0.031337
0 0.663281 0.601042 0.034046 0.041459
0 0.349219 0.595833 0.019574 0.023676
0 0.89375 0.595833 0.020676 0.026744
0 0.233594 0.609375 0.029995 0.044001
0 0.7 0.6 0.019909 0.025929
0 0.271094 0.61875 0.026852 0.041418
0 0.329688 0.61875 0.023103 0.02886
0 0.353906 0.616667 0.021198 0.026257
0 0.633594 0.619792 0.024975 0.031796
0 0.184375 0.626042 0.019681 0.02538
0 0.750781 0.636458 0.019574 0.023676
0 0.973437 0.639583 0.020801 0.028133
0 0.353906 0.645833 0.027558 0.032833
0 0.302344 0.652083 0.020479 0.026286
0 0.601562 0.660417 0.023607 0.028741
0 0.628906 0.663542 0.024436 0.029089
0 0.555469 0.666667 0.020341 0.025073
0 0.361719 0.666667 0.017759 0.024215
0 0.133594 0.682292 0.02752 0.030504
0 0.834375 0.678125 0.019909 0.025929
0 0.253125 0.680208 0.020046 0.026244
0 0.3125 0.722917 0.025826 0.029329
0 0.783594 0.727083 0.018331 0.025253
0 0.865625 0.729167 0.023055 0.030355
0 0.728125 0.732292 0.026901 0.032323
0 0.382031 0.733333 0.021314 0.02663
0 0.3625 0.740625 0.026124 0.031426
0 0.007033 0.739583 0.014065 0.022285
0 0.992063 0.74375 0.015874 0.029482
0 0.230469 0.747917 0.025905 0.033963
0 0.276562 0.745833 0.018008 0.02309
0 0.298438 0.754167 0.032405 0.035701
0 0.089063 0.757292 0.026608 0.030345
0 0.698438 0.757292 0.020566 0.026042
0 0.348438 0.764583 0.027149 0.037383
0 0.913281 0.761458 0.018939 0.024442
0 0.948438 0.772917 0.02328 0.037662
0 0.541406 0.776042 0.020566 0.026042
0 0.765625 0.785417 0.029623 0.036902
0 0.516406 0.791667 0.021479 0.027243
0 0.584375 0.791667 0.018756 0.022285
0 0.595313 0.797917 0.023026 0.028919
0 0.813281 0.797917 0.019768 0.025593
0 0.966406 0.8 0.020416 0.025301
0 0.688281 0.810417 0.021999 0.028864
0 0.817187 0.820833 0.025718 0.036075
0 0.767188 0.840625 0.027691 0.037805
0 0.715625 0.835417 0.018773 0.023107
0 0.617969 0.85 0.018939 0.024442
0 0.665625 0.851042 0.017759 0.024215
0 0.814844 0.857292 0.028606 0.036385
0 0.377344 0.8625 0.028048 0.036041
0 0.332031 0.860417 0.018876 0.02557
0 0.560156 0.867708 0.021819 0.028356
0 0.341406 0.875 0.020441 0.025129
0 0.580469 0.882292 0.018756 0.022285
0 0.765625 0.891667 0.029106 0.037508
0 0.378906 0.892708 0.021339 0.026862
0 0.324219 0.9 0.020341 0.025073
0 0.766406 0.908333 0.021239 0.025868
0 0.410938 0.919792 0.019531 0.026042
0 0.746094 0.938542 0.021896 0.030747
0 0.221094 0.953125 0.021239 0.025868
0 0.716406 0.953125 0.018773 0.023107
0 0.019531 0.963542 0.028312 0.042341
0 0.448437 0.969792 0.026101 0.032719
0 0.414844 0.973958 0.026124 0.031426
0 0.655469 0.975 0.024024 0.034748
0 0.453906 0.978125 0.018008 0.02309
0 0.364063 0.982292 0.017658 0.024165
0 0.649219 0.984375 0.017757 0.026099
0 0.386719 0.987795 0.021796 0.024409
0 0.867969 0.988452 0.018561 0.023096
0 0.246094 0.990236 0.018921 0.019528
0 0.404687 0.990244 0.018939 0.019513