0 0.624219 0.028125 0.018773 0.023107
0 0.560156 0.035417 0.024436 0.029089
0 0.739844 0.077083 0.031817 0.060804
0 0.460156 0.192708 0.036593 0.040834
0 0.478125 0.182292 0.019531 0.021875
0 0.482031 0.198958 0.021479 0.027243
0 0.478906 0.271875 0.021207 0.029356
0 0.75625 0.276042 0.025178 0.034672
0 0.461719 0.3625 0.02979 0.042541
0 0.600781 0.382292 0.021264 0.026134
0 0.617188 0.414583 0.0201 0.026364
0 0.320312 0.419792 0.021202 0.026349
0 0.326562 0.426042 0.021131 0.026178
0 0.136719 0.484375 0.019627 0.024405
0 0.069531 0.530208 0.021131 0.02449
0 0.421875 0.564583 0.048006 0.069948
0 0.615625 0.638542 0.039693 0.055569
0 0.658594 0.672917 0.024332 0.031292
0 0.953906 0.678125 0.021339 0.026862
0 0.845313 0.795833 0.033616 0.047405
0 0.492969 0.861458 0.02143 0.027648
0 0.09375 0.896875 0.022768 0.026762
0 0.233594 0.989536 0.018773 0.020929