0 0.671875 0.009716 0.0201 0.019432
0 0.557813 0.014658 0.02834 0.029316
0 0.90625 0.015198 0.021761 0.030395
0 0.303906 0.017708 0.026791 0.034443
0 0.807813 0.035417 0.032648 0.047088
0 0.354687 0.035417 0.027826 0.033764
0 0.294531 0.047917 0.032156 0.033302
0 0.28125 0.059375 0.02101 0.028935
0 0.788281 0.071875 0.023319 0.029672
0 0.633594 0.077083 0.029863 0.034842
0 0.729688 0.086458 0.022558 0.029051
0 0.870313 0.086458 0.02168 0.028193
0 0.892969 0.094792 0.024847 0.031127
0 0.346094 0.097917 0.021239 0.025868
0 0.513281 0.101042 0.018773 0.023107
0 0.839063 0.107292 0.021479 0.027243
0 0.553906 0.134375 0.019627 0.024405
0 0.850781 0.160417 0.021648 0.029332
0 0.620313 0.166667 0.027027 0.036869
0 0.367969 0.196875 0.027736 0.035553
0 0.145313 0.196875 0.023556 0.02766
0 0.616406 0.226042 0.0413 0.050734
0 0.348438 0.261458 0.027141 0.034876
0 0.060156 0.303125 0.018008 0.02309
0 0.508594 0.309375 0.018773 0.023107
0 0.664844 0.3125 0.019762 0.028269
0 0.335156 0.327083 0.024982 0.033615
0 0.533594 0.333333 0.027279 0.037581
0 0.901563 0.342708 0.022374 0.031728
0 0.549219 0.363542 0.026833 0.03299
0 0.653906 0.363542 0.021819 0.028356
0 0.977344 0.365625 0.025248 0.033897
0 0.180469 0.389583 0.028009 0.039948
0 0.875 0.410417 0.024943 0.034642
0 0.971094 0.410417 0.021542 0.027554
0 0.492969 0.419792 0.02854 0.036758
0 0.921875 0.446875 0.018876 0.02557
0 0.414844 0.448958 0.02217 0.02922
0 0.649219 0.448958 0.020676 0.026744
0 0.716406 0.467708 0.023476 0.030208
0 0.53125 0.472917 0.029796 0.038479
0 0.908594 0.472917 0.023232 0.0323
0 0.658594 0.479167 0.026383 0.034189
0 0.765625 0.488542 0.023476 0.030208
0 0.5625 0.514583 0.032162 0.045614
0 0.723437 0.511458 0.025249 0.036187
0 0.638281 0.520833 0.024975 0.031796
0 0.430469 0.530208 0.027831 0.036524
0 0.267969 0.538542 0.028089 0.042446
0 0.223438 0.541667 0.022094 0.027539
0 0.314844 0.553125 0.020566 0.026042
0 0.044531 0.573958 0.029507 0.04234
0 0.986719 0.565625 0.021701 0.028014
0 0.917188 0.597917 0.021819 0.028356
0 0.276562 0.625 0.03172 0.046573
0 0.00899 0.61875 0.01798 0.023107
0 0.982031 0.625 0.02287 0.028488
0 0.714063 0.634375 0.02306 0.029195
0 0.821094 0.636458 0.028802 0.036684
0 0.745313 0.645833 0.026299 0.033348
0 0.444531 0.657292 0.028761 0.037014
0 0.649219 0.666667 0.023702 0.033596
0 0.158594 0.696875 0.018756 0.022285
0 0.015625 0.702083 0.024341 0.028597
0 0.049219 0.717708 0.026376 0.032785
0 0.336719 0.717708 0.023718 0.029015
0 0.466406 0.732292 0.023476 0.030208
0 0.339062 0.735417 0.023103 0.02886
0 0.401562 0.740625 0.03083 0.038882
0 0.171875 0.764583 0.02732 0.035414
0 0.46875 0.773958 0.018331 0.025253
0 0.714063 0.788542 0.031634 0.037536
0 0.267969 0.788542 0.019768 0.025593
0 0.34375 0.80625 0.0303 0.039355
0 0.067187 0.81875 0.029265 0.033255
0 0.913281 0.821875 0.025208 0.034751
0 0.692187 0.830208 0.031481 0.040352
0 0.926562 0.827083 0.020231 0.026656
0 0.486719 0.833333 0.024318 0.031312
0 0.299219 0.842708 0.026901 0.032323
0 0.120313 0.865625 0.021999 0.028864
0 0.15625 0.86875 0.023319 0.029672
0 0.169531 0.905208 0.028043 0.037016
0 0.926562 0.910417 0.021479 0.027243
0 0.555469 0.919792 0.031421 0.0387
0 0.332813 0.916667 0.023654 0.029634
0 0.010182 0.922917 0.020364 0.036981
0 0.535937 0.926042 0.019574 0.023676
0 0.426563 0.93125 0.026195 0.032242
0 0.069531 0.93125 0.020046 0.026244
0 0.413281 0.940625 0.026273 0.033081
0 0.100781 0.952083 0.033544 0.041191
0 0.042188 0.946875 0.020441 0.025129
0 0.921875 0.972917 0.034037 0.04697