0 0.315625 0.045833 0.025301 0.035587
0 0.625 0.097917 0.020231 0.026656
0 0.502344 0.123958 0.028112 0.036511
0 0.775 0.154167 0.032987 0.042638
0 0.382031 0.186458 0.021796 0.02989
0 0.223438 0.196875 0.026 0.035478
0 0.89375 0.197917 0.019792 0.025321
0 0.079687 0.208333 0.01882 0.024173
0 0.867969 0.247917 0.020529 0.025786
0 0.58125 0.277083 0.026593 0.033416
0 0.217969 0.286458 0.021819 0.028356
0 0.777344 0.291667 0.026175 0.03679
0 0.702344 0.309375 0.031691 0.044862
0 0.5625 0.35 0.026479 0.036699
0 0.161719 0.402083 0.02475 0.031228
0 0.316406 0.41875 0.019638 0.024534
0 0.59375 0.452083 0.027825 0.035897
0 0.648438 0.484375 0.021701 0.028014
0 0.56875 0.494792 0.020811 0.029482
0 0.9 0.510417 0.021176 0.031534
0 0.765625 0.534375 0.026524 0.033859
0 0.828125 0.548958 0.024743 0.053188
0 0.542969 0.538542 0.018756 0.022285
0 0.692969 0.59375 0.02732 0.042103
0 0.775 0.588542 0.020627 0.027503
0 0.909375 0.660417 0.024262 0.033667
0 0.909375 0.690625 0.024466 0.031952
0 0.053906 0.702083 0.027383 0.037483
0 0.557813 0.71875 0.018773 0.023107
0 0.5375 0.732292 0.026763 0.037361
0 0.335156 0.744792 0.03444 0.048784
0 0.61875 0.739583 0.027141 0.034876
0 0.525 0.74375 0.019909 0.025929
0 0.264062 0.75 0.025507 0.03125
0 0.5375 0.7625 0.030967 0.038367
0 0.932813 0.763542 0.023964 0.032621
0 0.635156 0.764583 0.017759 0.024215
0 0.99118 0.801042 0.01764 0.032106
0 0.396875 0.810417 0.028021 0.035684
0 0.850781 0.808333 0.018331 0.025253
0 0.638281 0.821875 0.018773 0.023107
0 0.989618 0.858333 0.020763 0.032111
0 0.052344 0.872917 0.028761 0.037014
0 0.986719 0.897917 0.025695 0.034958
0 0.39375 0.905208 0.024782 0.034677
0 0.95 0.904167 0.023476 0.030208
0 0.417969 0.913542 0.029537 0.036103
0 0.320312 0.919792 0.027446 0.035786
0 0.0081 0.946875 0.016201 0.028919
0 0.632812 0.967708 0.025712 0.035203
0 0.170313 0.983862 0.026388 0.032277