0 0.923438 0.14375 0.022682 0.028155
0 0.9625 0.147917 0.022566 0.031762
0 0.982812 0.165625 0.023583 0.030562
0 0.477344 0.216667 0.018561 0.025359
0 0.832031 0.227083 0.02168 0.028193
0 0.285156 0.259375 0.021479 0.027243
0 0.924219 0.309375 0.021819 0.028356
0 0.630469 0.36875 0.025243 0.032454
0 0.853906 0.382292 0.024242 0.035869
0 0.719531 0.4 0.020932 0.028824
0 0.524219 0.40625 0.017354 0.027092
0 0.178125 0.442708 0.019768 0.025593
0 0.69375 0.475 0.023293 0.029834
0 0.866406 0.63125 0.027854 0.040734
0 0.804688 0.640625 0.022128 0.030307
0 0.244531 0.723958 0.022393 0.030491
0 0.482812 0.739583 0.019792 0.025321
0 0.057813 0.786458 0.026146 0.031074
0 0.938281 0.845833 0.018639 0.026258
0 0.410156 0.93125 0.026027 0.038099
0 0.675781 0.9625 0.02077 0.027051
0 0.167187 0.970833 0.023319 0.029672