0 0.654687 0.044792 0.026571 0.034874
0 0.558594 0.0625 0.024359 0.033115
0 0.857031 0.065625 0.024847 0.031127
0 0.032813 0.067708 0.023476 0.030208
0 0.397656 0.113542 0.02143 0.027648
0 0.849219 0.151042 0.022128 0.030307
0 0.79375 0.154167 0.0201 0.026364
0 0.342187 0.201042 0.022828 0.027821
0 0.621875 0.215625 0.02989 0.035805
0 0.783594 0.261458 0.023438 0.034009
0 0.367188 0.333333 0.02377 0.034186
0 0.775 0.365625 0.026865 0.034809
0 0.382812 0.394792 0.026848 0.034118
0 0.853906 0.398958 0.027279 0.037581
0 0.95 0.421875 0.02537 0.030289
0 0.564844 0.425 0.019178 0.025168
0 0.408594 0.434375 0.025116 0.032498
0 0.526563 0.434375 0.019909 0.025929
0 0.559375 0.438542 0.024359 0.033115
0 0.514844 0.464583 0.021989 0.028877
0 0.339062 0.484375 0.020566 0.026042
0 0.007816 0.502083 0.015633 0.024087
0 0.7 0.526042 0.019909 0.025929
0 0.775 0.534375 0.025161 0.030661
0 0.091406 0.566667 0.025507 0.03125
0 0.671094 0.601042 0.021701 0.028014
0 0.028906 0.604167 0.024938 0.031451
0 0.371875 0.676042 0.023778 0.030992
0 0.028906 0.684375 0.018161 0.023679
0 0.441406 0.75 0.02217 0.02922
0 0.065625 0.761458 0.017759 0.024215
0 0.396094 0.772917 0.024416 0.036121
0 0.364063 0.813542 0.029369 0.035583
0 0.390625 0.814583 0.02834 0.035716
0 0.49375 0.8125 0.024136 0.031823
0 0.510938 0.825 0.023758 0.031125
0 0.428906 0.848958 0.021701 0.028014
0 0.766406 0.858333 0.025243 0.032454
0 0.460156 0.930208 0.033909 0.057131
0 0.534375 0.929167 0.023254 0.036653
0 0.422656 0.959375 0.021119 0.029767
0 0.6 0.98562 0.022828 0.02876