0 0.735938 0.025 0.017337 0.025026
0 0.125781 0.026042 0.019531 0.026042
0 0.630469 0.052083 0.028106 0.035108
0 0.963281 0.086458 0.018773 0.023107
0 0.05 0.133333 0.028991 0.032587
0 0.367969 0.209375 0.027633 0.037942
0 0.430469 0.263542 0.03082 0.041424
0 0.325781 0.280208 0.025217 0.033302
0 0.139844 0.313542 0.031938 0.038542
0 0.429688 0.365625 0.034347 0.0453
0 0.110937 0.365625 0.031247 0.039903
0 0.938281 0.430208 0.020371 0.024457
0 0.498437 0.457292 0.023293 0.029834
0 0.428906 0.533333 0.021161 0.025349
0 0.257812 0.5375 0.025709 0.032024
0 0.874219 0.551042 0.029014 0.035575
0 0.053125 0.559375 0.025957 0.03004
0 0.130469 0.570833 0.02851 0.03359
0 0.933594 0.594792 0.028663 0.039423
0 0.792969 0.6 0.027164 0.038103
0 0.58125 0.630208 0.026931 0.034831
0 0.53125 0.645833 0.03022 0.037662
0 0.233594 0.657292 0.020364 0.024472
0 0.9375 0.663542 0.022111 0.027748
0 0.361719 0.684375 0.018161 0.023679
0 0.120313 0.688542 0.018561 0.025359
0 0.392969 0.714583 0.030643 0.03722
0 0.173437 0.715625 0.024847 0.031127
0 0.583594 0.778125 0.023161 0.029971
0 0.439844 0.808333 0.018442 0.024589
0 0.345313 0.816667 0.025243 0.032454
0 0.446875 0.879167 0.023644 0.029463
0 0.035937 0.883333 0.024467 0.034451
0 0.535156 0.908333 0.031138 0.03736
0 0.15625 0.96875 0.026496 0.036437