0 0.828125 0.01875 0.026376 0.032785
0 0.096094 0.017708 0.022067 0.026726
0 0.567969 0.017708 0.018773 0.023107
0 0.280469 0.045833 0.027756 0.039867
0 0.802344 0.041667 0.020328 0.024087
0 0.217969 0.058333 0.023644 0.029463
0 0.596094 0.069792 0.030549 0.055539
0 0.233594 0.073958 0.024336 0.03118
0 0.100781 0.079167 0.028371 0.034763
0 0.380469 0.082292 0.029442 0.038301
0 0.801562 0.086458 0.020566 0.026042
0 0.3875 0.139583 0.023874 0.032174
0 0.1375 0.139583 0.018921 0.024472
0 0.71875 0.145833 0.018161 0.023679
0 0.724219 0.154167 0.019574 0.023676
0 0.182031 0.161458 0.02545 0.035034
0 0.066406 0.160417 0.019585 0.023836
0 0.034375 0.163542 0.019574 0.023676
0 0.008812 0.170833 0.017623 0.027699
0 0.442188 0.179167 0.022893 0.03006
0 0.696094 0.18125 0.01882 0.024173
0 0.703125 0.192708 0.025428 0.03584
0 0.399219 0.191667 0.022111 0.027748
0 0.7375 0.194792 0.020654 0.029458
0 0.082031 0.2 0.028268 0.034657
0 0.43125 0.198958 0.019792 0.025321
0 0.761719 0.203125 0.024976 0.033622
0 0.746875 0.210417 0.019768 0.025593
0 0.232031 0.239583 0.029369 0.035583
0 0.504687 0.260417 0.031132 0.04151
0 0.126562 0.253125 0.021239 0.025868
0 0.35625 0.258333 0.021339 0.026862
0 0.129688 0.271875 0.019574 0.023676
0 0.589844 0.276042 0.024564 0.030774
0 0.592969 0.283333 0.019531 0.022917
0 0.3125 0.286458 0.019574 0.023676
0 0.376563 0.290625 0.023758 0.031125
0 0.351562 0.304167 0.042986 0.045735
0 0.014844 0.301042 0.02203 0.026707
0 0.489844 0.30625 0.027271 0.034761
0 0.685937 0.319792 0.033913 0.041059
0 0.65625 0.313542 0.019178 0.025168
0 0.171094 0.316667 0.021339 0.026862
0 0.469531 0.323958 0.019638 0.024534
0 0.274219 0.342708 0.021259 0.029733
0 0.727344 0.345833 0.025088 0.031317
0 0.595313 0.345833 0.018999 0.02628
0 0.295312 0.353125 0.019627 0.024405
0 0.679688 0.359375 0.024292 0.029355
0 0.278125 0.367708 0.033043 0.041975
0 0.3125 0.361458 0.01882 0.024173
0 0.99101 0.361458 0.01798 0.023107
0 0.939844 0.376042 0.024453 0.034626
0 0.382812 0.376042 0.023821 0.030088
0 0.223438 0.376042 0.017759 0.024215
0 0.461719 0.38125 0.026823 0.032782
0 0.289844 0.382292 0.021479 0.027243
0 0.964063 0.383333 0.026159 0.03105
0 0.375 0.386458 0.02687 0.033711
0 0.092188 0.386458 0.029228 0.035147
0 0.232813 0.382292 0.020566 0.026042
0 0.829688 0.39375 0.020416 0.025301
0 0.223438 0.401042 0.020328 0.024087
0 0.602344 0.420833 0.031502 0.045062
0 0.116406 0.416667 0.022111 0.027748
0 0.891406 0.427083 0.027328 0.035328
0 0.736719 0.427083 0.030697 0.03507
0 0.657813 0.426042 0.023583 0.030562
0 0.075 0.433333 0.030917 0.035996
0 0.810156 0.460417 0.043446 0.055175
0 0.342969 0.44375 0.0197 0.025227
0 0.071094 0.447917 0.023718 0.029015
0 0.772656 0.446875 0.021198 0.026257
0 0.383594 0.458333 0.035564 0.044418
0 0.442969 0.457292 0.021259 0.029733
0 0.717187 0.463542 0.026608 0.034667
0 0.132031 0.463542 0.021887 0.025097
0 0.738281 0.471875 0.026996 0.038485
0 0.275781 0.473958 0.031596 0.039235
0 0.053125 0.469792 0.022707 0.026328
0 0.041406 0.477083 0.029181 0.032843
0 0.15 0.48125 0.028984 0.030009
0 0.365625 0.484375 0.030468 0.036285
0 0.571094 0.482292 0.018008 0.02309
0 0.627344 0.488542 0.027831 0.036524
0 0.753906 0.491667 0.021618 0.02791
0 0.755469 0.502083 0.021405 0.027443
0 0.789844 0.530208 0.026401 0.039949
0 0.578125 0.534375 0.029496 0.034954
0 0.554688 0.53125 0.019925 0.025905
0 0.758594 0.54375 0.029838 0.053176
0 0.640625 0.539583 0.024162 0.031385
0 0.422656 0.538542 0.018008 0.02309
0 0.957812 0.540625 0.023476 0.030208
0 0.903125 0.55 0.020422 0.025409
0 0.845313 0.555208 0.026317 0.036132
0 0.6375 0.561458 0.029149 0.036049
0 0.675781 0.561458 0.024975 0.031796
0 0.007426 0.561458 0.014852 0.024087
0 0.417969 0.563542 0.021339 0.026862
0 0.397656 0.571875 0.019992 0.026974
0 0.348438 0.579167 0.025982 0.033258
0 0.750781 0.583333 0.020328 0.024087
0 0.494531 0.597917 0.029755 0.037561
0 0.745313 0.596875 0.022111 0.027748
0 0.480469 0.596875 0.020566 0.026042
0 0.766406 0.596875 0.020566 0.026042
0 0.872656 0.596875 0.020328 0.024087
0 0.950781 0.601042 0.025348 0.03196
0 0.275781 0.601042 0.023439 0.023153
0 0.682031 0.610417 0.029339 0.034288
0 0.507031 0.619792 0.021339 0.026862
0 0.1625 0.633333 0.029739 0.035476
0 0.515625 0.63125 0.023097 0.028871
0 0.323437 0.640625 0.019893 0.027596
0 0.339062 0.638542 0.020328 0.024087
0 0.664844 0.64375 0.020529 0.025786
0 0.635156 0.648958 0.021653 0.030795
0 0.392969 0.652083 0.023227 0.029506
0 0.961719 0.6625 0.027045 0.039035
0 0.770312 0.657292 0.020627 0.027503
0 0.172656 0.665625 0.02597 0.036688
0 0.4375 0.665625 0.018939 0.024442
0 0.549219 0.6875 0.032929 0.040718
0 0.796875 0.696875 0.026071 0.036362
0 0.353906 0.692708 0.019768 0.025593
0 0.323437 0.692708 0.021137 0.024621
0 0.338281 0.704167 0.023451 0.027139
0 0.697656 0.721875 0.032304 0.04688
0 0.554688 0.7125 0.019792 0.025321
0 0.496094 0.722917 0.033327 0.042473
0 0.121875 0.725 0.028378 0.034945
0 0.471875 0.728125 0.030788 0.042517
0 0.529687 0.71875 0.018048 0.02325
0 0.534375 0.723958 0.020932 0.028824
0 0.292969 0.734375 0.029089 0.036562
0 0.446875 0.732292 0.019925 0.025905
0 0.385937 0.748958 0.03444 0.04592
0 0.791406 0.744792 0.023731 0.033941
0 0.444531 0.761458 0.023583 0.030562
0 0.791406 0.763542 0.02095 0.027383
0 0.609375 0.766667 0.019531 0.027421
0 0.821875 0.770833 0.028404 0.033308
0 0.638281 0.771875 0.024275 0.035506
0 0.653125 0.771875 0.019909 0.025929
0 0.020313 0.776042 0.026 0.030914
0 0.159375 0.783333 0.027953 0.038013
0 0.407813 0.789583 0.023476 0.030208
0 0.973437 0.79375 0.026376 0.032785
0 0.540625 0.8 0.022828 0.027821
0 0.621875 0.801042 0.019768 0.025593
0 0.639844 0.805208 0.025345 0.030561
0 0.553125 0.807292 0.019909 0.025929
0 0.623437 0.814583 0.022756 0.02825
0 0.469531 0.819792 0.021701 0.028014
0 0.747656 0.81875 0.020341 0.025073
0 0.308594 0.829167 0.026791 0.034443
0 0.641406 0.846875 0.01971 0.025332
0 0.9375 0.846875 0.019574 0.023676
0 0.789844 0.861458 0.030838 0.043627
0 0.552344 0.8625 0.033138 0.041232
0 0.353906 0.866667 0.021989 0.028877
0 0.463281 0.88125 0.021314 0.02663
0 0.141406 0.8875 0.026417 0.032442
0 0.569531 0.891667 0.0292 0.038047
0 0.792969 0.888542 0.018442 0.024589
0 0.7625 0.902083 0.019531 0.026042
0 0.217969 0.90625 0.020697 0.026524
0 0.439844 0.911458 0.019792 0.025321
0 0.74375 0.920833 0.045961 0.0477
0 0.924219 0.919792 0.019792 0.025321
0 0.284375 0.928125 0.018846 0.027254
0 0.71875 0.936458 0.019992 0.026974
0 0.284375 0.938542 0.019925 0.025905
0 0.773438 0.942708 0.02545 0.035034
0 0.44375 0.946875 0.027871 0.035612
0 0.6375 0.960417 0.026585 0.035972
0 0.380469 0.967708 0.032042 0.037611
0 0.541406 0.964583 0.019627 0.024405
0 0.367188 0.966667 0.020676 0.026744
0 0.439844 0.969792 0.020566 0.026042
0 0.678906 0.979167 0.025283 0.035826
0 0.50625 0.978125 0.022479 0.030881
0 0.775781 0.986737 0.022254 0.026525