0 0.175781 0.013246 0.025162 0.026493
0 0.679688 0.019792 0.021816 0.032581
0 0.703906 0.028125 0.020789 0.026845
0 0.223438 0.040625 0.021161 0.025349
0 0.416406 0.0625 0.023906 0.033448
0 0.377344 0.101042 0.018773 0.023107
0 0.638281 0.1375 0.024371 0.03362
0 0.908594 0.144792 0.021999 0.028864
0 0.789062 0.16875 0.023583 0.030562
0 0.332031 0.170833 0.025219 0.029986
0 0.158594 0.178125 0.024584 0.031012
0 0.984375 0.189583 0.020801 0.028133
0 0.167969 0.228125 0.023786 0.032659
0 0.178125 0.245833 0.026195 0.032242
0 0.866406 0.277083 0.02313 0.033957
0 0.289844 0.296875 0.02003 0.029373
0 0.66875 0.311458 0.026491 0.032644
0 0.464844 0.315625 0.018939 0.024442
0 0.755469 0.35625 0.024623 0.030229
0 0.125781 0.384375 0.025129 0.029733
0 0.429688 0.415625 0.026048 0.031808
0 0.867188 0.422917 0.019733 0.025046
0 0.620313 0.429167 0.020371 0.024457
0 0.252344 0.436458 0.021819 0.028356
0 0.414844 0.436458 0.021198 0.026257
0 0.710156 0.484375 0.019574 0.023676
0 0.51875 0.507292 0.025243 0.032454
0 0.028906 0.515625 0.021542 0.029952
0 0.6125 0.529167 0.023026 0.028919
0 0.725 0.559375 0.023538 0.032216
0 0.896094 0.610417 0.024578 0.029591
0 0.345313 0.657292 0.029429 0.035032
0 0.011013 0.666667 0.022027 0.031149
0 0.876563 0.677083 0.019909 0.025929
0 0.40625 0.715625 0.030201 0.035036
0 0.260156 0.752083 0.031734 0.039345
0 0.586719 0.764583 0.024496 0.029918
0 0.990757 0.809375 0.018487 0.031609
0 0.409375 0.840625 0.020288 0.027694
0 0.691406 0.841667 0.024847 0.031127
0 0.059375 0.852083 0.024079 0.030374
0 0.090625 0.871875 0.023385 0.032449
0 0.607031 0.896875 0.019429 0.026567
0 0.882031 0.926042 0.024076 0.032101
0 0.478125 0.938542 0.023964 0.032621
0 0.480469 0.955208 0.019574 0.023676