0 0.335938 0.010002 0.024578 0.020004
0 0.977344 0.027083 0.024233 0.028169
0 0.155469 0.034375 0.025161 0.030661
0 0.767188 0.035417 0.018048 0.02325
0 0.592969 0.085417 0.018756 0.022285
0 0.474219 0.115625 0.021104 0.024098
0 0.838281 0.129167 0.021978 0.027245
0 0.452344 0.140625 0.02143 0.027648
0 0.921875 0.152083 0.02306 0.029195
0 0.913281 0.157292 0.021198 0.026257
0 0.727344 0.221875 0.022325 0.028159
0 0.915625 0.228125 0.020328 0.024087
0 0.9 0.241667 0.022945 0.029561
0 0.366406 0.244792 0.024847 0.031127
0 0.319531 0.260417 0.018939 0.024442
0 0.246875 0.271875 0.023319 0.029672
0 0.552344 0.272917 0.026618 0.031354
0 0.971875 0.276042 0.023556 0.02766
0 0.235937 0.298958 0.023232 0.0323
0 0.577344 0.295833 0.018773 0.023107
0 0.082812 0.304167 0.025685 0.036465
0 0.0375 0.302083 0.022325 0.028159
0 0.164062 0.315625 0.025513 0.033411
0 0.279687 0.315625 0.026779 0.031865
0 0.228125 0.352083 0.020046 0.026244
0 0.640625 0.417708 0.026975 0.032146
0 0.555469 0.459375 0.023863 0.029661
0 0.897656 0.467708 0.023503 0.033898
0 0.00766 0.540625 0.01532 0.030437
0 0.3875 0.553125 0.019574 0.023676
0 0.759375 0.567708 0.019574 0.023676
0 0.014844 0.573958 0.021542 0.029952
0 0.594531 0.579167 0.024707 0.033327
0 0.508594 0.614583 0.024211 0.032811
0 0.359375 0.619792 0.019925 0.025905
0 0.258594 0.630208 0.021362 0.02664
0 0.892188 0.632292 0.0197 0.025227
0 0.040625 0.641667 0.021202 0.026349
0 0.732812 0.655208 0.023778 0.030992
0 0.055469 0.663542 0.021198 0.026257
0 0.389844 0.679167 0.02143 0.027648
0 0.135937 0.738542 0.022246 0.031817
0 0.374219 0.757292 0.02537 0.032683
0 0.071875 0.759375 0.026308 0.031809
0 0.357812 0.792708 0.023922 0.031467
0 0.553125 0.794792 0.023026 0.028919
0 0.467187 0.811458 0.023232 0.0323
0 0.573438 0.813542 0.023293 0.029834
0 0.298438 0.826042 0.026376 0.032785
0 0.652344 0.857292 0.023503 0.033898
0 0.939844 0.886458 0.018008 0.02309
0 0.501563 0.9 0.023127 0.02972
0 0.917969 0.90625 0.021989 0.028877
0 0.532813 0.9125 0.028005 0.034371
0 0.816406 0.954167 0.024736 0.032981
0 0.485156 0.958333 0.024496 0.029918
0 0.176563 0.980208 0.023319 0.029672
0 0.060156 0.982292 0.020328 0.024087
0 0.073438 0.9875 0.019627 0.024405