0 0.203125 0.009412 0.02284 0.018823
0 0.128125 0.038542 0.031511 0.03865
0 0.233594 0.038542 0.022883 0.028677
0 0.301563 0.071875 0.028906 0.037105
0 0.514844 0.070833 0.023922 0.031467
0 0.4125 0.080208 0.022111 0.027748
0 0.863281 0.080208 0.019972 0.028419
0 0.082812 0.091667 0.021203 0.030662
0 0.277344 0.15 0.029848 0.040309
0 0.011773 0.152083 0.023546 0.029634
0 0.145313 0.167708 0.025671 0.033745
0 0.808594 0.18125 0.02591 0.030699
0 0.173437 0.215625 0.026436 0.037088
0 0.092969 0.225 0.02356 0.030315
0 0.349219 0.238542 0.024309 0.027699
0 0.178125 0.251042 0.024274 0.028304
0 0.747656 0.258333 0.0223 0.028345
0 0.371875 0.278125 0.018939 0.024442
0 0.1125 0.291667 0.032055 0.03345
0 0.507031 0.291667 0.023476 0.030208
0 0.499219 0.307292 0.025706 0.036613
0 0.989188 0.316667 0.021623 0.029918
0 0.080469 0.317708 0.017438 0.024063
0 0.247656 0.323958 0.022194 0.034506
0 0.960156 0.320833 0.021903 0.030739
0 0.249219 0.346875 0.023556 0.02766
0 0.024219 0.355208 0.026436 0.037088
0 0.228125 0.358333 0.018773 0.023107
0 0.439844 0.369792 0.02306 0.029195
0 0.171875 0.379167 0.020422 0.030453
0 0.030469 0.382292 0.020432 0.028638
0 0.097656 0.403125 0.031581 0.042902
0 0.339062 0.416667 0.024516 0.030178
0 0.53125 0.4375 0.026787 0.037786
0 0.941406 0.461458 0.019773 0.0268
0 0.632812 0.46875 0.026146 0.031074
0 0.346875 0.477083 0.026209 0.039335
0 0.988362 0.49375 0.023277 0.030191
0 0.642969 0.494792 0.019925 0.025905
0 0.754687 0.495833 0.018773 0.023107
0 0.970313 0.530208 0.020661 0.028728
0 0.110156 0.553125 0.022303 0.032753
0 0.273438 0.584375 0.027103 0.033725
0 0.857031 0.586458 0.018846 0.02378
0 0.046094 0.627083 0.02306 0.029195
0 0.317188 0.629167 0.024332 0.035222
0 0.942969 0.646875 0.022707 0.026328
0 0.403906 0.673958 0.023097 0.028871
0 0.057813 0.677083 0.022129 0.030969
0 0.807031 0.739583 0.022858 0.027444
0 0.326562 0.791667 0.027841 0.03651
0 0.988006 0.798958 0.023988 0.032798
0 0.235937 0.835417 0.021645 0.030804
0 0.926562 0.834375 0.017759 0.024215
0 0.266406 0.878125 0.023668 0.031558
0 0.455469 0.885417 0.027208 0.035899
0 0.983594 0.941667 0.02253 0.034609
0 0.783594 0.94375 0.023476 0.030208