0 0.542188 0.08125 0.027266 0.035711
0 0.366406 0.096875 0.018442 0.024589
0 0.595313 0.1 0.018999 0.02628
0 0.664062 0.108333 0.027054 0.032892
0 0.199219 0.110417 0.020314 0.022296
0 0.214062 0.117708 0.020676 0.026744
0 0.201563 0.211458 0.023103 0.02886
0 0.492188 0.211458 0.022094 0.027539
0 0.369531 0.288542 0.017759 0.024215
0 0.378906 0.295833 0.02197 0.032388
0 0.967187 0.329167 0.020046 0.026244
0 0.311719 0.35625 0.025905 0.033963
0 0.454688 0.370833 0.018029 0.025068
0 0.528906 0.425 0.027426 0.030596
0 0.71875 0.455208 0.023476 0.030208
0 0.171094 0.478125 0.021989 0.028877
0 0.03125 0.578125 0.026376 0.032785
0 0.361719 0.582292 0.021989 0.028877
0 0.233594 0.608333 0.017438 0.024063
0 0.178906 0.6125 0.021999 0.028864
0 0.821094 0.727083 0.02834 0.035716
0 0.50625 0.742708 0.022883 0.028677
0 0.58125 0.797917 0.029009 0.033698
0 0.635156 0.803125 0.022464 0.028723
0 0.375781 0.852083 0.025726 0.035186
0 0.544531 0.873958 0.023607 0.028741
0 0.805469 0.911458 0.02217 0.02922
0 0.578125 0.944792 0.01875 0.027083
0 0.640625 0.971875 0.025541 0.033198
0 0.494531 0.98306 0.031001 0.033879
0 0.976562 0.98701 0.023758 0.025979