0 0.411719 0.00862 0.017438 0.01724
0 0.403125 0.192708 0.023583 0.030562
0 0.084375 0.239583 0.020566 0.026042
0 0.677344 0.376042 0.018939 0.024442
0 0.275781 0.414583 0.025124 0.02956
0 0.099219 0.464583 0.019638 0.024534
0 0.375 0.5125 0.019909 0.025929
0 0.379688 0.515625 0.018331 0.025253
0 0.817969 0.516667 0.018827 0.023629
0 0.376563 0.523958 0.017301 0.024027
0 0.716406 0.598958 0.018354 0.025228
0 0.034375 0.657292 0.027056 0.034291
0 0.617969 0.7625 0.0197 0.025227
0 0.135156 0.853125 0.022393 0.030491
0 0.203906 0.852083 0.021701 0.028014
0 0.08125 0.98705 0.019773 0.0259