0 0.189062 0.046875 0.023055 0.030355
0 0.06875 0.061458 0.020416 0.025301
0 0.741406 0.06875 0.024309 0.027699
0 0.790625 0.082292 0.023293 0.029834
0 0.345313 0.1375 0.02287 0.032981
0 0.408594 0.154167 0.022459 0.03193
0 0.110937 0.177083 0.021902 0.027122
0 0.211719 0.216667 0.021761 0.031624
0 0.189062 0.230208 0.023028 0.030998
0 0.407031 0.2625 0.022758 0.028319
0 0.053906 0.279167 0.021542 0.027554
0 0.096875 0.404167 0.026715 0.032642
0 0.244531 0.43125 0.034625 0.052728
0 0.196875 0.45 0.025984 0.029621
0 0.559375 0.45625 0.026848 0.034118
0 0.627344 0.507292 0.018442 0.024589
0 0.498437 0.530208 0.026848 0.034118
0 0.60625 0.54375 0.019733 0.025046
0 0.564063 0.571875 0.026308 0.031809
0 0.204687 0.60625 0.023026 0.028919
0 0.765625 0.632292 0.023607 0.028741
0 0.442188 0.666667 0.023319 0.029672
0 0.699219 0.723958 0.024079 0.030374
0 0.709375 0.826042 0.019574 0.023676
0 0.4 0.859375 0.02475 0.031228
0 0.350781 0.889583 0.024847 0.031127
0 0.879687 0.894792 0.022128 0.030307
0 0.746094 0.95625 0.021701 0.028014
0 0.907813 0.972917 0.023778 0.030992
0 0.332031 0.978125 0.022776 0.032111
0 0.454688 0.984779 0.027674 0.030441