0 0.119531 0.027083 0.021239 0.025868
0 0.95 0.036458 0.023293 0.029834
0 0.592187 0.1125 0.020341 0.025073
0 0.786719 0.134375 0.025348 0.03196
0 0.139063 0.153125 0.018048 0.02325
0 0.810156 0.173958 0.031469 0.038807
0 0.846875 0.169792 0.018846 0.027254
0 0.326562 0.244792 0.032656 0.042753
0 0.220312 0.240625 0.022707 0.026328
0 0.959375 0.269792 0.020676 0.026744
0 0.974219 0.289583 0.018876 0.02557
0 0.538281 0.310417 0.034082 0.043269
0 0.096094 0.302083 0.018827 0.023629
0 0.605469 0.3375 0.044763 0.052973
0 0.35625 0.35 0.022675 0.027132
0 0.014844 0.357292 0.026107 0.033377
0 0.953125 0.366667 0.020537 0.027934
0 0.544531 0.382292 0.023232 0.0323
0 0.829688 0.392708 0.020676 0.026744
0 0.415625 0.4 0.020566 0.026042
0 0.738281 0.403125 0.021989 0.028877
0 0.38125 0.414583 0.024292 0.029355
0 0.63125 0.415625 0.023644 0.029463
0 0.357812 0.447917 0.031371 0.040838
0 0.427344 0.454167 0.022673 0.031282
0 0.873437 0.460417 0.018161 0.023679
0 0.725781 0.478125 0.021314 0.02663
0 0.541406 0.510417 0.024024 0.034748
0 0.448437 0.570833 0.018827 0.023629
0 0.575781 0.6 0.021198 0.026257
0 0.734375 0.659375 0.019683 0.026728
0 0.076563 0.690625 0.022689 0.025403
0 0.10625 0.729167 0.03083 0.038882
0 0.448437 0.75 0.038278 0.050521
0 0.403125 0.742708 0.017438 0.024063
0 0.016406 0.770833 0.027539 0.034393
0 0.861719 0.8375 0.025243 0.032454
0 0.524219 0.836458 0.021796 0.02989
0 0.750781 0.927083 0.021796 0.02989