0 0.753906 0.013209 0.030739 0.026417
0 0.817969 0.040625 0.021761 0.031624
0 0.742969 0.059375 0.02168 0.028193
0 0.503125 0.061458 0.019531 0.027421
0 0.021094 0.105208 0.021339 0.026862
0 0.553906 0.196875 0.025208 0.034751
0 0.264844 0.228125 0.025522 0.031119
0 0.067187 0.275 0.023103 0.02886
0 0.59375 0.288542 0.023026 0.028919
0 0.159375 0.339583 0.025957 0.03004
0 0.9375 0.357292 0.021176 0.031534
0 0.632031 0.415625 0.024897 0.032298
0 0.90625 0.43125 0.026724 0.034099
0 0.448437 0.457292 0.021302 0.02814
0 0.632031 0.586458 0.024535 0.029481
0 0.7625 0.604167 0.022729 0.02728
0 0.246875 0.664583 0.022971 0.028458
0 0.639844 0.688542 0.021243 0.027194
0 0.733594 0.714583 0.018561 0.025359
0 0.584375 0.747917 0.023878 0.029636
0 0.717969 0.763542 0.01882 0.024173
0 0.49375 0.839583 0.021882 0.024105
0 0.975781 0.842708 0.018008 0.02309
0 0.670312 0.871875 0.0285 0.032729
0 0.788281 0.902083 0.024975 0.031796
0 0.434375 0.938542 0.019733 0.025046
0 0.042969 0.952083 0.024669 0.036072
0 0.208594 0.954167 0.025219 0.029986
0 0.5375 0.958333 0.018756 0.022285
0 0.842969 0.966667 0.034745 0.041353
0 0.78125 0.970833 0.018773 0.023107
0 0.055469 0.98423 0.030597 0.031541
0 0.901563 0.98853 0.019733 0.022939