0 0.299219 0.078125 0.021796 0.02989
0 0.104688 0.109375 0.023103 0.02886
0 0.182031 0.134375 0.024976 0.033622
0 0.417187 0.140625 0.018442 0.024589
0 0.225781 0.228125 0.018331 0.025253
0 0.477344 0.242708 0.017759 0.024215
0 0.73125 0.272917 0.020676 0.026744
0 0.463281 0.284375 0.018939 0.024442
0 0.441406 0.311458 0.02306 0.029195
0 0.41875 0.321875 0.021946 0.026299
0 0.288281 0.372917 0.021198 0.026257
0 0.9375 0.459375 0.019574 0.023676
0 0.209375 0.48125 0.018828 0.03022
0 0.342187 0.497917 0.018773 0.023107
0 0.242188 0.520833 0.018773 0.023107
0 0.142187 0.525 0.024733 0.030499
0 0.21875 0.561458 0.019574 0.023676
0 0.461719 0.564583 0.019574 0.023676
0 0.167187 0.577083 0.024436 0.029089
0 0.702344 0.588542 0.018161 0.023679
0 0.609375 0.679167 0.018773 0.023107
0 0.110156 0.7 0.021161 0.025349
0 0.491406 0.726042 0.020566 0.026042
0 0.628906 0.729167 0.020801 0.028133
0 0.274219 0.825 0.021819 0.028356
0 0.580469 0.929167 0.020422 0.025409
0 0.095312 0.982292 0.019574 0.023676