0 0.594531 0.025 0.022553 0.032021
0 0.435156 0.035417 0.024669 0.036072
0 0.221094 0.039583 0.02426 0.027326
0 0.432031 0.08125 0.020528 0.029524
0 0.530469 0.13125 0.023592 0.027503
0 0.782031 0.165625 0.021658 0.029319
0 0.891406 0.239583 0.026621 0.033198
0 0.101562 0.278125 0.021198 0.026257
0 0.799219 0.282292 0.027678 0.033246
0 0.858594 0.297917 0.024643 0.034604
0 0.25 0.392708 0.024627 0.030507
0 0.236719 0.395833 0.027797 0.032539
0 0.655469 0.434375 0.023385 0.032449
0 0.453906 0.4375 0.028233 0.029582
0 0.771875 0.522917 0.023103 0.02886
0 0.948438 0.532292 0.024908 0.035484
0 0.027344 0.564583 0.020058 0.027568
0 0.507812 0.60625 0.024079 0.030374
0 0.2875 0.6125 0.023248 0.030703
0 0.110937 0.640625 0.019909 0.025929
0 0.638281 0.68125 0.023538 0.032216
0 0.321094 0.68125 0.020288 0.027694
0 0.639062 0.7 0.023319 0.029672
0 0.43125 0.720833 0.025191 0.02884
0 0.728906 0.726042 0.018442 0.024589
0 0.223438 0.739583 0.023293 0.029834
0 0.738281 0.820833 0.031312 0.033625
0 0.609375 0.888542 0.027099 0.03509
0 0.938281 0.901042 0.023476 0.030208
0 0.817969 0.922917 0.021989 0.028877
0 0.667969 0.940625 0.026016 0.02974
0 0.232031 0.977083 0.024733 0.030499