0 0.111719 0.009498 0.019119 0.018996
0 0.539844 0.041667 0.018756 0.022285
0 0.432812 0.051042 0.021161 0.025349
0 0.182812 0.208333 0.019925 0.025905
0 0.366406 0.229167 0.021198 0.026257
0 0.460156 0.291667 0.025071 0.030312
0 0.711719 0.294792 0.01902 0.024748
0 0.475781 0.315625 0.018124 0.023544
0 0.361719 0.327083 0.021112 0.025088
0 0.158594 0.327083 0.018096 0.024127
0 0.046875 0.360417 0.018048 0.02325
0 0.075781 0.36875 0.021105 0.028403
0 0.125 0.384375 0.017317 0.024011
0 0.736719 0.389583 0.024318 0.031312
0 0.846094 0.407292 0.0223 0.029733
0 0.026562 0.410417 0.017757 0.026099
0 0.734375 0.419792 0.019925 0.025905
0 0.145313 0.43125 0.025322 0.03032
0 0.410938 0.464583 0.018442 0.024589
0 0.814844 0.469792 0.018331 0.025253
0 0.899219 0.488542 0.033703 0.032736
0 0.8125 0.488542 0.018939 0.024442
0 0.428906 0.496875 0.018008 0.02309
0 0.830469 0.514583 0.018065 0.027104
0 0.839063 0.520833 0.018331 0.025253
0 0.263281 0.553125 0.019792 0.025321
0 0.292187 0.586458 0.018773 0.023107
0 0.397656 0.589583 0.019574 0.023676
0 0.774219 0.601042 0.019574 0.023676
0 0.379688 0.604167 0.0197 0.025227
0 0.254688 0.607292 0.024016 0.030071
0 0.392969 0.610417 0.019574 0.023676
0 0.821094 0.636458 0.019543 0.023126
0 0.185156 0.690625 0.018008 0.02309
0 0.392969 0.69375 0.017658 0.024165
0 0.739062 0.696875 0.018331 0.025253
0 0.607031 0.714583 0.022937 0.028155
0 0.589063 0.719792 0.018442 0.024589
0 0.289844 0.777083 0.021198 0.026257
0 0.492969 0.81875 0.022707 0.026328
0 0.73125 0.871875 0.018769 0.023116
0 0.055469 0.976042 0.026155 0.036189
0 0.151562 0.980208 0.027307 0.037962
0 0.139063 0.982292 0.019119 0.025492
0 0.621094 0.983333 0.019558 0.02407
0 0.865625 0.990041 0.018331 0.019918