0 0.664844 0.014364 0.024079 0.028729
0 0.015625 0.029167 0.023026 0.028919
0 0.240625 0.033333 0.018805 0.027121
0 0.422656 0.059375 0.022776 0.032111
0 0.225781 0.098958 0.022128 0.030307
0 0.242188 0.148958 0.021935 0.025224
0 0.25 0.167708 0.022254 0.031093
0 0.064062 0.166667 0.020058 0.027568
0 0.617969 0.1875 0.024322 0.027345
0 0.084375 0.261458 0.023103 0.02886
0 0.933594 0.295833 0.021362 0.02664
0 0.896094 0.338542 0.021542 0.029952
0 0.780469 0.371875 0.018921 0.024472
0 0.501563 0.486458 0.019638 0.024534
0 0.482812 0.589583 0.025249 0.036187
0 0.903125 0.632292 0.020058 0.027568
0 0.901563 0.638542 0.020412 0.025429
0 0.81875 0.651042 0.023234 0.02937
0 0.332031 0.716667 0.021105 0.028403
0 0.335938 0.736458 0.023964 0.032621
0 0.2375 0.8625 0.023484 0.032424
0 0.373437 0.864583 0.023432 0.030159
0 0.585938 0.88125 0.019543 0.023126