0 0.552344 0.019792 0.022566 0.031762
0 0.345313 0.025 0.019178 0.025168
0 0.532813 0.032292 0.020147 0.028452
0 0.157031 0.044792 0.022067 0.026726
0 0.394531 0.045833 0.021542 0.027554
0 0.108594 0.06875 0.023097 0.028871
0 0.510938 0.091667 0.021648 0.029332
0 0.338281 0.104167 0.037509 0.043759
0 0.427344 0.091667 0.018008 0.02309
0 0.9625 0.1 0.026 0.035478
0 0.395313 0.107292 0.018096 0.024127
0 0.600781 0.122917 0.019638 0.024534
0 0.417969 0.128125 0.026765 0.033788
0 0.275 0.139583 0.027141 0.034876
0 0.591406 0.133333 0.018827 0.023629
0 0.765625 0.140625 0.021701 0.028014
0 0.316406 0.141667 0.019534 0.022292
0 0.921875 0.15 0.018773 0.023107
0 0.432031 0.158333 0.021239 0.025868
0 0.849219 0.160417 0.019627 0.024405
0 0.821094 0.164583 0.017759 0.024215
0 0.353906 0.172917 0.018939 0.024442
0 0.30625 0.173958 0.018008 0.02309
0 0.830469 0.175 0.018331 0.025253
0 0.469531 0.190625 0.020058 0.027568
0 0.133594 0.197917 0.025088 0.031317
0 0.750781 0.198958 0.018756 0.022285
0 0.514062 0.202083 0.018827 0.023629
0 0.467187 0.216667 0.018827 0.023629
0 0.047656 0.277083 0.018939 0.024442
0 0.267188 0.279167 0.01733 0.02503
0 0.559375 0.285417 0.019925 0.025905
0 0.25625 0.289583 0.019768 0.025593
0 0.460156 0.295833 0.019627 0.024405
0 0.539844 0.302083 0.021593 0.032602
0 0.442188 0.305208 0.021165 0.025459
0 0.671094 0.304167 0.02203 0.026707
0 0.292969 0.360417 0.029151 0.035937
0 0.636719 0.377083 0.031444 0.037822
0 0.107031 0.371875 0.020566 0.026042
0 0.273438 0.378125 0.023796 0.029832
0 0.382031 0.382292 0.017317 0.024011
0 0.665625 0.385417 0.019531 0.027421
0 0.258594 0.392708 0.020566 0.027421
0 0.050781 0.398958 0.02663 0.032366
0 0.453125 0.410417 0.025709 0.032024
0 0.7625 0.415625 0.029161 0.041107
0 0.744531 0.415625 0.027753 0.034375
0 0.68125 0.414583 0.021894 0.026105
0 0.864062 0.417708 0.017438 0.024063
0 0.789844 0.425 0.019429 0.026567
0 0.032031 0.436458 0.025283 0.033934
0 0.955469 0.444792 0.018756 0.022285
0 0.392188 0.453125 0.018096 0.024127
0 0.978125 0.461458 0.023244 0.031704
0 0.029687 0.467708 0.021946 0.026299
0 0.421875 0.475 0.020231 0.026656
0 0.866406 0.477083 0.021796 0.02989
0 0.717187 0.48125 0.019909 0.025929
0 0.604688 0.522917 0.020479 0.026286
0 0.028125 0.526042 0.022111 0.027748
0 0.558594 0.54375 0.027025 0.038878
0 0.621094 0.545833 0.021479 0.027243
0 0.052344 0.553125 0.019574 0.023676
0 0.9375 0.555208 0.022111 0.027748
0 0.929688 0.583333 0.021894 0.026105
0 0.446094 0.586458 0.01802 0.023067
0 0.7125 0.602083 0.027003 0.034726
0 0.78125 0.619792 0.037828 0.049838
0 0.225781 0.630208 0.018161 0.023679
0 0.21875 0.648958 0.027255 0.036849
0 0.34375 0.663542 0.031278 0.033487
0 0.582031 0.679167 0.021618 0.02791
0 0.549219 0.684375 0.018008 0.02309
0 0.230469 0.69375 0.024371 0.03362
0 0.288281 0.692708 0.021339 0.026862
0 0.317969 0.696875 0.017317 0.024011
0 0.915625 0.710417 0.029089 0.036562
0 0.044531 0.711458 0.021999 0.028864
0 0.008086 0.713542 0.016171 0.027443
0 0.489063 0.726042 0.036615 0.057869
0 0.736719 0.744792 0.031426 0.046069
0 0.102344 0.741667 0.025969 0.032604
0 0.939844 0.75 0.021405 0.027443
0 0.714063 0.75625 0.022828 0.027821
0 0.229687 0.764583 0.019119 0.025492
0 0.203125 0.782292 0.019909 0.025929
0 0.5875 0.798958 0.026791 0.034443
0 0.839063 0.805208 0.019733 0.025046
0 0.192188 0.814583 0.018756 0.022285
0 0.85 0.822917 0.018029 0.025068
0 0.257812 0.822917 0.021161 0.025349
0 0.577344 0.826042 0.018773 0.023107
0 0.055469 0.838542 0.024377 0.029518
0 0.435937 0.836458 0.017301 0.024027
0 0.596094 0.869792 0.031712 0.040843
0 0.072656 0.872917 0.019558 0.02407
0 0.683594 0.902083 0.018096 0.024127
0 0.295312 0.910417 0.019574 0.023676
0 0.517188 0.920833 0.030967 0.038367
0 0.879687 0.917708 0.019627 0.024405
0 0.542188 0.921875 0.02287 0.028488
0 0.50625 0.932292 0.022995 0.032052
0 0.635156 0.938542 0.021362 0.02664
0 0.064844 0.947917 0.025414 0.032846
0 0.279687 0.945833 0.018773 0.023107
0 0.259375 0.953125 0.019543 0.023126
0 0.75625 0.976042 0.022883 0.028677
0 0.313281 0.977083 0.021701 0.028014
0 0.226562 0.984529 0.026101 0.030943