0 0.455469 0.025 0.024736 0.030494
0 0.209375 0.038542 0.020537 0.027934
0 0.121094 0.08125 0.020697 0.026524
0 0.047656 0.0875 0.021618 0.02791
0 0.413281 0.133333 0.023661 0.032628
0 0.655469 0.134375 0.025513 0.033411
0 0.023438 0.136458 0.019574 0.023676
0 0.667969 0.175 0.02168 0.028193
0 0.9875 0.184375 0.020441 0.025129
0 0.040625 0.192708 0.023878 0.029636
0 0.1 0.195833 0.023028 0.030998
0 0.121875 0.214583 0.021542 0.029952
0 0.717187 0.217708 0.023931 0.031351
0 0.797656 0.227083 0.02032 0.023137
0 0.046094 0.276042 0.026228 0.036624
0 0.239844 0.294792 0.021339 0.026862
0 0.744531 0.313542 0.023161 0.029971
0 0.880469 0.316667 0.020697 0.026524
0 0.503906 0.321875 0.027736 0.03412
0 0.750781 0.379167 0.029089 0.036562
0 0.957031 0.382292 0.021618 0.02791
0 0.3 0.396875 0.030954 0.039612
0 0.791406 0.39375 0.017438 0.024063
0 0.110937 0.417708 0.018773 0.023107
0 0.202344 0.425 0.025287 0.034337
0 0.660937 0.494792 0.023583 0.030562
0 0.614062 0.5 0.021112 0.025088
0 0.74375 0.502083 0.019531 0.027421
0 0.494531 0.542708 0.021161 0.025349
0 0.428906 0.566667 0.025197 0.031603
0 0.546094 0.56875 0.025282 0.034542
0 0.376563 0.578125 0.02003 0.029373
0 0.901563 0.59375 0.023319 0.029672
0 0.730469 0.597917 0.021819 0.028356
0 0.398438 0.638542 0.021104 0.024098
0 0.761719 0.765625 0.021915 0.02956
0 0.332813 0.867708 0.020328 0.024087
0 0.800781 0.9375 0.01902 0.024748
0 0.647656 0.952083 0.025243 0.032454
0 0.874219 0.96875 0.026593 0.033416
0 0.721094 0.976042 0.018939 0.024442