0 0.197656 0.015625 0.021563 0.029929
0 0.060156 0.054167 0.023451 0.027139
0 0.540625 0.061458 0.021701 0.028014
0 0.982031 0.0625 0.018442 0.024589
0 0.913281 0.079167 0.022128 0.030307
0 0.080469 0.084375 0.018773 0.023107
0 0.708594 0.109375 0.020341 0.025073
0 0.773438 0.1125 0.019925 0.025905
0 0.791406 0.113542 0.021339 0.026862
0 0.422656 0.128125 0.018331 0.025253
0 0.803125 0.133333 0.023319 0.029672
0 0.041406 0.1375 0.020537 0.027934
0 0.767969 0.139583 0.018442 0.024589
0 0.360938 0.14375 0.019339 0.027372
0 0.015625 0.14375 0.018048 0.02325
0 0.9375 0.144792 0.019925 0.025905
0 0.152344 0.15 0.020416 0.025301
0 0.533594 0.151042 0.018921 0.024472
0 0.491406 0.155208 0.018008 0.02309
0 0.34375 0.166667 0.019925 0.025905
0 0.621094 0.178125 0.021542 0.027554
0 0.473438 0.194792 0.022937 0.028155
0 0.732812 0.195833 0.023026 0.028919
0 0.445312 0.197917 0.019531 0.027421
0 0.935156 0.209375 0.018442 0.024589
0 0.363281 0.2125 0.022094 0.027539
0 0.702344 0.2125 0.021989 0.028877
0 0.096875 0.215625 0.018096 0.024127
0 0.746094 0.221875 0.021701 0.028014
0 0.520312 0.227083 0.023476 0.030208
0 0.2375 0.230208 0.022883 0.028677
0 0.396875 0.234375 0.020697 0.026524
0 0.592969 0.246875 0.021105 0.028403
0 0.784375 0.248958 0.019733 0.025046
0 0.558594 0.2625 0.018561 0.025359
0 0.291406 0.283333 0.021479 0.027243
0 0.688281 0.284375 0.02306 0.029195
0 0.496875 0.295833 0.025953 0.032857
0 0.739062 0.302083 0.022971 0.028458
0 0.370312 0.30625 0.020566 0.026042
0 0.466406 0.308333 0.024623 0.030229
0 0.157031 0.321875 0.021946 0.026299
0 0.11875 0.321875 0.019178 0.025168
0 0.073438 0.334375 0.019893 0.027596
0 0.449219 0.3375 0.022094 0.027539
0 0.207031 0.340625 0.024982 0.033615
0 0.536719 0.340625 0.021479 0.027243
0 0.690625 0.363542 0.020058 0.027568
0 0.407813 0.373958 0.020134 0.027719
0 0.145313 0.396875 0.021362 0.02664
0 0.923438 0.398958 0.021243 0.027194
0 0.675781 0.404167 0.021339 0.026862
0 0.616406 0.417708 0.021819 0.028356
0 0.411719 0.41875 0.021999 0.028864
0 0.439063 0.416667 0.018773 0.023107
0 0.794531 0.4375 0.027905 0.034571
0 0.632031 0.436458 0.021999 0.028864
0 0.692187 0.436458 0.017301 0.024027
0 0.139063 0.440625 0.018561 0.025359
0 0.859375 0.451042 0.022937 0.028155
0 0.717187 0.46875 0.019627 0.024405
0 0.497656 0.471875 0.024377 0.029518
0 0.396875 0.491667 0.03022 0.037662
0 0.702344 0.485417 0.020328 0.024087
0 0.670312 0.492708 0.022731 0.029504
0 0.540625 0.508333 0.020676 0.026744
0 0.698438 0.508333 0.019893 0.027596
0 0.558594 0.517708 0.021618 0.02791
0 0.441406 0.525 0.020328 0.024087
0 0.164062 0.533333 0.022937 0.028155
0 0.820312 0.533333 0.019925 0.025905
0 0.726562 0.535417 0.019531 0.027421
0 0.103906 0.542708 0.021701 0.028014
0 0.322656 0.542708 0.020058 0.027568
0 0.460938 0.548958 0.026623 0.028618
0 0.383594 0.551042 0.020666 0.028723
0 0.283594 0.575 0.020566 0.026042
0 0.773438 0.578125 0.01882 0.024173
0 0.914062 0.579167 0.020058 0.027568
0 0.078906 0.583333 0.021314 0.02663
0 0.489844 0.582292 0.018773 0.023107
0 0.099219 0.585417 0.019638 0.024534
0 0.757812 0.595833 0.019119 0.025492
0 0.907813 0.6 0.020537 0.027934
0 0.142187 0.614583 0.029254 0.033914
0 0.304688 0.611458 0.020537 0.027934
0 0.975 0.610417 0.019909 0.025929
0 0.164844 0.615625 0.018773 0.023107
0 0.8375 0.634375 0.024136 0.031823
0 0.925 0.658333 0.020046 0.026244
0 0.649219 0.678125 0.025348 0.03196
0 0.860156 0.677083 0.021264 0.026134
0 0.7375 0.68125 0.026598 0.034681
0 0.602344 0.680208 0.019574 0.023676
0 0.492969 0.684375 0.021819 0.028356
0 0.078125 0.688542 0.020416 0.025301
0 0.835938 0.70625 0.022017 0.028277
0 0.969531 0.722917 0.024847 0.031127
0 0.101562 0.726042 0.019627 0.024405
0 0.473438 0.746875 0.022633 0.032689
0 0.815625 0.754167 0.020801 0.028133
0 0.911719 0.757292 0.021119 0.029767
0 0.944531 0.76875 0.024578 0.029591
0 0.460938 0.778125 0.019531 0.026042
0 0.822656 0.779167 0.021701 0.028014
0 0.94375 0.778125 0.019574 0.023676
0 0.703125 0.795833 0.028215 0.035868
0 0.953125 0.794792 0.019574 0.023676
0 0.026562 0.847917 0.023319 0.029672
0 0.1125 0.878125 0.022495 0.030475
0 0.5125 0.878125 0.02749 0.031005
0 0.74375 0.88125 0.026366 0.032148
0 0.238281 0.882292 0.018921 0.024472
0 0.801562 0.894792 0.022883 0.028677
0 0.792188 0.911458 0.017759 0.024215
0 0.121094 0.938542 0.018921 0.024472
0 0.026562 0.945833 0.020416 0.025301
0 0.642969 0.948958 0.018561 0.025359
0 0.959375 0.958333 0.019992 0.026974
0 0.541406 0.9625 0.022551 0.029062
0 0.544531 0.977083 0.020551 0.027917
0 0.791406 0.980208 0.018939 0.024442
0 0.553906 0.988748 0.021198 0.022504
0 0.516406 0.990593 0.020441 0.018814