0 0.908594 0.028125 0.02143 0.027648
0 0.989844 0.028125 0.018773 0.023107
0 0.038281 0.078125 0.021314 0.02663
0 0.982812 0.08125 0.021885 0.028544
0 0.713281 0.2625 0.028404 0.039509
0 0.945312 0.286458 0.023476 0.030208
0 0.533594 0.40625 0.017759 0.024215
0 0.529687 0.410417 0.020371 0.024457
0 0.703906 0.517708 0.024494 0.031715
0 0.530469 0.542708 0.022393 0.030491
0 0.922656 0.588542 0.028696 0.035787
0 0.782031 0.61875 0.030262 0.044632
0 0.18125 0.651042 0.025837 0.030331
0 0.042188 0.701042 0.023878 0.029636
0 0.101562 0.719792 0.023557 0.030821
0 0.180469 0.738542 0.024384 0.02969
0 0.458594 0.752083 0.027588 0.030853
0 0.961719 0.761458 0.025511 0.032143
0 0.264062 0.828125 0.019638 0.024534
0 0.139844 0.911458 0.028606 0.036385