0 0.178906 0.073958 0.024447 0.033091
0 0.757031 0.172917 0.023493 0.032412
0 0.877344 0.178125 0.022758 0.030751
0 0.528906 0.291667 0.018773 0.023107
0 0.629687 0.422917 0.01971 0.025332
0 0.176563 0.577083 0.02539 0.031393
0 0.020313 0.648958 0.019733 0.025046
0 0.83125 0.721875 0.025243 0.032454
0 0.286719 0.74375 0.02217 0.02922
0 0.7125 0.79375 0.024138 0.032445
0 0.255469 0.809375 0.021819 0.028356
0 0.257031 0.84375 0.021362 0.02664
0 0.572656 0.922917 0.021999 0.028864
0 0.289062 0.936458 0.022937 0.028155
0 0.464062 0.960417 0.022246 0.031817