0 0.522656 0.032292 0.022254 0.02805
0 0.1 0.036458 0.01971 0.025332
0 0.326562 0.06875 0.019574 0.023676
0 0.977344 0.101042 0.021701 0.028014
0 0.347656 0.166667 0.017982 0.022269
0 0.214844 0.1875 0.018939 0.024442
0 0.151562 0.316667 0.027003 0.034726
0 0.250781 0.317708 0.019574 0.023676
0 0.673438 0.352083 0.023491 0.027306
0 0.478906 0.398958 0.018827 0.023629
0 0.029687 0.419792 0.021131 0.02449
0 0.835938 0.46875 0.018008 0.02309
0 0.2 0.495833 0.021339 0.026862
0 0.641406 0.521875 0.018008 0.02309
0 0.589844 0.56875 0.018827 0.023629
0 0.227344 0.61875 0.024436 0.029089
0 0.284375 0.634375 0.019792 0.025321
0 0.911719 0.733333 0.022729 0.02728
0 0.898438 0.757292 0.019733 0.025046
0 0.448437 0.813542 0.019627 0.024405
0 0.189062 0.81875 0.019733 0.025046
0 0.929688 0.853125 0.019733 0.025046
0 0.902344 0.905208 0.018161 0.023679
0 0.353125 0.914583 0.024309 0.031325