0 0.271875 0.014583 0.020046 0.026244
0 0.602344 0.025 0.0197 0.025227
0 0.905469 0.0375 0.020521 0.026513
0 0.439063 0.047917 0.018773 0.023107
0 0.301563 0.054167 0.018756 0.022285
0 0.734375 0.0625 0.022254 0.031093
0 0.899219 0.059375 0.02203 0.026707
0 0.582031 0.069792 0.021479 0.027243
0 0.086719 0.092708 0.025161 0.030661
0 0.35 0.097917 0.019746 0.030276
0 0.486719 0.126042 0.018827 0.023629
0 0.676562 0.145833 0.022729 0.02728
0 0.61875 0.170833 0.025208 0.034751
0 0.064062 0.179167 0.023103 0.02886
0 0.297656 0.196875 0.021339 0.026862
0 0.638281 0.196875 0.019627 0.024405
0 0.84375 0.2125 0.019531 0.027421
0 0.7875 0.216667 0.019733 0.025046
0 0.3875 0.234375 0.019792 0.025321
0 0.2375 0.254167 0.020676 0.026744
0 0.729688 0.263542 0.022729 0.02728
0 0.473438 0.298958 0.019733 0.025046
0 0.142187 0.315625 0.019768 0.025593
0 0.617188 0.330208 0.020566 0.026042
0 0.467969 0.415625 0.019574 0.023676
0 0.347656 0.434375 0.028506 0.035084
0 0.553125 0.473958 0.023461 0.030231
0 0.24375 0.488542 0.023592 0.030549
0 0.354687 0.494792 0.020134 0.027719
0 0.290625 0.513542 0.019574 0.023676
0 0.846875 0.527083 0.020046 0.026244
0 0.992445 0.553125 0.015111 0.025103
0 0.385937 0.558333 0.029771 0.03094
0 0.138281 0.597917 0.020231 0.026656
0 0.471875 0.607292 0.020676 0.026744
0 0.503125 0.625 0.022214 0.035523
0 0.657031 0.634375 0.0217 0.035584
0 0.217969 0.630208 0.019683 0.026728
0 0.551562 0.644792 0.020627 0.027503
0 0.805469 0.689583 0.021701 0.028014
0 0.971094 0.701042 0.021819 0.028356
0 0.350781 0.708333 0.021618 0.02791
0 0.29375 0.752083 0.023654 0.029634
0 0.371094 0.785417 0.02428 0.026751
0 0.247656 0.796875 0.021479 0.027243
0 0.422656 0.798958 0.025343 0.032814
0 0.55625 0.826042 0.027003 0.034726
0 0.147656 0.846875 0.019638 0.024534
0 0.207031 0.930208 0.02217 0.035521
0 0.63125 0.982292 0.024784 0.031536