0 0.784375 0.060417 0.019792 0.025321
0 0.532031 0.066667 0.024652 0.030465
0 0.079687 0.107292 0.024418 0.030455
0 0.045312 0.114583 0.026299 0.033348
0 0.145313 0.14375 0.023026 0.028919
0 0.632812 0.146875 0.020517 0.029536
0 0.308594 0.204167 0.021796 0.030069
0 0.554688 0.209375 0.021314 0.02663
0 0.533594 0.214583 0.022841 0.0357
0 0.174219 0.215625 0.026273 0.033081
0 0.303906 0.215625 0.022995 0.032052
0 0.153125 0.277083 0.019792 0.025321
0 0.629687 0.285417 0.022669 0.026114
0 0.139063 0.305208 0.026417 0.032442
0 0.904687 0.380208 0.030597 0.033915
0 0.630469 0.404167 0.018939 0.024442
0 0.983594 0.434375 0.024946 0.031337
0 0.807031 0.434375 0.018442 0.024589
0 0.397656 0.48125 0.018921 0.024472
0 0.982031 0.49375 0.022094 0.027539
0 0.724219 0.51875 0.027239 0.036319
0 0.151562 0.586458 0.026585 0.035972
0 0.792188 0.616667 0.026742 0.040111
0 0.466406 0.635417 0.024578 0.029591
0 0.401562 0.728125 0.022937 0.028155
0 0.966406 0.755208 0.019178 0.025168
0 0.451562 0.855208 0.019792 0.025321