0 0.098437 0.012861 0.024425 0.025722
0 0.151562 0.020833 0.022937 0.028155
0 0.26875 0.055208 0.029714 0.037719
0 0.917188 0.128125 0.024516 0.030178
0 0.620313 0.140625 0.019627 0.024405
0 0.205469 0.141667 0.019585 0.023836
0 0.573438 0.147917 0.021894 0.026105
0 0.579688 0.167708 0.018773 0.023107
0 0.192188 0.16875 0.01902 0.024748
0 0.467187 0.19375 0.020441 0.025129
0 0.499219 0.205208 0.030041 0.039597
0 0.559375 0.279167 0.031382 0.045968
0 0.899219 0.29375 0.021999 0.028864
0 0.128125 0.348958 0.021645 0.030804
0 0.748437 0.358333 0.025018 0.030234
0 0.482031 0.361458 0.019178 0.025168
0 0.628906 0.369792 0.025161 0.030661
0 0.630469 0.402083 0.021796 0.030069
0 0.380469 0.411458 0.03022 0.037662
0 0.96875 0.430208 0.020432 0.028638
0 0.851562 0.451042 0.018827 0.023629
0 0.632812 0.46875 0.020046 0.026244
0 0.566406 0.476042 0.018442 0.024589
0 0.576562 0.586458 0.027003 0.034726
0 0.496094 0.654167 0.02559 0.036981
0 0.274219 0.652083 0.018442 0.024589
0 0.775781 0.738542 0.021302 0.02814
0 0.889844 0.74375 0.021796 0.02989
0 0.340625 0.755208 0.018921 0.024472
0 0.855469 0.761458 0.022758 0.030751
0 0.907031 0.790625 0.021796 0.02989
0 0.325781 0.985417 0.020566 0.026042