0 0.872656 0.009303 0.021989 0.018605
0 0.0625 0.067708 0.025348 0.03196
0 0.0875 0.079167 0.019574 0.023676
0 0.244531 0.083333 0.025345 0.030561
0 0.810937 0.088542 0.02095 0.027383
0 0.526563 0.092708 0.01971 0.025332
0 0.814063 0.109375 0.028021 0.035684
0 0.661719 0.141667 0.020566 0.026042
0 0.129688 0.229167 0.031144 0.040691
0 0.099219 0.232292 0.021339 0.026862
0 0.436719 0.25 0.025778 0.035968
0 0.175781 0.278125 0.019574 0.023676
0 0.867188 0.283333 0.023476 0.030208
0 0.584375 0.286458 0.02479 0.031527
0 0.765625 0.294792 0.027736 0.03412
0 0.804688 0.340625 0.017759 0.024215
0 0.522656 0.35 0.018008 0.02309
0 0.726562 0.370833 0.023026 0.028919
0 0.167187 0.395833 0.019638 0.024534
0 0.540625 0.397917 0.0201 0.026364
0 0.957812 0.401042 0.023538 0.032216
0 0.5 0.446875 0.020328 0.024087
0 0.788281 0.455208 0.018561 0.025359
0 0.285938 0.473958 0.030285 0.038538
0 0.801562 0.472917 0.02306 0.029195
0 0.771094 0.480208 0.023293 0.029834
0 0.074219 0.483333 0.022883 0.028677
0 0.533594 0.492708 0.018561 0.025359
0 0.3375 0.50625 0.033075 0.041565
0 0.910156 0.502083 0.021796 0.02989
0 0.200781 0.5125 0.02742 0.034417
0 0.792969 0.521875 0.027715 0.044369
0 0.647656 0.523958 0.025642 0.035177
0 0.742969 0.529167 0.028773 0.036623
0 0.414062 0.5375 0.024291 0.029293
0 0.675781 0.55625 0.028518 0.040115
0 0.982812 0.585417 0.030497 0.038955
0 0.671875 0.5875 0.021405 0.027443
0 0.14375 0.629167 0.029082 0.037672
0 0.684375 0.632292 0.031588 0.036648
0 0.785937 0.628125 0.019909 0.025929
0 0.478906 0.65625 0.017438 0.024063
0 0.953906 0.6625 0.01902 0.024748
0 0.335156 0.676042 0.022558 0.029051
0 0.657813 0.704167 0.023654 0.029634
0 0.785156 0.713542 0.024496 0.029918
0 0.601562 0.729167 0.018773 0.023107
0 0.935156 0.730208 0.019178 0.025168
0 0.986719 0.7375 0.020801 0.028133
0 0.415625 0.739583 0.019574 0.023676
0 0.889062 0.744792 0.026 0.035478
0 0.973437 0.761458 0.027172 0.035363
0 0.457813 0.770833 0.018008 0.02309
0 0.217188 0.776042 0.01902 0.024748
0 0.592187 0.814583 0.02648 0.033546
0 0.310937 0.835417 0.023476 0.030208
0 0.879687 0.859375 0.023476 0.030208
0 0.539844 0.860417 0.02168 0.028193
0 0.9 0.866667 0.023476 0.030208
0 0.565625 0.898958 0.023597 0.02855
0 0.470313 0.907292 0.023063 0.030344
0 0.265625 0.914583 0.022729 0.02728
0 0.228125 0.91875 0.019574 0.023676
0 0.741406 0.94375 0.028246 0.040293
0 0.927344 0.945833 0.029106 0.037508
0 0.400781 0.95 0.030084 0.035656
0 0.738281 0.971875 0.03256 0.048376
0 0.798438 0.966667 0.028186 0.036371
0 0.426563 0.983333 0.023607 0.028741