0 0.226562 0.020673 0.030348 0.041346
0 0.714844 0.011986 0.025918 0.023972
0 0.895312 0.014611 0.023908 0.029223
0 0.63125 0.016153 0.026979 0.032306
0 0.132031 0.014583 0.021999 0.028864
0 0.708594 0.013542 0.018756 0.022285
0 0.384375 0.019792 0.023903 0.032879
0 0.870313 0.016667 0.019893 0.027596
0 0.857812 0.025 0.021098 0.023145
0 0.953906 0.025 0.018939 0.024442
0 0.508594 0.036458 0.027056 0.034291
0 0.375781 0.034375 0.02143 0.027648
0 0.478906 0.032292 0.018756 0.022285
0 0.321094 0.036458 0.0223 0.028345
0 0.726562 0.046875 0.050442 0.050642
0 0.459375 0.038542 0.019429 0.026567
0 0.225 0.038542 0.018561 0.025359
0 0.66875 0.040625 0.019683 0.026728
0 0.058594 0.042708 0.025885 0.028384
0 0.623437 0.048958 0.028993 0.039474
0 0.425 0.046875 0.022828 0.027821
0 0.764062 0.05 0.022758 0.030751
0 0.588281 0.061458 0.031298 0.048678
0 0.670312 0.055208 0.029863 0.034842
0 0.967969 0.048958 0.018939 0.024442
0 0.496094 0.052083 0.018331 0.025253
0 0.825781 0.054167 0.021796 0.02989
0 0.896094 0.055208 0.021339 0.026862
0 0.188281 0.058333 0.017438 0.024063
0 0.754687 0.06875 0.031146 0.039183
0 0.322656 0.063542 0.01882 0.024173
0 0.214844 0.06875 0.019574 0.023676
0 0.672656 0.073958 0.029496 0.034954
0 0.201563 0.090625 0.035605 0.048763
0 0.465625 0.08125 0.018773 0.023107
0 0.846875 0.08125 0.019574 0.023676
0 0.511719 0.082292 0.017438 0.024063
0 0.452344 0.0875 0.021198 0.026257
0 0.489844 0.092708 0.029835 0.033768
0 0.673438 0.09375 0.025042 0.032134
0 0.152344 0.095833 0.024578 0.029591
0 0.585938 0.09375 0.021894 0.026105
0 0.629687 0.091667 0.018008 0.02309
0 0.507812 0.097917 0.01971 0.025332
0 0.665625 0.116667 0.032252 0.045835
0 0.757812 0.1125 0.033016 0.037221
0 0.250781 0.110417 0.021314 0.02663
0 0.961719 0.121875 0.022758 0.030751
0 0.540625 0.142708 0.033929 0.060541
0 0.4875 0.13125 0.017438 0.024063
0 0.707812 0.138542 0.023786 0.032659
0 0.671875 0.1375 0.018846 0.025128
0 0.105469 0.140625 0.020328 0.024087
0 0.184375 0.140625 0.020697 0.026524
0 0.30625 0.14375 0.020697 0.026524
0 0.564844 0.144792 0.021479 0.027243
0 0.142969 0.147917 0.023821 0.030088
0 0.126562 0.151042 0.026083 0.03037
0 0.171094 0.151042 0.021198 0.026257
0 0.817187 0.160417 0.03236 0.040044
0 0.240625 0.165625 0.022729 0.02728
0 0.496875 0.164583 0.020566 0.026042
0 0.442969 0.167708 0.02475 0.031228
0 0.325781 0.16875 0.021314 0.02663
0 0.844531 0.173958 0.026402 0.034282
0 0.6875 0.172917 0.0197 0.025227
0 0.9625 0.171875 0.019627 0.024405
0 0.434375 0.172917 0.019574 0.023676
0 0.633594 0.175 0.022094 0.027539
0 0.351562 0.176042 0.022393 0.030491
0 0.711719 0.175 0.017759 0.024215
0 0.741406 0.178125 0.019574 0.023676
0 0.95625 0.182292 0.027373 0.029352
0 0.146875 0.182292 0.01971 0.025332
0 0.173437 0.185417 0.021239 0.025868
0 0.76875 0.184375 0.01971 0.025332
0 0.371875 0.185417 0.018756 0.022285
0 0.550781 0.188542 0.021819 0.028356
0 0.645312 0.1875 0.019531 0.027421
0 0.972656 0.192708 0.021479 0.027243
0 0.758594 0.19375 0.020432 0.028638
0 0.592187 0.195833 0.020566 0.026042
0 0.36875 0.197917 0.019909 0.025929
0 0.670312 0.197917 0.020058 0.027568
0 0.513281 0.201042 0.021243 0.027194
0 0.810937 0.202083 0.019638 0.024534
0 0.882031 0.205208 0.025086 0.031874
0 0.394531 0.203125 0.021339 0.026862
0 0.491406 0.204167 0.017438 0.024063
0 0.091406 0.20625 0.020328 0.024087
0 0.615625 0.209375 0.019429 0.026567
0 0.715625 0.214583 0.025938 0.031646
0 0.923438 0.2125 0.022729 0.02728
0 0.521094 0.2125 0.02111 0.023724
0 0.739062 0.213542 0.02095 0.027383
0 0.149219 0.215625 0.021362 0.02664
0 0.3625 0.214583 0.020416 0.025301
0 0.936719 0.215625 0.021314 0.02663
0 0.505469 0.216667 0.021243 0.027194
0 0.639844 0.219792 0.021243 0.027194
0 0.267188 0.219792 0.019531 0.026042
0 0.25625 0.228125 0.026048 0.031808
0 0.839063 0.226042 0.023556 0.02766
0 0.152344 0.227083 0.021819 0.028356
0 0.167969 0.225 0.018008 0.02309
0 0.654687 0.228125 0.019627 0.024405
0 0.4125 0.229167 0.020566 0.026042
0 0.633594 0.229167 0.021243 0.027194
0 0.575781 0.234375 0.025423 0.033664
0 0.054688 0.23125 0.018756 0.022285
0 0.485938 0.233333 0.021247 0.027272
0 0.559375 0.234375 0.018354 0.027152
0 0.108594 0.236458 0.020537 0.027934
0 0.530469 0.235417 0.018442 0.024589
0 0.832812 0.244792 0.030458 0.037255
0 0.400781 0.247917 0.028951 0.029675
0 0.976562 0.245833 0.019733 0.025046
0 0.007544 0.247917 0.015088 0.028133
0 0.625781 0.247917 0.020328 0.024087
0 0.297656 0.251042 0.018939 0.024442
0 0.411719 0.253125 0.021479 0.027243
0 0.739062 0.25625 0.027035 0.034038
0 0.171094 0.253125 0.018773 0.023107
0 0.616406 0.261458 0.022111 0.027748
0 0.222656 0.263542 0.018161 0.023679
0 0.238281 0.2625 0.018008 0.02309
0 0.028125 0.266667 0.023556 0.02766
0 0.479687 0.266667 0.019574 0.023676
0 0.154688 0.26875 0.019792 0.025321
0 0.448437 0.270833 0.019925 0.025905
0 0.778125 0.269792 0.019531 0.026042
0 0.6375 0.272917 0.019531 0.027421
0 0.66875 0.272917 0.0201 0.026364
0 0.432031 0.276042 0.021479 0.027243
0 0.882031 0.278125 0.020566 0.026042
0 0.16875 0.280208 0.019909 0.025929
0 0.269531 0.28125 0.01902 0.024748
0 0.228906 0.285417 0.01902 0.024748
0 0.228125 0.296875 0.023707 0.029853
0 0.815625 0.296875 0.020046 0.026244
0 0.424219 0.297917 0.021198 0.026257
0 0.566406 0.298958 0.019574 0.023676
0 0.573438 0.298958 0.019627 0.024405
0 0.783594 0.301042 0.021618 0.02791
0 0.967187 0.305208 0.026729 0.035638
0 0.984518 0.313542 0.030963 0.049712
0 0.135156 0.3125 0.025781 0.032981
0 0.494531 0.3125 0.020328 0.024087
0 0.115625 0.315625 0.019638 0.024534
0 0.264844 0.315625 0.018008 0.02309
0 0.5 0.316667 0.019574 0.023676
0 0.558594 0.329167 0.030851 0.042236
0 0.139844 0.327083 0.026195 0.032242
0 0.433594 0.321875 0.018051 0.025047
0 0.028125 0.326042 0.022729 0.02728
0 0.396875 0.326042 0.023103 0.02886
0 0.172656 0.328125 0.018756 0.022285
0 0.474219 0.332292 0.021362 0.02664
0 0.579688 0.33125 0.020676 0.026744
0 0.571094 0.33125 0.017317 0.024011
0 0.057031 0.333333 0.021239 0.025868
0 0.796094 0.334375 0.0223 0.028345
0 0.016406 0.334375 0.021339 0.026862
0 0.11875 0.341667 0.019534 0.022292
0 0.232031 0.352083 0.018846 0.02378
0 0.975781 0.355208 0.030607 0.032351
0 0.403125 0.355208 0.020231 0.026656
0 0.526563 0.355208 0.019247 0.026491
0 0.221094 0.363542 0.022246 0.031817
0 0.263281 0.361458 0.024233 0.028169
0 0.475 0.361458 0.024975 0.031796
0 0.684375 0.365625 0.021247 0.027272
0 0.210156 0.363542 0.018008 0.02309
0 0.232031 0.365625 0.018442 0.024589
0 0.711719 0.369792 0.020328 0.024087
0 0.275 0.372917 0.021198 0.026257
0 0.635156 0.377083 0.020328 0.024087
0 0.500781 0.382292 0.018008 0.02309
0 0.782031 0.389583 0.02203 0.026707
0 0.432031 0.392708 0.018008 0.02309
0 0.585938 0.39375 0.018784 0.026311
0 0.158594 0.396875 0.018048 0.02325
0 0.382812 0.402083 0.023988 0.030346
0 0.223438 0.401042 0.019925 0.025905
0 0.257031 0.403125 0.025243 0.032454
0 0.35 0.4 0.018773 0.023107
0 0.583594 0.403125 0.018773 0.023107
0 0.203125 0.404167 0.018756 0.022285
0 0.7625 0.408333 0.01971 0.025332
0 0.207813 0.411458 0.020789 0.026845
0 0.572656 0.4125 0.022918 0.028188
0 0.680469 0.415625 0.021479 0.027243
0 0.601562 0.419792 0.020566 0.026042
0 0.00666 0.421875 0.01332 0.023629
0 0.467969 0.421875 0.018773 0.023107
0 0.673438 0.423958 0.02168 0.028193
0 0.876563 0.421875 0.0197 0.025227
0 0.892188 0.422917 0.018773 0.023107
0 0.451562 0.425 0.021239 0.025868
0 0.058594 0.427083 0.018048 0.02325
0 0.239063 0.427083 0.018773 0.023107
0 0.047656 0.430208 0.021243 0.027194
0 0.964844 0.430208 0.023535 0.029328
0 0.439063 0.432292 0.018048 0.02325
0 0.474219 0.435417 0.018921 0.024472
0 0.921875 0.438542 0.019925 0.025905
0 0.507031 0.442708 0.022729 0.02728
0 0.546875 0.439583 0.017982 0.022269
0 0.45625 0.446875 0.020537 0.027934
0 0.553906 0.444792 0.018008 0.02309
0 0.6 0.444792 0.019925 0.025905
0 0.839844 0.448958 0.02479 0.031527
0 0.105469 0.445833 0.020328 0.024087
0 0.007317 0.447917 0.014634 0.025253
0 0.355469 0.447917 0.018561 0.025359
0 0.586719 0.448958 0.019627 0.024405
0 0.682031 0.448958 0.018773 0.023107
0 0.986719 0.452083 0.022128 0.030307
0 0.182031 0.454167 0.032237 0.034528
0 0.085156 0.454167 0.018773 0.023107
0 0.061719 0.45625 0.018846 0.02378
0 0.232031 0.460417 0.025348 0.03196
0 0.54375 0.463542 0.025796 0.030239
0 0.184375 0.465625 0.019574 0.023676
0 0.214062 0.46875 0.0201 0.026364
0 0.485156 0.476042 0.030201 0.037399
0 0.152344 0.470833 0.021339 0.026862
0 0.301563 0.470833 0.019792 0.025321
0 0.721094 0.475 0.018939 0.024442
0 0.596094 0.476042 0.018008 0.02309
0 0.138281 0.485417 0.029004 0.037096
0 0.621875 0.483333 0.027446 0.035786
0 0.692969 0.480208 0.017759 0.024215
0 0.817187 0.480208 0.019792 0.025321
0 0.542188 0.489583 0.019792 0.025321
0 0.847656 0.489583 0.021701 0.028014
0 0.861719 0.488542 0.018773 0.023107
0 0.275781 0.490625 0.018756 0.022285
0 0.554688 0.495833 0.018442 0.024589
0 0.882812 0.5 0.018029 0.025068
0 0.744531 0.504167 0.020328 0.024087
0 0.089063 0.504167 0.019574 0.023676
0 0.845313 0.507292 0.019992 0.026974
0 0.349219 0.508333 0.018008 0.02309
0 0.482031 0.521875 0.032639 0.046236
0 0.473438 0.5125 0.018773 0.023107
0 0.332031 0.513542 0.017438 0.024063
0 0.365625 0.525 0.032782 0.040699
0 0.417969 0.520833 0.01902 0.024748
0 0.544531 0.521875 0.018442 0.024589
0 0.610938 0.527083 0.024565 0.029737
0 0.767969 0.523958 0.018008 0.02309
0 0.376563 0.526042 0.018939 0.024442
0 0.33125 0.528125 0.020676 0.026744
0 0.177344 0.528125 0.018827 0.023629
0 0.265625 0.532292 0.024039 0.032052
0 0.827344 0.532292 0.024516 0.030178
0 0.851562 0.530208 0.019574 0.023676
0 0.389844 0.535417 0.022815 0.027608
0 0.7125 0.538542 0.030665 0.034149
0 0.499219 0.55625 0.048509 0.061529
0 0.592969 0.540625 0.018939 0.024442
0 0.68125 0.545833 0.023744 0.028698
0 0.809375 0.54375 0.018773 0.023107
0 0.205469 0.546875 0.021935 0.025224
0 0.860938 0.545833 0.019792 0.025321
0 0.075781 0.548958 0.017982 0.022269
0 0.179688 0.548958 0.019178 0.025168
0 0.376563 0.55 0.019925 0.025905
0 0.346875 0.555208 0.022325 0.028159
0 0.367969 0.555208 0.021198 0.026257
0 0.155469 0.555208 0.018008 0.02309
0 0.425 0.55625 0.020551 0.027917
0 0.539062 0.558333 0.019792 0.025321
0 0.478906 0.560417 0.019543 0.023126
0 0.735938 0.561458 0.020046 0.026244
0 0.75 0.5625 0.023026 0.028919
0 0.214062 0.579167 0.055223 0.055002
0 0.554688 0.56875 0.026724 0.034099
0 0.382031 0.565625 0.018773 0.023107
0 0.435156 0.567708 0.019574 0.023676
0 0.424219 0.570833 0.018331 0.025253
0 0.525 0.570833 0.020365 0.026164
0 0.146875 0.584375 0.048714 0.04542
0 0.686719 0.573958 0.018773 0.023107
0 0.709375 0.578125 0.020416 0.025301
0 0.567969 0.580208 0.018561 0.025359
0 0.461719 0.580208 0.018773 0.023107
0 0.580469 0.583333 0.021049 0.031547
0 0.189062 0.58125 0.018773 0.023107
0 0.280469 0.590625 0.033913 0.041059
0 0.617969 0.583333 0.021131 0.02449
0 0.060937 0.589583 0.019925 0.025905
0 0.7625 0.589583 0.017438 0.024063
0 0.560156 0.591667 0.022094 0.027539
0 0.453906 0.594792 0.018442 0.024589
0 0.603906 0.602083 0.025082 0.028661
0 0.173437 0.601042 0.019909 0.025929
0 0.225 0.602083 0.019909 0.025929
0 0.738281 0.605208 0.024516 0.030178
0 0.800781 0.607292 0.02537 0.032683
0 0.015625 0.607292 0.022937 0.028155
0 0.154688 0.611458 0.026155 0.036189
0 0.519531 0.615625 0.032918 0.039785
0 0.589844 0.609375 0.017982 0.022269
0 0.86875 0.611458 0.021259 0.028345
0 0.56875 0.6125 0.026583 0.027362
0 0.595313 0.613542 0.019574 0.023676
0 0.875 0.620833 0.020416 0.025301
0 0.596875 0.628125 0.019633 0.024542
0 0.188281 0.629167 0.018124 0.023544
0 0.896094 0.632292 0.018756 0.022285
0 0.182031 0.635417 0.019627 0.024405
0 0.216406 0.641667 0.018773 0.023107
0 0.314063 0.64375 0.020566 0.026042
0 0.573438 0.648958 0.022707 0.026328
0 0.684375 0.648958 0.019429 0.026567
0 0.586719 0.651042 0.018442 0.024589
0 0.321875 0.653125 0.019574 0.023676
0 0.685937 0.657292 0.021935 0.025224
0 0.588281 0.665625 0.031596 0.039235
0 0.694531 0.664583 0.021362 0.02664
0 0.635938 0.682292 0.044898 0.061365
0 0.167969 0.667708 0.018442 0.024589
0 0.491406 0.66875 0.021239 0.025868
0 0.333594 0.669792 0.018756 0.022285
0 0.609375 0.675 0.019733 0.025046
0 0.158594 0.680208 0.021804 0.02852
0 0.532031 0.678125 0.019638 0.024534
0 0.786719 0.684375 0.031551 0.038089
0 0.891406 0.683333 0.024291 0.029293
0 0.136719 0.682292 0.018756 0.022285
0 0.464844 0.690625 0.022128 0.030307
0 0.423438 0.6875 0.018008 0.02309
0 0.742969 0.690625 0.023654 0.029634
0 0.2875 0.691667 0.018939 0.024442
0 0.376563 0.69375 0.020046 0.026244
0 0.591406 0.704167 0.033414 0.047584
0 0.483594 0.7 0.018331 0.025253
0 0.040625 0.707292 0.02821 0.036511
0 0.260156 0.701042 0.018773 0.023107
0 0.627344 0.70625 0.021701 0.028014
0 0.404687 0.705208 0.022658 0.023151
0 0.28125 0.7125 0.018827 0.023629
0 0.173437 0.71875 0.019531 0.027421
0 0.208594 0.719792 0.024383 0.028296
0 0.45 0.726042 0.032918 0.039785
0 0.292969 0.720833 0.02203 0.026707
0 0.951562 0.733333 0.018161 0.023679
0 0.163281 0.7375 0.022094 0.027539
0 0.282813 0.75 0.035246 0.041855
0 0.490625 0.744792 0.027271 0.034761
0 0.069531 0.748958 0.022193 0.03277
0 0.519531 0.744792 0.018773 0.023107
0 0.303125 0.747917 0.023556 0.02766
0 0.253906 0.747917 0.019531 0.027421
0 0.804688 0.747917 0.018756 0.022285
0 0.140625 0.75625 0.019574 0.023676
0 0.18125 0.759375 0.027447 0.031709
0 0.64375 0.754167 0.018756 0.022285
0 0.009245 0.765625 0.01849 0.025321
0 0.410156 0.769792 0.025343 0.032814
0 0.659375 0.766667 0.019909 0.025929
0 0.377344 0.769792 0.019531 0.026042
0 0.542188 0.771875 0.022729 0.02728
0 0.614062 0.775 0.029435 0.036442
0 0.83125 0.773958 0.024975 0.031796
0 0.505469 0.777083 0.025934 0.031502
0 0.238281 0.790625 0.038301 0.049237
0 0.871094 0.779167 0.018008 0.02309
0 0.010938 0.783333 0.018773 0.023107
0 0.185156 0.8125 0.045982 0.073374
0 0.157031 0.79375 0.020372 0.028564
0 0.870313 0.801042 0.019909 0.025929
0 0.55 0.804167 0.020676 0.026744
0 0.59375 0.804167 0.017982 0.022269
0 0.304688 0.807292 0.019531 0.027421
0 0.063281 0.811458 0.018773 0.023107
0 0.614062 0.8125 0.0197 0.025227
0 0.646875 0.814583 0.018029 0.025068
0 0.79375 0.822917 0.02537 0.032683
0 0.059375 0.823958 0.019909 0.025929
0 0.5875 0.829167 0.01971 0.025332
0 0.513281 0.8375 0.02203 0.026707
0 0.736719 0.836458 0.018939 0.024442
0 0.610156 0.840625 0.024079 0.030374
0 0.032031 0.847917 0.021362 0.02664
0 0.552344 0.845833 0.018008 0.02309
0 0.635156 0.848958 0.018008 0.02309
0 0.6125 0.851042 0.019178 0.025168
0 0.801562 0.8625 0.043588 0.046789
0 0.764062 0.858333 0.023234 0.02937
0 0.146094 0.864583 0.019574 0.023676
0 0.470313 0.864583 0.01902 0.024748
0 0.251563 0.870833 0.022759 0.032415
0 0.382031 0.870833 0.021105 0.028403
0 0.428906 0.882292 0.030896 0.040596
0 0.398438 0.878125 0.019574 0.023676
0 0.463281 0.888542 0.021902 0.027122
0 0.09375 0.897917 0.032734 0.041573
0 0.528125 0.894792 0.020566 0.026042
0 0.142969 0.896875 0.019909 0.025929
0 0.124219 0.920833 0.051846 0.053994
0 0.039844 0.910417 0.020529 0.025786
0 0.877344 0.915625 0.018773 0.023107
0 0.898438 0.916667 0.019925 0.025905
0 0.347656 0.917708 0.021362 0.02664
0 0.564844 0.919792 0.021479 0.027243
0 0.502344 0.919792 0.018827 0.023629
0 0.859375 0.928125 0.030156 0.038817
0 0.889844 0.925 0.024359 0.033115
0 0.595313 0.928125 0.019178 0.025168
0 0.616406 0.928125 0.020416 0.025301
0 0.975781 0.934375 0.025513 0.033411
0 0.644531 0.940625 0.020945 0.028672
0 0.360938 0.940625 0.019531 0.026042
0 0.497656 0.947917 0.029623 0.036902
0 0.903125 0.955208 0.034644 0.047702
0 0.642188 0.948958 0.019925 0.025905
0 0.95625 0.95 0.019792 0.025321
0 0.201563 0.951042 0.018442 0.024589
0 0.416406 0.951042 0.018124 0.023544
0 0.119531 0.9625 0.022227 0.031837
0 0.579688 0.977083 0.037357 0.044455
0 0.479687 0.966667 0.018773 0.023107
0 0.639062 0.96875 0.018756 0.022285
0 0.084375 0.979856 0.034124 0.040288
0 0.492188 0.979167 0.030003 0.036118
0 0.635156 0.982633 0.029567 0.034734
0 0.646875 0.982292 0.019683 0.026728