0 0.114844 0.012367 0.025095 0.024733
0 0.510938 0.021875 0.023778 0.030992
0 0.570312 0.023958 0.025032 0.034809
0 0.491406 0.033333 0.027558 0.032833
0 0.803125 0.040625 0.02229 0.030836
0 0.15 0.047917 0.027558 0.032833
0 0.664844 0.045833 0.022325 0.028159
0 0.649219 0.054167 0.027894 0.039126
0 0.775781 0.051042 0.021339 0.026862
0 0.182031 0.067708 0.029014 0.035575
0 0.639062 0.098958 0.024586 0.035763
0 0.828906 0.104167 0.021885 0.028544
0 0.684375 0.103125 0.021198 0.026257
0 0.861719 0.113542 0.029 0.040623
0 0.573438 0.132292 0.028514 0.039665
0 0.09375 0.130208 0.02393 0.031906
0 0.670312 0.138542 0.020231 0.026656
0 0.924219 0.148958 0.019574 0.023676
0 0.910937 0.158333 0.026711 0.032509
0 0.196094 0.170833 0.028308 0.031376
0 0.814844 0.197917 0.034388 0.04808
0 0.640625 0.207292 0.01882 0.024173
0 0.070312 0.229167 0.032036 0.04585
0 0.627344 0.23125 0.026665 0.036981
0 0.967969 0.227083 0.02168 0.028193
0 0.3875 0.232292 0.020441 0.025129
0 0.797656 0.251042 0.020676 0.026744
0 0.365625 0.279167 0.025058 0.034018
0 0.622656 0.346875 0.022995 0.032052
0 0.125 0.371875 0.031034 0.056631
0 0.646875 0.369792 0.026825 0.03886
0 0.750781 0.383333 0.025077 0.038096
0 0.663281 0.398958 0.021701 0.028014
0 0.851562 0.414583 0.030248 0.043336
0 0.567187 0.411458 0.02306 0.029195
0 0.967187 0.415625 0.024138 0.032445
0 0.539062 0.423958 0.02591 0.030699
0 0.757812 0.423958 0.020529 0.025786
0 0.920312 0.432292 0.026352 0.035909
0 0.267188 0.433333 0.026787 0.037786
0 0.109375 0.435417 0.02714 0.033665
0 0.254688 0.453125 0.030031 0.040041
0 0.650781 0.452083 0.025887 0.034069
0 0.805469 0.490625 0.031182 0.036953
0 0.321875 0.4875 0.023026 0.028919
0 0.346094 0.497917 0.028572 0.033436
0 0.399219 0.496875 0.021796 0.02989
0 0.41875 0.504167 0.032336 0.043785
0 0.750781 0.50625 0.027016 0.037416
0 0.825 0.505208 0.02703 0.036558
0 0.657813 0.517708 0.025243 0.032454
0 0.460938 0.532292 0.029509 0.042312
0 0.590625 0.545833 0.026012 0.038701
0 0.046094 0.54375 0.020341 0.025073
0 0.694531 0.548958 0.028222 0.03504
0 0.389062 0.551042 0.024334 0.032184
0 0.54375 0.560417 0.019925 0.025905
0 0.205469 0.569792 0.019733 0.025046
0 0.945312 0.585417 0.027391 0.044083
0 0.984071 0.588542 0.031858 0.038962
0 0.278125 0.5875 0.017353 0.027093
0 0.535156 0.594792 0.027826 0.033764
0 0.713281 0.594792 0.024886 0.03407
0 0.328125 0.603125 0.027826 0.033764
0 0.277344 0.608333 0.030467 0.038666
0 0.070312 0.605208 0.026843 0.031498
0 0.798438 0.613542 0.02411 0.035966
0 0.698438 0.61875 0.030094 0.037982
0 0.090625 0.61875 0.022883 0.028677
0 0.8375 0.629167 0.018876 0.02557
0 0.145313 0.6375 0.026376 0.032785
0 0.471094 0.634375 0.023758 0.031125
0 0.675 0.640625 0.029067 0.042905
0 0.963281 0.651042 0.022186 0.028591
0 0.185156 0.685417 0.021701 0.028014
0 0.148438 0.7 0.02934 0.037198
0 0.267969 0.702083 0.023899 0.035706
0 0.335938 0.708333 0.018756 0.022285
0 0.864844 0.717708 0.018921 0.024472
0 0.749219 0.733333 0.025322 0.03032
0 0.508594 0.752083 0.033151 0.047991
0 0.950781 0.748958 0.028246 0.034848
0 0.405469 0.75 0.020341 0.025073
0 0.279687 0.757292 0.025726 0.035186
0 0.574219 0.775 0.025685 0.036465
0 0.446094 0.778125 0.026608 0.034667
0 0.524219 0.794792 0.029639 0.051261
0 0.725 0.79375 0.026048 0.031808
0 0.671875 0.817708 0.025219 0.029986
0 0.520312 0.817708 0.017348 0.026056
0 0.984375 0.836458 0.027766 0.044207
0 0.053125 0.833333 0.02537 0.032683
0 0.858594 0.844792 0.023385 0.032449
0 0.040625 0.855208 0.03084 0.039947
0 0.584375 0.873958 0.029518 0.034761
0 0.053906 0.883333 0.027558 0.032833
0 0.679688 0.886458 0.023557 0.030821
0 0.521875 0.9 0.030362 0.038669
0 0.639844 0.903125 0.025086 0.031874
0 0.348438 0.911458 0.027491 0.033647
0 0.045312 0.907292 0.017759 0.024215
0 0.936719 0.932292 0.024679 0.030191
0 0.311719 0.944792 0.021796 0.030069
0 0.40625 0.953125 0.026352 0.035909
0 0.597656 0.954167 0.025905 0.033963
0 0.088281 0.979167 0.026274 0.039239