0 0.401562 0.01875 0.024578 0.029591
0 0.769531 0.045833 0.025086 0.031874
0 0.016406 0.103125 0.018756 0.022285
0 0.422656 0.142708 0.021362 0.02664
0 0.064062 0.157292 0.026071 0.036362
0 0.166406 0.155208 0.021542 0.027554
0 0.576562 0.15625 0.022868 0.029857
0 0.532813 0.182292 0.025307 0.033133
0 0.632812 0.188542 0.020676 0.026744
0 0.967969 0.220833 0.021479 0.027243
0 0.960156 0.228125 0.019574 0.023676
0 0.517969 0.24375 0.027539 0.034393
0 0.021094 0.245833 0.022325 0.028159
0 0.5875 0.246875 0.021247 0.027272
0 0.0125 0.248958 0.019918 0.030369
0 0.533594 0.257292 0.022226 0.031538
0 0.265625 0.267708 0.022828 0.027821
0 0.650781 0.271875 0.01882 0.024173
0 0.04375 0.273958 0.020697 0.026524
0 0.395313 0.302083 0.019792 0.025321
0 0.860156 0.359375 0.020081 0.033397
0 0.075 0.394792 0.020566 0.026042
0 0.849219 0.423958 0.018442 0.024589
0 0.964063 0.429167 0.023319 0.029672
0 0.467969 0.467708 0.018773 0.023107
0 0.115625 0.495833 0.022143 0.027371
0 0.51875 0.533333 0.022558 0.029051
0 0.033594 0.536458 0.021479 0.027243
0 0.664062 0.555208 0.022798 0.02679
0 0.785937 0.576042 0.022883 0.028677
0 0.346875 0.622917 0.023256 0.035842
0 0.963281 0.632292 0.026642 0.029619
0 0.08125 0.669792 0.025414 0.032846
0 0.699219 0.684375 0.021362 0.02664
0 0.1125 0.694792 0.023293 0.029834
0 0.185938 0.711458 0.026593 0.033416
0 0.654687 0.727083 0.026308 0.031809
0 0.275 0.728125 0.023293 0.029834
0 0.882031 0.7375 0.021796 0.030069
0 0.53125 0.75 0.02095 0.027383
0 0.10625 0.773958 0.021198 0.026257
0 0.925 0.784375 0.020441 0.025129
0 0.972656 0.802083 0.021339 0.026862
0 0.839844 0.807292 0.021701 0.028014
0 0.195312 0.838542 0.022227 0.031837
0 0.069531 0.883333 0.024903 0.039841
0 0.177344 0.913542 0.021819 0.028356
0 0.30625 0.916667 0.024326 0.027335
0 0.535156 0.935417 0.021796 0.030069
0 0.524219 0.944792 0.023028 0.030998
0 0.379688 0.987453 0.029051 0.025095