0 0.809375 0.061458 0.027467 0.038364
0 0.566406 0.084375 0.018161 0.023679
0 0.796875 0.129167 0.026275 0.033933
0 0.657813 0.1375 0.026 0.030914
0 0.264844 0.163542 0.03147 0.038316
0 0.778125 0.172917 0.022828 0.027821
0 0.378906 0.197917 0.024291 0.029293
0 0.829688 0.210417 0.018561 0.025359
0 0.586719 0.239583 0.02823 0.044141
0 0.991894 0.2625 0.016213 0.025905
0 0.523438 0.282292 0.033869 0.045498
0 0.711719 0.291667 0.022729 0.02728
0 0.259375 0.33125 0.026833 0.03299
0 0.791406 0.3625 0.026608 0.034667
0 0.901563 0.367708 0.025718 0.036075
0 0.824219 0.430208 0.030967 0.038367
0 0.988708 0.447917 0.022584 0.029834
0 0.714063 0.448958 0.023026 0.028919
0 0.057031 0.48125 0.021239 0.025868
0 0.071094 0.482292 0.018773 0.023107
0 0.978125 0.705208 0.023026 0.028919
0 0.704688 0.738542 0.021701 0.028014
0 0.039062 0.744792 0.024247 0.026365
0 0.339062 0.760417 0.019792 0.025321
0 0.835156 0.7625 0.022128 0.030307
0 0.589063 0.760417 0.018773 0.023107
0 0.207813 0.83125 0.018773 0.023107
0 0.336719 0.878125 0.026 0.030914
0 0.533594 0.892708 0.018921 0.024472
0 0.157031 0.894792 0.019446 0.026546
0 0.699219 0.925 0.02479 0.031527