0 0.236719 0.0125 0.018827 0.023629
0 0.677344 0.016667 0.025197 0.031603
0 0.7375 0.016667 0.021894 0.026105
0 0.807031 0.027083 0.024436 0.029089
0 0.73125 0.065625 0.019683 0.026728
0 0.325781 0.071875 0.021804 0.02852
0 0.441406 0.089583 0.018939 0.024442
0 0.8875 0.089583 0.0201 0.026364
0 0.769531 0.090625 0.018029 0.025068
0 0.764062 0.098958 0.028247 0.033675
0 0.134375 0.103125 0.022937 0.028155
0 0.24375 0.1125 0.019531 0.027421
0 0.971094 0.129167 0.021796 0.030069
0 0.803906 0.133333 0.019178 0.025168
0 0.560937 0.141667 0.023103 0.02886
0 0.734375 0.15 0.021978 0.027245
0 0.300781 0.159375 0.018773 0.023107
0 0.914844 0.159375 0.018773 0.023107
0 0.201563 0.165625 0.023227 0.029506
0 0.700781 0.178125 0.02377 0.034186
0 0.299219 0.186458 0.02217 0.02922
0 0.858594 0.197917 0.021479 0.027243
0 0.973437 0.211458 0.019792 0.025321
0 0.654687 0.214583 0.019792 0.025321
0 0.871875 0.238542 0.020058 0.027568
0 0.672656 0.247917 0.024383 0.028296
0 0.089063 0.2625 0.019534 0.022292
0 0.258594 0.264583 0.024383 0.028296
0 0.09375 0.26875 0.023319 0.029672
0 0.211719 0.301042 0.018161 0.023679
0 0.101562 0.314583 0.024565 0.029737
0 0.509375 0.322917 0.019792 0.025321
0 0.902344 0.332292 0.020529 0.025786
0 0.485938 0.347917 0.019792 0.025321
0 0.55 0.352083 0.019792 0.025321
0 0.253906 0.365625 0.021239 0.025868
0 0.032031 0.367708 0.019574 0.023676
0 0.185938 0.373958 0.023718 0.029015
0 0.865625 0.376042 0.020134 0.027719
0 0.320312 0.413542 0.022815 0.027608
0 0.677344 0.452083 0.024309 0.027699
0 0.421875 0.458333 0.018756 0.022285
0 0.555469 0.461458 0.018442 0.024589
0 0.103125 0.465625 0.018939 0.024442
0 0.377344 0.497917 0.021161 0.025349
0 0.460156 0.509375 0.021479 0.027243
0 0.23125 0.5125 0.019733 0.025046
0 0.264062 0.516667 0.017438 0.024063
0 0.472656 0.526042 0.021405 0.027443
0 0.557813 0.530208 0.022828 0.027821
0 0.514062 0.55 0.024584 0.031012
0 0.353125 0.551042 0.019909 0.025929
0 0.839844 0.576042 0.018008 0.02309
0 0.589063 0.59375 0.021894 0.026105
0 0.99082 0.594792 0.018361 0.024115
0 0.603125 0.608333 0.018773 0.023107
0 0.65 0.616667 0.019909 0.025929
0 0.822656 0.61875 0.019531 0.026042
0 0.208594 0.638542 0.025354 0.032797
0 0.107031 0.647917 0.024341 0.028597
0 0.299219 0.648958 0.021239 0.025868
0 0.385937 0.65 0.018827 0.023629
0 0.967187 0.653125 0.019733 0.025046
0 0.70625 0.65625 0.020551 0.027917
0 0.651563 0.689583 0.024546 0.038001
0 0.978906 0.697917 0.021479 0.027243
0 0.507031 0.714583 0.021701 0.028014
0 0.546094 0.728125 0.027656 0.0315
0 0.603125 0.765625 0.023702 0.033596
0 0.578125 0.786458 0.023244 0.031704
0 0.601562 0.790625 0.026848 0.034118
0 0.874219 0.789583 0.018876 0.02557
0 0.121094 0.796875 0.018442 0.024589
0 0.591406 0.8 0.018008 0.02309
0 0.650781 0.808333 0.024565 0.029737
0 0.459375 0.813542 0.021701 0.028014
0 0.109375 0.81875 0.021161 0.025349
0 0.910156 0.81875 0.01902 0.024748
0 0.482812 0.827083 0.024136 0.031823
0 0.557031 0.878125 0.018561 0.025359
0 0.595313 0.882292 0.018999 0.02628
0 0.376563 0.901042 0.019627 0.024405
0 0.69375 0.913542 0.025984 0.029621
0 0.355469 0.923958 0.024736 0.034375
0 0.101562 0.940625 0.022937 0.028155
0 0.110156 0.961458 0.021239 0.025868