0 0.1125 0.021875 0.02545 0.035034
0 0.170313 0.022917 0.026195 0.032242
0 0.663281 0.041667 0.024436 0.029089
0 0.404687 0.046875 0.026537 0.033111
0 0.924219 0.053125 0.021339 0.026862
0 0.478125 0.0625 0.025424 0.031337
0 0.185156 0.064583 0.025541 0.033198
0 0.445312 0.085417 0.019792 0.025321
0 0.190625 0.113542 0.028268 0.034657
0 0.604688 0.122917 0.018773 0.023107
0 0.589844 0.132292 0.021339 0.026862
0 0.388281 0.140625 0.022758 0.030751
0 0.919531 0.139583 0.022883 0.028677
0 0.050781 0.164583 0.020328 0.024087
0 0.885938 0.16875 0.018161 0.023679
0 0.934375 0.182292 0.025361 0.037781
0 0.879687 0.202083 0.028716 0.040355
0 0.785937 0.203125 0.020537 0.027934
0 0.365625 0.215625 0.022128 0.030307
0 0.304688 0.23125 0.029142 0.038408
0 0.421875 0.229167 0.020537 0.027934
0 0.530469 0.235417 0.022363 0.033702
0 0.735156 0.232292 0.019178 0.025168
0 0.121094 0.234375 0.018161 0.023679
0 0.66875 0.252083 0.019909 0.025929
0 0.832812 0.257292 0.021198 0.026257
0 0.023438 0.258333 0.018161 0.023679
0 0.214062 0.267708 0.02512 0.028147
0 0.139063 0.270833 0.023385 0.032449
0 0.828906 0.275 0.024847 0.031127
0 0.704688 0.279167 0.023026 0.028919
0 0.0375 0.295833 0.019574 0.023676
0 0.072656 0.302083 0.020422 0.025409
0 0.816406 0.308333 0.028047 0.039386
0 0.642188 0.309375 0.030402 0.038426
0 0.713281 0.316667 0.030967 0.038367
0 0.039062 0.316667 0.019733 0.025046
0 0.047656 0.321875 0.019627 0.024405
0 0.217969 0.329167 0.028245 0.033552
0 0.489844 0.33125 0.027753 0.034375
0 0.844531 0.330208 0.020537 0.027934
0 0.867969 0.335417 0.031001 0.038592
0 0.324219 0.335417 0.024309 0.031325
0 0.534375 0.333333 0.0201 0.026364
0 0.192188 0.334375 0.020422 0.025409
0 0.414844 0.35 0.028453 0.034189
0 0.167187 0.347917 0.019638 0.024534
0 0.825 0.359375 0.031433 0.037808
0 0.923438 0.358333 0.019627 0.024405
0 0.542969 0.375 0.028022 0.038487
0 0.353906 0.378125 0.023451 0.027139
0 0.814844 0.379167 0.018442 0.024589
0 0.960156 0.405208 0.021542 0.027554
0 0.482812 0.411458 0.02317 0.029214
0 0.324219 0.414583 0.025343 0.032814
0 0.846875 0.426042 0.019925 0.025905
0 0.335938 0.436458 0.020697 0.026524
0 0.845313 0.436458 0.019574 0.023676
0 0.232813 0.438542 0.019909 0.025929
0 0.283594 0.441667 0.021727 0.028969
0 0.039062 0.442708 0.020046 0.026244
0 0.128125 0.452083 0.021978 0.027245
0 0.896875 0.45625 0.023319 0.029672
0 0.129688 0.471875 0.025881 0.033362
0 0.832812 0.46875 0.019925 0.025905
0 0.374219 0.472917 0.021314 0.02663
0 0.903125 0.482292 0.026048 0.031808
0 0.825 0.485417 0.025885 0.028384
0 0.434375 0.485417 0.022937 0.028155
0 0.271094 0.498958 0.024341 0.028597
0 0.377344 0.507292 0.021264 0.026134
0 0.646094 0.507292 0.021239 0.025868
0 0.341406 0.520833 0.01971 0.025332
0 0.146094 0.536458 0.021701 0.028014
0 0.560156 0.544792 0.021887 0.025097
0 0.567969 0.565625 0.018331 0.025253
0 0.941406 0.576042 0.018939 0.024442
0 0.247656 0.580208 0.018442 0.024589
0 0.641406 0.583333 0.025219 0.029986
0 0.8375 0.607292 0.019543 0.023126
0 0.786719 0.609375 0.021239 0.025868
0 0.639844 0.613542 0.018161 0.023679
0 0.754687 0.620833 0.019909 0.025929
0 0.242188 0.636458 0.029962 0.035201
0 0.98767 0.641667 0.02466 0.046688
0 0.424219 0.639583 0.025657 0.034055
0 0.717969 0.639583 0.021796 0.02989
0 0.607031 0.655208 0.025887 0.034069
0 0.85625 0.655208 0.018827 0.023629
0 0.933594 0.666667 0.024291 0.029293
0 0.152344 0.669792 0.018756 0.022285
0 0.214062 0.676042 0.026848 0.034118
0 0.424219 0.673958 0.02032 0.023137
0 0.782031 0.68125 0.02984 0.037433
0 0.494531 0.685417 0.022447 0.02875
0 0.609375 0.6875 0.019733 0.025046
0 0.564063 0.691667 0.019925 0.025905
0 0.160156 0.696875 0.019574 0.023676
0 0.840625 0.703125 0.019178 0.025168
0 0.211719 0.709375 0.031258 0.036923
0 0.123438 0.709375 0.026417 0.032442
0 0.48125 0.710417 0.026642 0.029619
0 0.107031 0.722917 0.027516 0.034627
0 0.353125 0.730208 0.029332 0.039961
0 0.136719 0.747917 0.021804 0.02852
0 0.319531 0.763542 0.021119 0.029767
0 0.932031 0.770833 0.025243 0.032454
0 0.289844 0.769792 0.01902 0.024748
0 0.835156 0.775 0.027753 0.034375
0 0.1 0.775 0.018773 0.023107
0 0.713281 0.784375 0.027905 0.034571
0 0.225781 0.789583 0.025289 0.031092
0 0.326562 0.794792 0.033071 0.039125
0 0.305469 0.8 0.0197 0.025227
0 0.478125 0.8125 0.020416 0.025301
0 0.21875 0.814583 0.020416 0.025301
0 0.421875 0.813542 0.019574 0.023676
0 0.604688 0.817708 0.01971 0.025332
0 0.691406 0.829167 0.021796 0.02989
0 0.18125 0.833333 0.019893 0.027596
0 0.123438 0.846875 0.023362 0.031655
0 0.216406 0.845833 0.027563 0.031327
0 0.511719 0.866667 0.025838 0.032623
0 0.744531 0.871875 0.018756 0.022285
0 0.844531 0.880208 0.018773 0.023107
0 0.166406 0.897917 0.027142 0.034874
0 0.866406 0.911458 0.021989 0.028877
0 0.360156 0.927083 0.029916 0.040304
0 0.332813 0.932292 0.028021 0.035684
0 0.750781 0.936458 0.025086 0.031874
0 0.839063 0.939583 0.019543 0.023126
0 0.342969 0.945833 0.027003 0.034726
0 0.804688 0.945833 0.027056 0.034291
0 0.560156 0.948958 0.023319 0.029672
0 0.132812 0.958333 0.019792 0.025321
0 0.6875 0.964583 0.023922 0.031467
0 0.166406 0.972917 0.02306 0.029195
0 0.070312 0.976042 0.02087 0.028194