0 0.339062 0.019792 0.019429 0.026567
0 0.530469 0.115625 0.018442 0.024589
0 0.489844 0.16875 0.019992 0.026974
0 0.347656 0.257292 0.036089 0.054793
0 0.522656 0.294792 0.018939 0.024442
0 0.657031 0.309375 0.022672 0.032831
0 0.389062 0.317708 0.018846 0.02378
0 0.909375 0.382292 0.018124 0.023544
0 0.490625 0.397917 0.018999 0.02628
0 0.589063 0.408333 0.018991 0.026389
0 0.564844 0.416667 0.025875 0.034086
0 0.075781 0.422917 0.024508 0.031695
0 0.35625 0.497917 0.018051 0.025047
0 0.553906 0.521875 0.019633 0.024542
0 0.498437 0.5625 0.024908 0.035484
0 0.421094 0.560417 0.021946 0.026299
0 0.403125 0.5625 0.02018 0.026907
0 0.697656 0.590625 0.017438 0.024063
0 0.791406 0.644792 0.022017 0.028277
0 0.317969 0.652083 0.021211 0.031348
0 0.502344 0.692708 0.01813 0.025093
0 0.548438 0.798958 0.018939 0.024442
0 0.1875 0.939583 0.019543 0.023126
0 0.65625 0.954167 0.024083 0.030368
0 0.522656 0.972917 0.018921 0.024472