0 0.276562 0.080208 0.019925 0.025905
0 0.392188 0.085417 0.018756 0.022285
0 0.716406 0.130208 0.018008 0.02309
0 0.177344 0.176042 0.018773 0.023107
0 0.846094 0.207292 0.018331 0.025253
0 0.361719 0.25625 0.018008 0.02309
0 0.155469 0.294792 0.0223 0.028345
0 0.271875 0.326042 0.018827 0.023629
0 0.295312 0.389583 0.020676 0.026744
0 0.844531 0.540625 0.018048 0.02325
0 0.953125 0.559375 0.027656 0.0315
0 0.8625 0.623958 0.021816 0.032581
0 0.5875 0.814583 0.020676 0.026744
0 0.210938 0.830208 0.020046 0.026244
0 0.666406 0.863542 0.016702 0.023976