0 0.139063 0.030208 0.023127 0.02972
0 0.659375 0.034375 0.026376 0.032785
0 0.089844 0.046875 0.02095 0.027383
0 0.064062 0.057292 0.018561 0.025359
0 0.739062 0.058333 0.019925 0.025905
0 0.421094 0.0625 0.024377 0.029518
0 0.617188 0.0625 0.02095 0.027383
0 0.867969 0.089583 0.02563 0.034173
0 0.816406 0.101042 0.018008 0.02309
0 0.855469 0.153125 0.021819 0.028356
0 0.635156 0.159375 0.026825 0.03886
0 0.01875 0.1875 0.019574 0.023676
0 0.371094 0.209375 0.028606 0.036385
0 0.210156 0.213542 0.025636 0.035222
0 0.753906 0.234375 0.019429 0.026567
0 0.80625 0.2375 0.022883 0.028677
0 0.227344 0.2625 0.021314 0.02663
0 0.540625 0.263542 0.018876 0.02557
0 0.632812 0.266667 0.020479 0.026286
0 0.082812 0.275 0.018827 0.023629
0 0.196094 0.277083 0.019638 0.024534
0 0.232813 0.291667 0.019574 0.023676
0 0.475781 0.297917 0.021542 0.027554
0 0.128906 0.304167 0.019627 0.024405
0 0.019531 0.309375 0.022798 0.02679
0 0.125 0.322917 0.021978 0.027245
0 0.06875 0.323958 0.019627 0.024405
0 0.675 0.357292 0.027239 0.033549
0 0.760938 0.360417 0.026011 0.035464
0 0.74375 0.360417 0.026221 0.032529
0 0.220312 0.361458 0.020566 0.026042
0 0.61875 0.367708 0.026757 0.035038
0 0.25625 0.364583 0.017982 0.022269
0 0.54375 0.385417 0.021112 0.025088
0 0.814844 0.39375 0.019627 0.024405
0 0.860938 0.4125 0.026281 0.032051
0 0.375 0.455208 0.025905 0.030541
0 0.789844 0.460417 0.023899 0.035706
0 0.845313 0.455208 0.018846 0.02378
0 0.423438 0.476042 0.030516 0.039313
0 0.85 0.477083 0.019909 0.025929
0 0.015625 0.49375 0.020566 0.026042
0 0.416406 0.494792 0.018048 0.02325
0 0.134375 0.510417 0.033043 0.050405
0 0.25625 0.504167 0.019909 0.025929
0 0.385156 0.508333 0.023533 0.029266
0 0.355469 0.513542 0.022643 0.032905
0 0.655469 0.526042 0.021038 0.029672
0 0.574219 0.53125 0.030557 0.031892
0 0.673438 0.528125 0.021339 0.026862
0 0.645312 0.533333 0.026665 0.036981
0 0.982812 0.541667 0.023319 0.029672
0 0.467969 0.542708 0.02217 0.02922
0 0.85 0.559375 0.027401 0.03896
0 0.904687 0.557292 0.023293 0.029834
0 0.217969 0.5625 0.025086 0.031874
0 0.413281 0.560417 0.020046 0.026244
0 0.496094 0.580208 0.02539 0.038778
0 0.616406 0.583333 0.021989 0.028877
0 0.020313 0.589583 0.026715 0.032642
0 0.442188 0.597917 0.018939 0.024442
0 0.710156 0.626042 0.02516 0.035307
0 0.319531 0.635417 0.018008 0.02309
0 0.344531 0.638542 0.019627 0.024405
0 0.395313 0.647917 0.018876 0.02557
0 0.407031 0.655208 0.021198 0.026257
0 0.592187 0.667708 0.029289 0.036288
0 0.650781 0.663542 0.021542 0.027554
0 0.859375 0.689583 0.019733 0.025046
0 0.598437 0.690625 0.018773 0.023107
0 0.925781 0.698958 0.025086 0.031874
0 0.461719 0.716667 0.019627 0.024405
0 0.779687 0.740625 0.024043 0.032841
0 0.239844 0.744792 0.025086 0.031874
0 0.553906 0.75 0.020328 0.024087
0 0.146875 0.755208 0.025424 0.031337
0 0.733594 0.758333 0.02851 0.03727
0 0.953125 0.784375 0.023952 0.034149
0 0.542969 0.7875 0.018876 0.02557
0 0.519531 0.791667 0.025243 0.032454
0 0.769531 0.805208 0.021999 0.028864
0 0.139844 0.819792 0.017759 0.024215
0 0.957031 0.838542 0.019638 0.024534
0 0.082031 0.84375 0.021989 0.028877
0 0.298438 0.873958 0.019627 0.024405
0 0.26875 0.896875 0.02714 0.033665
0 0.938281 0.901042 0.021804 0.02852
0 0.0625 0.9125 0.026048 0.031808
0 0.5625 0.910417 0.020134 0.027719
0 0.521094 0.91875 0.022216 0.029845
0 0.335938 0.922917 0.023319 0.029672
0 0.578906 0.9375 0.021819 0.028356
0 0.779687 0.947917 0.023293 0.029834