0 0.925 0.066667 0.022111 0.027748
0 0.374219 0.257292 0.025197 0.031603
0 0.159375 0.36875 0.021264 0.026134
0 0.125781 0.45 0.048028 0.05541
0 0.678906 0.497917 0.019542 0.02313
0 0.121094 0.528125 0.02032 0.023137
0 0.596875 0.56875 0.026277 0.040268
0 0.78125 0.694792 0.017317 0.024011
0 0.145313 0.708333 0.024335 0.036132
0 0.260156 0.7125 0.01892 0.026267
0 0.792969 0.805208 0.035824 0.039829
0 0.610156 0.8125 0.018304 0.026169
0 0.436719 0.904167 0.018406 0.026178
0 0.742969 0.936458 0.019733 0.025046
0 0.453906 0.983333 0.019925 0.025905