0 0.5875 0.00768 0.018921 0.015361
0 0.21875 0.010565 0.019768 0.02113
0 0.366406 0.011675 0.021239 0.023351
0 0.250781 0.076042 0.018773 0.023107
0 0.175 0.083333 0.025826 0.029329
0 0.044531 0.0875 0.021479 0.027243
0 0.132812 0.104167 0.019792 0.025321
0 0.327344 0.109375 0.024221 0.024115
0 0.630469 0.123958 0.022689 0.025403
0 0.060156 0.144792 0.021339 0.026862
0 0.204687 0.169792 0.022111 0.027748
0 0.605469 0.189583 0.021161 0.025349
0 0.7125 0.264583 0.021119 0.029767
0 0.380469 0.276042 0.021239 0.025868
0 0.316406 0.290625 0.021339 0.026862
0 0.977344 0.296875 0.022828 0.030437
0 0.414062 0.320833 0.022937 0.028155
0 0.017969 0.332292 0.0223 0.028345
0 0.676562 0.358333 0.022996 0.028271
0 0.480469 0.361458 0.021479 0.027243
0 0.840625 0.420833 0.022995 0.032052
0 0.813281 0.454167 0.021459 0.027275
0 0.653906 0.471875 0.020866 0.030437
0 0.732031 0.470833 0.021161 0.025349
0 0.841406 0.4875 0.018367 0.028175
0 0.521875 0.497917 0.023462 0.02542
0 0.275 0.511458 0.022777 0.026557
0 0.695312 0.516667 0.02925 0.03392
0 0.026562 0.534375 0.022729 0.02728
0 0.3875 0.541667 0.023026 0.028919
0 0.735156 0.545833 0.021546 0.027548
0 0.642969 0.553125 0.018331 0.025253
0 0.871094 0.566667 0.021648 0.029332
0 0.275781 0.569792 0.017835 0.025128
0 0.570312 0.576042 0.023103 0.02886
0 0.585938 0.642708 0.023346 0.037801
0 0.302344 0.658333 0.02032 0.023137
0 0.119531 0.664583 0.021119 0.029767
0 0.2875 0.680208 0.022937 0.028155
0 0.864062 0.720833 0.020537 0.027934
0 0.66875 0.733333 0.022828 0.027821
0 0.239063 0.739583 0.022918 0.028188
0 0.696094 0.740625 0.018756 0.022285
0 0.020313 0.766667 0.020866 0.030437
0 0.163281 0.782292 0.018827 0.023629
0 0.089844 0.827083 0.021198 0.026257
0 0.960938 0.836458 0.021302 0.02814
0 0.569531 0.845833 0.023026 0.028919
0 0.964063 0.860417 0.020046 0.026244
0 0.279687 0.967708 0.023103 0.02886
0 0.590625 0.978125 0.018876 0.02557