0 0.532813 0.013252 0.023874 0.026504
0 0.366406 0.040625 0.025243 0.032454
0 0.016406 0.140625 0.022047 0.026945
0 0.359375 0.1625 0.02732 0.035414
0 0.496875 0.189583 0.018561 0.025359
0 0.619531 0.190625 0.021198 0.026257
0 0.239844 0.247917 0.019792 0.025321
0 0.522656 0.263542 0.039459 0.054528
0 0.650781 0.280208 0.025002 0.031555
0 0.604688 0.29375 0.026358 0.034584
0 0.486719 0.291667 0.020479 0.026286
0 0.967969 0.29375 0.021542 0.029952
0 0.436719 0.347917 0.023447 0.026119
0 0.474219 0.363542 0.018773 0.023107
0 0.964063 0.367708 0.021198 0.026257
0 0.657813 0.380208 0.023931 0.031351
0 0.261719 0.407292 0.022418 0.029062
0 0.896875 0.4375 0.021243 0.027194
0 0.24375 0.442708 0.026865 0.034809
0 0.671094 0.457292 0.020341 0.025073
0 0.121094 0.46875 0.021314 0.02663
0 0.769531 0.486458 0.019178 0.025168
0 0.207813 0.504167 0.026862 0.034014
0 0.017969 0.503125 0.021999 0.028864
0 0.205469 0.514583 0.02381 0.030106
0 0.580469 0.5125 0.021727 0.028969
0 0.864062 0.519792 0.019574 0.023676
0 0.185156 0.539583 0.025322 0.03032
0 0.178906 0.55625 0.021239 0.025868
0 0.704688 0.570833 0.026297 0.034785
0 0.109375 0.613542 0.018008 0.02309
0 0.607031 0.625 0.023718 0.029015
0 0.619531 0.633333 0.025905 0.033963
0 0.988281 0.644792 0.020697 0.026524
0 0.685937 0.646875 0.022152 0.027355
0 0.239063 0.6875 0.026195 0.032242
0 0.151562 0.691667 0.02095 0.027383
0 0.603125 0.705208 0.019574 0.023676
0 0.340625 0.714583 0.021921 0.025381
0 0.717187 0.728125 0.019909 0.025929
0 0.875781 0.742708 0.019627 0.024405
0 0.525781 0.770833 0.027678 0.033246
0 0.532813 0.805208 0.021443 0.029582
0 0.702344 0.807292 0.018756 0.022285
0 0.164062 0.83125 0.028245 0.033552
0 0.307031 0.833333 0.02545 0.035034
0 0.075 0.835417 0.021247 0.027272
0 0.234375 0.865625 0.023476 0.030208
0 0.203125 0.866667 0.02095 0.027383
0 0.415625 0.883333 0.018773 0.023107
0 0.517969 0.923958 0.021479 0.027243
0 0.6125 0.926042 0.023026 0.028919
0 0.429688 0.940625 0.020566 0.026042
0 0.53125 0.952083 0.019531 0.027421
0 0.039062 0.987299 0.022995 0.025401