0 0.251563 0.029167 0.029619 0.041462
0 0.713281 0.047917 0.021479 0.027243
0 0.528906 0.0875 0.019768 0.025593
0 0.265625 0.095833 0.026107 0.033377
0 0.675 0.114583 0.019574 0.023676
0 0.590625 0.1375 0.032597 0.042234
0 0.894531 0.154167 0.021542 0.029952
0 0.982031 0.15625 0.018939 0.024442
0 0.967187 0.160417 0.019574 0.023676
0 0.539844 0.178125 0.021796 0.02989
0 0.6875 0.191667 0.02984 0.037433
0 0.723437 0.213542 0.025088 0.031368
0 0.9125 0.211458 0.019627 0.024405
0 0.63125 0.229167 0.018442 0.024589
0 0.936719 0.240625 0.024736 0.034375
0 0.744531 0.251042 0.024847 0.031127
0 0.825781 0.288542 0.028021 0.035684
0 0.082812 0.330208 0.03256 0.048376
0 0.611719 0.341667 0.022094 0.027539
0 0.845313 0.348958 0.019574 0.023676
0 0.210156 0.364583 0.020328 0.024087
0 0.342187 0.3875 0.026479 0.036699
0 0.270313 0.430208 0.020479 0.026286
0 0.103906 0.435417 0.027816 0.035248
0 0.475781 0.455208 0.03022 0.038725
0 0.691406 0.453125 0.021479 0.027243
0 0.85625 0.520833 0.02217 0.02922
0 0.823438 0.540625 0.019574 0.023676
0 0.485156 0.554167 0.018756 0.022285
0 0.78125 0.572917 0.030331 0.045277
0 0.797656 0.569792 0.018773 0.023107
0 0.560937 0.580208 0.029276 0.041554
0 0.404687 0.622917 0.032328 0.04127
0 0.663281 0.619792 0.019084 0.024921
0 0.365625 0.642708 0.02688 0.033904
0 0.539062 0.639583 0.018008 0.02309
0 0.317969 0.645833 0.023796 0.029832
0 0.276562 0.654167 0.019909 0.025929
0 0.663281 0.664583 0.021618 0.02791
0 0.596094 0.694792 0.018876 0.02557
0 0.891406 0.7 0.02867 0.035498
0 0.635938 0.710417 0.020537 0.027934
0 0.935937 0.713542 0.024136 0.031823
0 0.08125 0.732292 0.020697 0.026524
0 0.509375 0.75 0.027691 0.037805
0 0.332031 0.847917 0.01902 0.024748
0 0.914844 0.85 0.019893 0.027596
0 0.975 0.853125 0.018827 0.023629
0 0.101562 0.869792 0.02317 0.029214
0 0.328125 0.8875 0.029145 0.035766
0 0.917969 0.895833 0.019574 0.023676
0 0.922656 0.952083 0.021819 0.028356
0 0.485156 0.966667 0.029435 0.036442