0 0.432031 0.008715 0.018939 0.017429
0 0.404687 0.022917 0.019733 0.025046
0 0.828125 0.069792 0.020566 0.026042
0 0.850781 0.086458 0.023503 0.033898
0 0.378125 0.138542 0.032142 0.03481
0 0.43125 0.177083 0.022768 0.026762
0 0.720313 0.1875 0.022883 0.028677
0 0.421875 0.194792 0.020676 0.026744
0 0.084375 0.211458 0.026275 0.033933
0 0.348438 0.2125 0.019792 0.025321
0 0.252344 0.225 0.029159 0.036033
0 0.561719 0.244792 0.021198 0.026257
0 0.06875 0.258333 0.022828 0.027821
0 0.8375 0.265625 0.019893 0.027596
0 0.230469 0.273958 0.018827 0.023629
0 0.367969 0.273958 0.021161 0.025349
0 0.739062 0.275 0.019909 0.025929
0 0.761719 0.276042 0.018939 0.024442
0 0.280469 0.322917 0.019178 0.025168
0 0.778906 0.322917 0.019178 0.025168
0 0.801562 0.35 0.0201 0.026364
0 0.663281 0.392708 0.018773 0.023107
0 0.091406 0.397917 0.021339 0.026862
0 0.745313 0.401042 0.022729 0.02728
0 0.221875 0.403125 0.019792 0.025321
0 0.921875 0.413542 0.019733 0.025046
0 0.439844 0.445833 0.023447 0.026119
0 0.752344 0.451042 0.024516 0.030178
0 0.689063 0.463542 0.024782 0.034677
0 0.820312 0.472917 0.026613 0.03321
0 0.617969 0.492708 0.020328 0.024087
0 0.096875 0.53125 0.020676 0.026744
0 0.201563 0.551042 0.021239 0.025868
0 0.047656 0.563542 0.021819 0.028356
0 0.284375 0.588542 0.023654 0.029634
0 0.074219 0.625 0.021989 0.028877
0 0.53125 0.639583 0.021894 0.026105
0 0.06875 0.651042 0.026421 0.033117
0 0.372656 0.66875 0.02198 0.027324
0 0.470313 0.688542 0.020134 0.027719
0 0.447656 0.709375 0.029417 0.038398
0 0.014266 0.747917 0.028531 0.031386
0 0.217188 0.745833 0.019627 0.024405
0 0.792188 0.747917 0.018756 0.022285
0 0.848437 0.773958 0.019792 0.025321
0 0.111719 0.78125 0.025594 0.03579
0 0.751563 0.788542 0.02203 0.026707
0 0.439844 0.805208 0.022128 0.030307
0 0.539062 0.823958 0.019925 0.025905
0 0.642969 0.8375 0.021479 0.027243
0 0.051562 0.878125 0.019792 0.025321
0 0.099219 0.88125 0.021479 0.027243
0 0.286719 0.913542 0.021479 0.027243
0 0.803125 0.944792 0.019909 0.025929
0 0.173437 0.95 0.020676 0.026744
0 0.778906 0.961458 0.025032 0.033377
0 0.264844 0.963542 0.02752 0.030504
0 0.146094 0.965625 0.022758 0.030751
0 0.621094 0.96875 0.025467 0.03084
0 0.83125 0.976042 0.019909 0.025929
0 0.353125 0.980208 0.021161 0.025349
0 0.302344 0.984375 0.021819 0.028356