0 0.394531 0.01875 0.027054 0.032892
0 0.95 0.038542 0.026281 0.032051
0 0.544531 0.044792 0.021264 0.026134
0 0.734375 0.082292 0.028247 0.033675
0 0.686719 0.091667 0.025838 0.032623
0 0.908594 0.108333 0.022128 0.030307
0 0.83125 0.109375 0.022883 0.028677
0 0.615625 0.147917 0.026966 0.033171
0 0.055469 0.164583 0.020432 0.028638
0 0.071875 0.172917 0.026299 0.033348
0 0.819531 0.173958 0.018756 0.022285
0 0.585156 0.185417 0.025156 0.030503
0 0.517188 0.190625 0.020046 0.026244
0 0.851562 0.198958 0.026593 0.033416
0 0.661719 0.2125 0.029379 0.038848
0 0.517188 0.209375 0.019558 0.02407
0 0.278906 0.227083 0.029621 0.035381
0 0.94375 0.239583 0.01882 0.024173
0 0.2875 0.25 0.024083 0.030368
0 0.577344 0.252083 0.022209 0.029294
0 0.657031 0.258333 0.021542 0.027554
0 0.839844 0.257292 0.018939 0.024442
0 0.532031 0.275 0.021796 0.030069
0 0.54375 0.294792 0.019531 0.027421
0 0.03125 0.305208 0.025636 0.035222
0 0.658594 0.30625 0.026637 0.034626
0 0.496094 0.316667 0.024921 0.041988
0 0.964063 0.321875 0.023722 0.03595
0 0.25625 0.353125 0.026621 0.033198
0 0.110156 0.364583 0.028577 0.036218
0 0.151562 0.384375 0.024162 0.031385
0 0.223438 0.388542 0.034521 0.040041
0 0.277344 0.428125 0.023597 0.02855
0 0.334375 0.434375 0.027799 0.035009
0 0.967187 0.461458 0.022937 0.028155
0 0.492969 0.469792 0.018773 0.023107
0 0.454688 0.476042 0.019909 0.025929
0 0.859375 0.488542 0.02139 0.029072
0 0.438281 0.541667 0.018939 0.024442
0 0.571875 0.555208 0.029593 0.035651
0 0.392188 0.558333 0.023899 0.035706
0 0.436719 0.56875 0.025287 0.034337
0 0.711719 0.595833 0.027826 0.033764
0 0.577344 0.615625 0.028486 0.0375
0 0.053125 0.620833 0.02287 0.028488
0 0.710156 0.635417 0.028106 0.035108
0 0.079687 0.641667 0.022828 0.027821
0 0.215625 0.679167 0.025282 0.034542
0 0.634375 0.679167 0.028038 0.036198
0 0.269531 0.684375 0.021542 0.027554
0 0.009614 0.69375 0.019228 0.03004
0 0.571875 0.695833 0.027003 0.034726
0 0.832031 0.694792 0.027883 0.03315
0 0.535156 0.720833 0.025541 0.033198
0 0.150781 0.74375 0.022447 0.02875
0 0.623437 0.752083 0.019909 0.025929
0 0.810937 0.758333 0.027679 0.031706
0 0.557813 0.765625 0.019429 0.026567
0 0.124219 0.771875 0.027522 0.031911
0 0.942969 0.794792 0.021198 0.026257
0 0.230469 0.867708 0.027572 0.030993
0 0.103125 0.870833 0.026828 0.03127
0 0.66875 0.873958 0.020801 0.028133
0 0.558594 0.883333 0.024928 0.036255
0 0.447656 0.896875 0.024467 0.034451
0 0.359375 0.926042 0.018939 0.024442
0 0.157812 0.935417 0.023232 0.0323
0 0.211719 0.944792 0.024733 0.030499
0 0.905469 0.947917 0.025289 0.031092