0 0.367969 0.019792 0.026245 0.031768
0 0.771094 0.025 0.021339 0.026862
0 0.1625 0.033333 0.020091 0.02753
0 0.180469 0.05625 0.022711 0.029656
0 0.253125 0.091667 0.022937 0.028155
0 0.197656 0.101042 0.02287 0.028488
0 0.178125 0.109375 0.020328 0.024087
0 0.477344 0.109375 0.018773 0.023107
0 0.720313 0.111458 0.023565 0.027875
0 0.571875 0.117708 0.021894 0.026105
0 0.474219 0.129167 0.021259 0.029733
0 0.026562 0.135417 0.020058 0.027568
0 0.375 0.148958 0.018756 0.022285
0 0.450781 0.152083 0.021161 0.025349
0 0.54375 0.158333 0.023026 0.028919
0 0.378906 0.173958 0.022758 0.030751
0 0.535937 0.19375 0.022996 0.028271
0 0.971094 0.19375 0.024652 0.030465
0 0.1125 0.192708 0.020479 0.026286
0 0.371875 0.2 0.021333 0.026872
0 0.10625 0.208333 0.022937 0.028155
0 0.592969 0.209375 0.021259 0.029733
0 0.285938 0.210417 0.018442 0.024589
0 0.019531 0.216667 0.021999 0.028864
0 0.060156 0.215625 0.021264 0.026134
0 0.09375 0.220833 0.022828 0.027821
0 0.491406 0.221875 0.021362 0.02664
0 0.871875 0.227083 0.02606 0.030638
0 0.829688 0.228125 0.02306 0.029195
0 0.753906 0.227083 0.021727 0.028969
0 0.049219 0.24375 0.018354 0.025228
0 0.892969 0.254167 0.021999 0.028864
0 0.308594 0.258333 0.021796 0.02989
0 0.682813 0.260417 0.020328 0.024087
0 0.089063 0.295833 0.024456 0.029374
0 0.813281 0.3 0.021796 0.02989
0 0.841406 0.310417 0.020328 0.024087
0 0.622656 0.3375 0.019558 0.02407
0 0.555469 0.363542 0.022766 0.03074
0 0.125 0.375 0.022861 0.027439
0 0.428906 0.373958 0.018773 0.023107
0 0.227344 0.401042 0.022067 0.026726
0 0.058594 0.414583 0.02431 0.030289
0 0.700781 0.417708 0.022758 0.030751
0 0.347656 0.423958 0.018827 0.023629
0 0.371875 0.428125 0.021701 0.028014
0 0.294531 0.433333 0.017759 0.024215
0 0.264844 0.447917 0.02475 0.031228
0 0.060156 0.447917 0.024436 0.029089
0 0.375 0.451042 0.022815 0.027608
0 0.115625 0.4625 0.023432 0.030501
0 0.576562 0.485417 0.019762 0.028269
0 0.291406 0.484375 0.020328 0.024087
0 0.888281 0.496875 0.024847 0.031127
0 0.389062 0.494792 0.019768 0.025593
0 0.260937 0.498958 0.021198 0.026257
0 0.050781 0.498958 0.021314 0.02663
0 0.808594 0.501042 0.01882 0.024173
0 0.698438 0.536458 0.022828 0.027821
0 0.435156 0.557292 0.022553 0.032021
0 0.089063 0.561458 0.022945 0.029561
0 0.035937 0.5625 0.022558 0.029051
0 0.972656 0.5625 0.025806 0.025956
0 0.2625 0.563542 0.021112 0.025088
0 0.477344 0.576042 0.021259 0.029733
0 0.677344 0.5875 0.022111 0.027748
0 0.20625 0.592708 0.020416 0.025301
0 0.142187 0.59375 0.019893 0.027596
0 0.957812 0.622917 0.019792 0.025321
0 0.771094 0.623958 0.022675 0.024528
0 0.459375 0.634375 0.022883 0.028677
0 0.642969 0.661458 0.022152 0.027355
0 0.903125 0.666667 0.018773 0.023107
0 0.164062 0.722917 0.023097 0.028871
0 0.948438 0.757292 0.023259 0.032779
0 0.414062 0.757292 0.025856 0.028595
0 0.0875 0.766667 0.021788 0.030078
0 0.7375 0.770833 0.022729 0.02728
0 0.525 0.821875 0.020551 0.027917
0 0.984375 0.826042 0.020441 0.025129
0 0.971875 0.829167 0.018756 0.022285
0 0.817969 0.835417 0.021161 0.025349
0 0.149219 0.841667 0.021701 0.028014
0 0.647656 0.861458 0.024496 0.029918
0 0.127344 0.8625 0.018756 0.022285
0 0.323437 0.869792 0.019574 0.023676
0 0.227344 0.872917 0.021846 0.0286
0 0.142187 0.8875 0.019627 0.024405
0 0.794531 0.909375 0.024383 0.028296
0 0.221094 0.914583 0.020325 0.024095
0 0.789062 0.939583 0.020916 0.029681
0 0.472656 0.952083 0.023234 0.02937
0 0.215625 0.963542 0.021116 0.030583
0 0.228906 0.965625 0.022246 0.031817