0 0.171875 0.160417 0.021618 0.02791
0 0.725781 0.238542 0.030827 0.038244
0 0.776563 0.309375 0.025826 0.029329
0 0.571094 0.333333 0.018773 0.023107
0 0.732031 0.344792 0.020341 0.029203
0 0.198437 0.407292 0.025348 0.03196
0 0.59375 0.434375 0.031636 0.040182
0 0.607031 0.428125 0.019627 0.024405
0 0.864062 0.448958 0.019909 0.025929
0 0.776563 0.49375 0.025892 0.035279
0 0.15625 0.55625 0.018161 0.023679
0 0.071094 0.648958 0.021362 0.02664
0 0.461719 0.702083 0.028021 0.035684
0 0.357031 0.74375 0.020422 0.025409
0 0.705469 0.759375 0.030047 0.037046
0 0.413281 0.916667 0.02143 0.027648
0 0.073438 0.928125 0.021198 0.026257
0 0.961719 0.977563 0.034388 0.044873