0 0.95625 0.019792 0.029145 0.035766
0 0.09375 0.022917 0.025487 0.036236
0 0.635156 0.021875 0.022111 0.027748
0 0.973437 0.055208 0.02591 0.029014
0 0.921094 0.067708 0.022129 0.030969
0 0.782031 0.071875 0.020676 0.026744
0 0.764062 0.095833 0.03014 0.03652
0 0.957031 0.103125 0.028393 0.039318
0 0.990692 0.11875 0.018617 0.026244
0 0.785937 0.139583 0.020416 0.025301
0 0.417969 0.144792 0.022758 0.030751
0 0.253125 0.151042 0.019773 0.0268
0 0.124219 0.153125 0.021239 0.025868
0 0.532031 0.164583 0.03233 0.044628
0 0.149219 0.177083 0.02537 0.032683
0 0.764062 0.183333 0.019574 0.023676
0 0.60625 0.195833 0.023232 0.0323
0 0.821094 0.204167 0.01971 0.025332
0 0.880469 0.208333 0.020422 0.025409
0 0.982812 0.215625 0.027511 0.037089
0 0.580469 0.222917 0.026064 0.033611
0 0.654687 0.232292 0.019714 0.027305
0 0.596875 0.2375 0.020661 0.028728
0 0.586719 0.236458 0.01971 0.025332
0 0.435156 0.259375 0.031096 0.039491
0 0.642188 0.255208 0.02714 0.033665
0 0.475 0.264583 0.032865 0.040681
0 0.988719 0.283333 0.022563 0.032785
0 0.598437 0.3 0.025361 0.037781
0 0.196094 0.295833 0.021894 0.026105
0 0.527344 0.31875 0.025905 0.033963
0 0.6 0.320833 0.020328 0.024087
0 0.748437 0.326042 0.027446 0.035786
0 0.028906 0.332292 0.026132 0.039817
0 0.514844 0.328125 0.022656 0.031302
0 0.447656 0.334375 0.019733 0.025046
0 0.482812 0.388542 0.021171 0.025078
0 0.442188 0.407292 0.018999 0.02628
0 0.171094 0.421875 0.018756 0.022285
0 0.964844 0.427083 0.021542 0.027554
0 0.583594 0.430208 0.019119 0.025492
0 0.359375 0.441667 0.033971 0.046509
0 0.376563 0.432292 0.017301 0.024027
0 0.436719 0.463542 0.025003 0.032842
0 0.566406 0.472917 0.033727 0.044292
0 0.421094 0.465625 0.018442 0.024589
0 0.147656 0.471875 0.018773 0.023107
0 0.652344 0.490625 0.018756 0.022285
0 0.692187 0.510417 0.02732 0.035414
0 0.030469 0.50625 0.018939 0.024442
0 0.089063 0.526042 0.019429 0.026567
0 0.500781 0.539583 0.03704 0.050198
0 0.71875 0.533333 0.019893 0.027596
0 0.378906 0.559375 0.029927 0.046025
0 0.2875 0.553125 0.018939 0.024442
0 0.585156 0.580208 0.029002 0.040483
0 0.654687 0.584375 0.020058 0.027568
0 0.952344 0.584375 0.024496 0.029918
0 0.796875 0.601042 0.019627 0.024405
0 0.914062 0.610417 0.023293 0.029834
0 0.302344 0.620833 0.020736 0.028573
0 0.196094 0.657292 0.036888 0.046714
0 0.494531 0.655208 0.032704 0.042611
0 0.275 0.665625 0.032048 0.046773
0 0.957812 0.665625 0.022883 0.028677
0 0.851562 0.694792 0.027736 0.035553
0 0.824219 0.726042 0.028186 0.036371
0 0.899219 0.730208 0.022393 0.030491
0 0.392188 0.766667 0.018756 0.022285
0 0.932813 0.775 0.029457 0.036717
0 0.128125 0.780208 0.021264 0.026134
0 0.739062 0.805208 0.032221 0.038838
0 0.342969 0.822917 0.020566 0.026042
0 0.009026 0.840625 0.018052 0.026286
0 0.351562 0.85625 0.024225 0.030977
0 0.066406 0.872917 0.034242 0.041276
0 0.9125 0.896875 0.019792 0.025321
0 0.453125 0.93125 0.021161 0.025349
0 0.242188 0.945833 0.034407 0.038603
0 0.971875 0.952083 0.02984 0.037433
0 0.689844 0.95625 0.020328 0.024087