0 0.949219 0.03125 0.018065 0.027104
0 0.546094 0.040625 0.019925 0.025905
0 0.253906 0.113542 0.018827 0.023629
0 0.19375 0.128125 0.024348 0.028789
0 0.957031 0.203125 0.018048 0.02325
0 0.802344 0.280208 0.017759 0.024215
0 0.502344 0.303125 0.019574 0.023676
0 0.521875 0.532292 0.023592 0.030549
0 0.742188 0.548958 0.022828 0.027821
0 0.957031 0.557292 0.018048 0.02325
0 0.446094 0.7125 0.01971 0.025332
0 0.180469 0.744792 0.020416 0.025301
0 0.400781 0.78125 0.021161 0.025349
0 0.307031 0.936458 0.021239 0.025868
0 0.91875 0.941667 0.022768 0.026762