0 0.319531 0.010277 0.018939 0.020554
0 0.5875 0.025 0.018773 0.023107
0 0.545312 0.029167 0.023931 0.031351
0 0.509375 0.075 0.018756 0.022285
0 0.761719 0.084375 0.021243 0.027194
0 0.008205 0.092708 0.01641 0.023137
0 0.16875 0.144792 0.020422 0.025409
0 0.390625 0.16875 0.0197 0.025227
0 0.057031 0.202083 0.02606 0.030638
0 0.43125 0.222917 0.022731 0.029504
0 0.694531 0.220833 0.02198 0.027324
0 0.771094 0.227083 0.018939 0.024442
0 0.692969 0.241667 0.02143 0.027648
0 0.500781 0.25625 0.024383 0.028296
0 0.788281 0.277083 0.025343 0.032814
0 0.322656 0.280208 0.022856 0.029993
0 0.788281 0.294792 0.02143 0.027648
0 0.644531 0.295833 0.021339 0.026862
0 0.519531 0.302083 0.021542 0.027554
0 0.257812 0.330208 0.023583 0.030562
0 0.478906 0.334375 0.020371 0.024457
0 0.663281 0.335417 0.021112 0.025088
0 0.536719 0.352083 0.022489 0.033625
0 0.242969 0.390625 0.024377 0.029518
0 0.392969 0.420833 0.024496 0.029918
0 0.482812 0.423958 0.019792 0.025321
0 0.379688 0.446875 0.020416 0.025301
0 0.666406 0.447917 0.021339 0.026862
0 0.478906 0.463542 0.02667 0.034179
0 0.980469 0.464583 0.024508 0.031695
0 0.821094 0.488542 0.018939 0.024442
0 0.060937 0.495833 0.018756 0.022285
0 0.1125 0.5 0.023771 0.032677
0 0.439844 0.5125 0.02276 0.031984
0 0.913281 0.539583 0.018161 0.023679
0 0.960938 0.571875 0.023305 0.034861
0 0.365625 0.575 0.018773 0.023107
0 0.104688 0.602083 0.024782 0.034677
0 0.338281 0.628125 0.020416 0.025301
0 0.408594 0.646875 0.024011 0.034285
0 0.325781 0.665625 0.024801 0.034654
0 0.161719 0.670833 0.021329 0.030643
0 0.789062 0.685417 0.018756 0.022285
0 0.949219 0.703125 0.020341 0.025073
0 0.207813 0.726042 0.018773 0.023107
0 0.65 0.784375 0.023432 0.030501
0 0.885156 0.870833 0.02168 0.028193
0 0.360156 0.890625 0.021479 0.027243
0 0.292187 0.891667 0.022731 0.02736
0 0.427344 0.90625 0.022489 0.033625
0 0.81875 0.920833 0.019992 0.026974
0 0.129688 0.940625 0.020566 0.026042