0 0.657031 0.015625 0.02143 0.027648
0 0.913281 0.016667 0.024975 0.031796
0 0.957031 0.333333 0.02201 0.026744
0 0.891406 0.371875 0.018161 0.023679
0 0.953125 0.407292 0.019558 0.02407
0 0.335156 0.454167 0.024496 0.029918
0 0.054688 0.465625 0.023796 0.029832
0 0.375 0.583333 0.024565 0.029737
0 0.121875 0.591667 0.018756 0.022285
0 0.404687 0.610417 0.027831 0.036524
0 0.915625 0.635417 0.023103 0.02886
0 0.6375 0.657292 0.019909 0.025929
0 0.285938 0.673958 0.023778 0.030992
0 0.11875 0.779167 0.020517 0.029536
0 0.014063 0.785417 0.019925 0.025905
0 0.584375 0.803125 0.02317 0.029214
0 0.748437 0.8125 0.018756 0.022285
0 0.954688 0.836458 0.020745 0.031408
0 0.28125 0.85625 0.025018 0.030234
0 0.604688 0.93125 0.019768 0.025593
0 0.827344 0.938542 0.018773 0.023107