0 0.591406 0.01875 0.017721 0.025103
0 0.758594 0.0375 0.021796 0.02989
0 0.983594 0.0375 0.021098 0.023144
0 0.006297 0.0875 0.012595 0.024442
0 0.146875 0.126042 0.021894 0.026105
0 0.760156 0.128125 0.018161 0.023679
0 0.324219 0.14375 0.02365 0.028234
0 0.508594 0.1875 0.025095 0.028633
0 0.239844 0.209375 0.027126 0.040986
0 0.852344 0.215625 0.018773 0.023107
0 0.361719 0.233333 0.022094 0.027539
0 0.849219 0.233333 0.02426 0.027326
0 0.81875 0.235417 0.02143 0.027648
0 0.563281 0.2375 0.018756 0.022285
0 0.332813 0.253125 0.019574 0.023676
0 0.296875 0.264583 0.023847 0.0333
0 0.498437 0.264583 0.019339 0.027372
0 0.042969 0.279167 0.018406 0.026178
0 0.930469 0.279167 0.017438 0.024063
0 0.460156 0.302083 0.018939 0.024442
0 0.204687 0.317708 0.023654 0.029634
0 0.426563 0.329167 0.024578 0.029591
0 0.607812 0.389583 0.018773 0.023107
0 0.224219 0.39375 0.020341 0.025073
0 0.275781 0.39375 0.018124 0.023544
0 0.173437 0.398958 0.020801 0.028133
0 0.140625 0.403125 0.024441 0.028605
0 0.666406 0.4125 0.017438 0.024063
0 0.055469 0.421875 0.021339 0.026862
0 0.371875 0.425 0.018773 0.023107
0 0.691406 0.432292 0.018065 0.027104
0 0.505469 0.488542 0.044455 0.057768
0 0.623437 0.504167 0.050978 0.047395
0 0.523438 0.494792 0.019119 0.025492
0 0.716406 0.508333 0.031061 0.043287
0 0.5125 0.509375 0.021122 0.026093
0 0.920312 0.523958 0.020697 0.026524
0 0.915625 0.528125 0.017317 0.024011
0 0.607812 0.538542 0.022937 0.028155
0 0.682813 0.545833 0.019909 0.025929
0 0.038281 0.555208 0.021314 0.02663
0 0.967969 0.56875 0.018787 0.026105
0 0.367188 0.615625 0.018331 0.025253
0 0.578125 0.644792 0.019714 0.027305
0 0.517188 0.647917 0.017337 0.025026
0 0.746875 0.657292 0.01882 0.024173
0 0.34375 0.670833 0.025899 0.036038
0 0.282813 0.683333 0.032942 0.036892
0 0.675781 0.68125 0.020509 0.025821
0 0.633594 0.689583 0.031892 0.041417
0 0.890625 0.696875 0.019574 0.023676
0 0.516406 0.7 0.020529 0.025786
0 0.273438 0.709375 0.018342 0.027161
0 0.080469 0.744792 0.069053 0.07885
0 0.360156 0.739583 0.020456 0.028611
0 0.420312 0.758333 0.018124 0.023544
0 0.126562 0.7875 0.019574 0.023676
0 0.121875 0.807292 0.023103 0.02886
0 0.486719 0.841667 0.018442 0.024589
0 0.401562 0.870833 0.018976 0.027221
0 0.603906 0.869792 0.018442 0.024589
0 0.722656 0.884375 0.018785 0.024068
0 0.420312 0.915625 0.021546 0.027548
0 0.9875 0.938542 0.019574 0.023676
0 0.598437 0.945833 0.019683 0.026728
0 0.31875 0.951042 0.018827 0.023629
0 0.330469 0.98125 0.018124 0.023544
0 0.967187 0.990266 0.017982 0.019468