0 0.425781 0.012005 0.030501 0.024011
0 0.114062 0.011655 0.020529 0.023309
0 0.340625 0.030208 0.031224 0.03815
0 0.361719 0.025 0.019574 0.023676
0 0.453125 0.026042 0.019531 0.026042
0 0.74375 0.047917 0.023227 0.029506
0 0.584375 0.05 0.019792 0.025321
0 0.988543 0.057292 0.022915 0.031524
0 0.377344 0.065625 0.021479 0.027243
0 0.617969 0.072917 0.022874 0.032977
0 0.267188 0.079167 0.026833 0.03299
0 0.254688 0.085417 0.0197 0.025227
0 0.709375 0.098958 0.023521 0.026804
0 0.438281 0.105208 0.025058 0.034018
0 0.167969 0.126042 0.022111 0.027748
0 0.266406 0.13125 0.020422 0.025409
0 0.578125 0.135417 0.019638 0.024534
0 0.3625 0.144792 0.02758 0.034919
0 0.030469 0.148958 0.025905 0.033963
0 0.04375 0.145833 0.019627 0.024405
0 0.354687 0.14375 0.018008 0.02309
0 0.771094 0.151042 0.024496 0.029918
0 0.860938 0.152083 0.020432 0.028638
0 0.130469 0.155208 0.021314 0.02663
0 0.627344 0.157292 0.019792 0.025321
0 0.41875 0.160417 0.019683 0.026728
0 0.309375 0.164583 0.026376 0.032785
0 0.396094 0.16875 0.030739 0.036168
0 0.274219 0.176042 0.024384 0.02969
0 0.839844 0.1875 0.021999 0.028864
0 0.228906 0.203125 0.021161 0.025349
0 0.602344 0.20625 0.020058 0.027568
0 0.832812 0.222917 0.019792 0.025321
0 0.075781 0.225 0.01902 0.024748
0 0.971094 0.236458 0.024348 0.028789
0 0.040625 0.236458 0.020697 0.026524
0 0.257812 0.242708 0.028864 0.035994
0 0.773438 0.245833 0.026893 0.038633
0 0.695312 0.244792 0.022729 0.02728
0 0.110937 0.246875 0.021247 0.027272
0 0.971875 0.254167 0.023771 0.032677
0 0.646875 0.264583 0.022996 0.028271
0 0.877344 0.269792 0.017809 0.030219
0 0.067187 0.271875 0.026089 0.035063
0 0.584375 0.275 0.029607 0.040003
0 0.902344 0.277083 0.024652 0.030465
0 0.370312 0.280208 0.023462 0.02542
0 0.5125 0.2875 0.024997 0.036357
0 0.160156 0.2875 0.021259 0.028345
0 0.582812 0.289583 0.022726 0.025872
0 0.857031 0.296875 0.018331 0.025253
0 0.617188 0.302083 0.022669 0.026114
0 0.572656 0.30625 0.021259 0.029733
0 0.73125 0.307292 0.026715 0.032642
0 0.367188 0.317708 0.027831 0.036524
0 0.70625 0.311458 0.017438 0.024063
0 0.124219 0.315625 0.018756 0.022285
0 0.3125 0.323958 0.020479 0.026286
0 0.835156 0.323958 0.021239 0.025868
0 0.905469 0.327083 0.018921 0.024472
0 0.557813 0.344792 0.022707 0.026328
0 0.942969 0.352083 0.021264 0.026134
0 0.423438 0.365625 0.042393 0.051328
0 0.788281 0.372917 0.024467 0.034451
0 0.851562 0.373958 0.019558 0.02407
0 0.529687 0.377083 0.02095 0.027383
0 0.670312 0.382292 0.029089 0.036562
0 0.15625 0.382292 0.019909 0.025929
0 0.836719 0.389583 0.029381 0.033967
0 0.151562 0.390625 0.021978 0.027245
0 0.278125 0.388542 0.018561 0.025359
0 0.472656 0.4 0.028521 0.035325
0 0.548438 0.4 0.020529 0.025786
0 0.764844 0.401042 0.018773 0.023107
0 0.348438 0.405208 0.018773 0.023107
0 0.775781 0.40625 0.018876 0.02557
0 0.360156 0.414583 0.017759 0.024215
0 0.532813 0.420833 0.027671 0.037831
0 0.382031 0.422917 0.025611 0.031936
0 0.182812 0.43125 0.026548 0.037321
0 0.419531 0.439583 0.021701 0.028014
0 0.521875 0.440625 0.019453 0.029296
0 0.454688 0.44375 0.018756 0.022285
0 0.816406 0.446875 0.020479 0.026286
0 0.376563 0.459375 0.027841 0.03651
0 0.867969 0.458333 0.024496 0.029918
0 0.573438 0.463542 0.03048 0.035434
0 0.241406 0.488542 0.020566 0.026042
0 0.69375 0.498958 0.020676 0.026744
0 0.610156 0.509375 0.020441 0.025129
0 0.007325 0.514583 0.01465 0.025905
0 0.164062 0.513542 0.019574 0.023676
0 0.772656 0.526042 0.023778 0.030992
0 0.1375 0.529167 0.019574 0.023676
0 0.623437 0.529167 0.019909 0.025929
0 0.550781 0.5375 0.019574 0.023676
0 0.705469 0.551042 0.026228 0.036624
0 0.864844 0.545833 0.020058 0.027568
0 0.842187 0.547917 0.020416 0.025301
0 0.764844 0.554167 0.026598 0.029342
0 0.276562 0.570833 0.021976 0.025927
0 0.261719 0.577083 0.029133 0.033161
0 0.764844 0.576042 0.018939 0.024442
0 0.303906 0.582292 0.019627 0.024405
0 0.350781 0.586458 0.018773 0.023107
0 0.93125 0.595833 0.026195 0.032242
0 0.254688 0.614583 0.03199 0.044773
0 0.620313 0.633333 0.028577 0.036218
0 0.328906 0.632292 0.027465 0.03254
0 0.476562 0.639583 0.027525 0.035305
0 0.075781 0.645833 0.02475 0.031228
0 0.517188 0.65625 0.026389 0.034301
0 0.038281 0.661458 0.029961 0.037346
0 0.264062 0.66875 0.029967 0.038511
0 0.552344 0.663542 0.018939 0.024442
0 0.824219 0.68125 0.030156 0.037534
0 0.276562 0.682292 0.027761 0.038348
0 0.335938 0.675 0.019638 0.024534
0 0.475 0.684375 0.026157 0.036188
0 0.161719 0.683333 0.021362 0.02664
0 0.188281 0.704167 0.03886 0.0674
0 0.741406 0.686458 0.024835 0.031146
0 0.84375 0.686458 0.019178 0.025168
0 0.439844 0.690625 0.021198 0.026257
0 0.8875 0.695833 0.024436 0.029089
0 0.321094 0.695833 0.021978 0.027245
0 0.204687 0.702083 0.023139 0.033697
0 0.036719 0.70625 0.021314 0.02663
0 0.282813 0.710417 0.022758 0.030751
0 0.25 0.721875 0.022675 0.024528
0 0.81875 0.733333 0.028268 0.034657
0 0.258594 0.732292 0.022996 0.028271
0 0.85625 0.7375 0.02684 0.036594
0 0.196875 0.739583 0.026933 0.037088
0 0.495312 0.734375 0.019178 0.025168
0 0.586719 0.742708 0.028577 0.036218
0 0.623437 0.754167 0.023127 0.02972
0 0.075781 0.759375 0.018161 0.023679
0 0.369531 0.789583 0.021819 0.028356
0 0.538281 0.791667 0.021239 0.025868
0 0.210938 0.79375 0.019893 0.027596
0 0.31875 0.795833 0.021887 0.025097
0 0.546094 0.797917 0.025042 0.032134
0 0.520312 0.802083 0.02317 0.029214
0 0.860156 0.813542 0.02648 0.033546
0 0.625781 0.816667 0.027822 0.038672
0 0.776563 0.811458 0.020529 0.025786
0 0.114062 0.811458 0.019627 0.024405
0 0.952344 0.81875 0.024436 0.029089
0 0.728906 0.822917 0.022995 0.032052
0 0.766406 0.828125 0.018939 0.024442
0 0.578906 0.834375 0.021362 0.02664
0 0.3625 0.847917 0.0201 0.026364
0 0.454688 0.846875 0.019178 0.025168
0 0.089844 0.873958 0.024377 0.029518
0 0.661719 0.890625 0.02479 0.031527
0 0.634375 0.909375 0.023293 0.029834
0 0.240625 0.920833 0.018756 0.022285
0 0.821875 0.929167 0.026135 0.037662
0 0.439063 0.930208 0.018827 0.023629
0 0.19375 0.936458 0.02817 0.032393
0 0.289062 0.940625 0.019792 0.025321
0 0.142187 0.957292 0.02591 0.030699
0 0.228125 0.963542 0.020314 0.022296
0 0.783594 0.973958 0.019638 0.024534