0 0.546875 0.127083 0.024858 0.03202
0 0.799219 0.13125 0.020441 0.025129
0 0.4 0.140625 0.019992 0.026974
0 0.684375 0.170833 0.023293 0.029834
0 0.646094 0.344792 0.027605 0.033962
0 0.596094 0.475 0.021648 0.029332
0 0.459375 0.527083 0.024359 0.033115
0 0.260156 0.585417 0.020328 0.024087
0 0.965625 0.677083 0.020046 0.026244
0 0.686719 0.68125 0.026061 0.032032
0 0.546094 0.703125 0.026136 0.034848
0 0.95625 0.708333 0.029133 0.033161
0 0.204687 0.795833 0.026901 0.032323
0 0.703906 0.822917 0.021727 0.028969
0 0.89375 0.854167 0.027266 0.035711
0 0.253906 0.860417 0.022254 0.02805
0 0.601562 0.875 0.01965 0.029326
0 0.730469 0.883333 0.021999 0.028864
0 0.497656 0.8875 0.019178 0.025168
0 0.710156 0.932292 0.024943 0.034642
0 0.567969 0.935417 0.021648 0.029332
0 0.896094 0.965625 0.02886 0.039728
0 0.990118 0.970833 0.019764 0.032879