0 0.135156 0.019792 0.02397 0.033798
0 0.173437 0.072917 0.023569 0.027306
0 0.329688 0.075 0.023293 0.029834
0 0.557813 0.084375 0.02306 0.029195
0 0.179688 0.18125 0.024668 0.03021
0 0.326562 0.183333 0.018756 0.022285
0 0.9 0.263542 0.022883 0.028677
0 0.544531 0.364583 0.023778 0.030992
0 0.969531 0.435417 0.023447 0.026119
0 0.008707 0.694792 0.017414 0.029491
0 0.25 0.754167 0.030228 0.039888
0 0.090625 0.823958 0.022227 0.031837
0 0.084375 0.86875 0.026848 0.034118
0 0.972656 0.926042 0.02432 0.043871
0 0.992921 0.919792 0.014157 0.024442
0 0.246875 0.951042 0.026124 0.031426
0 0.264062 0.970833 0.027826 0.033764