0 0.279687 0.172917 0.019574 0.023676
0 0.225781 0.196875 0.021819 0.028356
0 0.8375 0.203125 0.019909 0.025929
0 0.40625 0.209375 0.019925 0.025905
0 0.797656 0.296875 0.021479 0.027243
0 0.119531 0.30625 0.024447 0.033091
0 0.382031 0.3375 0.022996 0.028271
0 0.158594 0.355208 0.018939 0.024442
0 0.5375 0.355208 0.019733 0.025046
0 0.403125 0.407292 0.019792 0.025321
0 0.452344 0.423958 0.021259 0.029733
0 0.771875 0.432292 0.019574 0.023676
0 0.082812 0.476042 0.019627 0.024405
0 0.358594 0.486458 0.019178 0.025168
0 0.542969 0.508333 0.026045 0.036005
0 0.691406 0.542708 0.018161 0.023679
0 0.253906 0.590625 0.018939 0.024442
0 0.275781 0.664583 0.021618 0.02791
0 0.953125 0.666667 0.019768 0.025593
0 0.644531 0.755208 0.022758 0.030751
0 0.313281 0.758333 0.021701 0.028014
0 0.330469 0.763542 0.018939 0.024442
0 0.870313 0.872917 0.019768 0.025593
0 0.286719 0.885417 0.024425 0.030612
0 0.585156 0.89375 0.021243 0.027194
0 0.6375 0.896875 0.020416 0.025301
0 0.071875 0.94375 0.02269 0.029686
0 0.244531 0.940625 0.018773 0.023107
0 0.565625 0.952083 0.025874 0.028116
0 0.541406 0.95625 0.021362 0.02664
0 0.257031 0.96875 0.021542 0.027554
0 0.248438 0.973958 0.020328 0.024087
0 0.151562 0.983458 0.031251 0.033085