0 0.178125 0.079167 0.01882 0.024173
0 0.352344 0.146875 0.021542 0.027554
0 0.710938 0.240625 0.018939 0.024442
0 0.335156 0.291667 0.021161 0.025349
0 0.961719 0.31875 0.018867 0.026122
0 0.24375 0.322917 0.020676 0.026744
0 0.694531 0.333333 0.017982 0.022269
0 0.136719 0.346875 0.021362 0.02664
0 0.692969 0.365625 0.020154 0.028445
0 0.042188 0.366667 0.020422 0.025409
0 0.571094 0.464583 0.019543 0.023126
0 0.975 0.596875 0.019992 0.026974
0 0.714844 0.620833 0.017982 0.022269
0 0.132812 0.689583 0.019792 0.025321
0 0.178125 0.701042 0.019724 0.029262
0 0.861719 0.705208 0.021239 0.025868
0 0.711719 0.763542 0.018827 0.023629
0 0.661719 0.788542 0.017317 0.024011