0 0.894531 0.033333 0.020441 0.025129
0 0.98125 0.052083 0.022828 0.027821
0 0.55625 0.113542 0.021247 0.027272
0 0.953906 0.155208 0.022393 0.030491
0 0.717187 0.26875 0.020566 0.027421
0 0.157031 0.308333 0.019574 0.023676
0 0.564063 0.453125 0.023931 0.031351
0 0.207813 0.4625 0.029961 0.037346
0 0.826562 0.517708 0.028022 0.038487
0 0.185156 0.515625 0.022376 0.031057
0 0.736719 0.555208 0.025282 0.034542
0 0.025 0.604167 0.018939 0.024442
0 0.329688 0.625 0.021176 0.031534
0 0.56875 0.627083 0.0201 0.026364
0 0.040625 0.652083 0.023319 0.029672
0 0.672656 0.729167 0.021479 0.027243
0 0.06875 0.770833 0.027642 0.036122
0 0.246094 0.7875 0.021542 0.027554
0 0.989058 0.796875 0.021884 0.028163
0 0.778906 0.819792 0.021243 0.027194
0 0.292187 0.836458 0.025162 0.034253
0 0.842187 0.861458 0.022883 0.028677
0 0.797656 0.867708 0.020566 0.026042
0 0.241406 0.898958 0.022376 0.031057
0 0.85 0.909375 0.02095 0.027383
0 0.313281 0.96875 0.024652 0.030465