0 0.404687 0.080208 0.020416 0.025301
0 0.089063 0.102083 0.019446 0.026546
0 0.415625 0.127083 0.029203 0.032524
0 0.300781 0.175 0.019574 0.023676
0 0.135937 0.211458 0.018561 0.025359
0 0.244531 0.223958 0.018785 0.024068
0 0.43125 0.255208 0.02413 0.031832
0 0.936719 0.2625 0.018561 0.025359
0 0.217188 0.298958 0.023245 0.030258
0 0.110156 0.308333 0.024459 0.028776
0 0.944531 0.357292 0.018161 0.023679
0 0.702344 0.408333 0.022947 0.027986
0 0.547656 0.49375 0.022937 0.028155
0 0.41875 0.560417 0.020509 0.025821
0 0.134375 0.613542 0.019446 0.026546
0 0.751563 0.625 0.019683 0.026728
0 0.300781 0.71875 0.021161 0.025349
0 0.665625 0.71875 0.019893 0.027596
0 0.673438 0.736458 0.023319 0.029672
0 0.713281 0.747917 0.021701 0.028014
0 0.861719 0.747917 0.02123 0.025887
0 0.165625 0.766667 0.018756 0.022285
0 0.496094 0.775 0.022265 0.030253
0 0.410156 0.8 0.02077 0.027051
0 0.758594 0.876042 0.027328 0.035328
0 0.342969 0.975 0.01882 0.024173
0 0.239063 0.986458 0.019574 0.023676