0 0.663281 0.014583 0.018008 0.02309
0 0.528906 0.030208 0.02936 0.043099
0 0.013281 0.036458 0.019574 0.023676
0 0.219531 0.085417 0.018939 0.024442
0 0.689063 0.089583 0.024079 0.030374
0 0.748437 0.114583 0.026707 0.040756
0 0.308594 0.115625 0.017982 0.022269
0 0.663281 0.136458 0.027936 0.034874
0 0.535156 0.147917 0.017759 0.024215
0 0.107813 0.163542 0.024975 0.031796
0 0.89375 0.161458 0.01971 0.025332
0 0.792969 0.18125 0.020422 0.025409
0 0.353906 0.184375 0.019543 0.023126
0 0.796094 0.203125 0.022736 0.031413
0 0.54375 0.213542 0.017759 0.024215
0 0.577344 0.215625 0.021479 0.027243
0 0.735938 0.217708 0.020046 0.026244
0 0.44375 0.239583 0.022418 0.029062
0 0.370312 0.242708 0.019714 0.027305
0 0.247656 0.245833 0.022682 0.028155
0 0.685937 0.259375 0.029537 0.036103
0 0.125 0.255208 0.018048 0.02325
0 0.78125 0.264583 0.035549 0.040941
0 0.158594 0.263542 0.02217 0.02922
0 0.183594 0.270833 0.021314 0.02663
0 0.576562 0.271875 0.019925 0.025905
0 0.459375 0.273958 0.0197 0.025227
0 0.969531 0.286458 0.021989 0.028877
0 0.207031 0.297917 0.020811 0.029482
0 0.31875 0.295833 0.017301 0.024027
0 0.185156 0.297917 0.021362 0.02664
0 0.986791 0.307292 0.026418 0.038363
0 0.194531 0.30625 0.022758 0.028319
0 0.222656 0.313542 0.031813 0.04129
0 0.528906 0.320833 0.035203 0.044859
0 0.3375 0.314583 0.022729 0.02728
0 0.295312 0.329167 0.020566 0.026042
0 0.398438 0.34375 0.033464 0.039013
0 0.552344 0.340625 0.020811 0.029482
0 0.282813 0.346875 0.018773 0.023107
0 0.533594 0.347917 0.020341 0.025073
0 0.635156 0.357292 0.018876 0.02557
0 0.714844 0.384375 0.030057 0.037262
0 0.553906 0.382292 0.021701 0.028014
0 0.479687 0.395833 0.027842 0.038184
0 0.274219 0.395833 0.024652 0.030465
0 0.064062 0.395833 0.019992 0.026974
0 0.833594 0.407292 0.026082 0.034329
0 0.266406 0.416667 0.021648 0.029332
0 0.325781 0.414583 0.019178 0.025168
0 0.966406 0.425 0.024377 0.029518
0 0.261719 0.430208 0.024733 0.030499
0 0.750781 0.432292 0.018008 0.02309
0 0.642969 0.438542 0.018773 0.023107
0 0.400781 0.452083 0.030304 0.037003
0 0.924219 0.473958 0.021618 0.02791
0 0.216406 0.473958 0.018442 0.024589
0 0.669531 0.476042 0.018939 0.024442
0 0.464062 0.478125 0.017759 0.024215
0 0.176563 0.488542 0.03074 0.039429
0 0.375781 0.483333 0.018331 0.025253
0 0.436719 0.485417 0.020517 0.029536
0 0.208594 0.488542 0.018773 0.023107
0 0.29375 0.498958 0.019909 0.025929
0 0.046875 0.511458 0.031616 0.04035
0 0.488281 0.515625 0.021978 0.027245
0 0.428125 0.514583 0.018773 0.023107
0 0.299219 0.517708 0.019531 0.026042
0 0.058594 0.529167 0.019925 0.025905
0 0.463281 0.53125 0.019119 0.025492
0 0.0375 0.53125 0.017438 0.024063
0 0.30625 0.541667 0.027383 0.037483
0 0.414062 0.538542 0.024383 0.028296
0 0.470313 0.560417 0.034263 0.054569
0 0.632031 0.55 0.020938 0.027401
0 0.335938 0.563542 0.020058 0.027568
0 0.782031 0.565625 0.027491 0.033647
0 0.863281 0.576042 0.017438 0.024063
0 0.430469 0.583333 0.019638 0.024534
0 0.653906 0.591667 0.029393 0.042369
0 0.414062 0.598958 0.038756 0.046315
0 0.21875 0.589583 0.017438 0.024063
0 0.400781 0.589583 0.018008 0.02309
0 0.376563 0.595833 0.018939 0.024442
0 0.791406 0.610417 0.032018 0.039342
0 0.422656 0.621875 0.020422 0.025409
0 0.844531 0.621875 0.018008 0.02309
0 0.376563 0.622917 0.017301 0.024027
0 0.359375 0.630208 0.01902 0.024748
0 0.31875 0.642708 0.017759 0.024215
0 0.478125 0.64375 0.019119 0.025492
0 0.395313 0.646875 0.018939 0.024442
0 0.909375 0.648958 0.025957 0.03004
0 0.248438 0.652083 0.020479 0.026286
0 0.397656 0.65625 0.018773 0.023107
0 0.06875 0.679167 0.018008 0.02309
0 0.157031 0.683333 0.018876 0.02557
0 0.732031 0.690625 0.026724 0.034099
0 0.432031 0.701042 0.036841 0.053568
0 0.847656 0.697917 0.034265 0.047283
0 0.646094 0.691667 0.018008 0.02309
0 0.7375 0.702083 0.018331 0.025253
0 0.886719 0.722917 0.019178 0.025168
0 0.314063 0.752083 0.02095 0.027383
0 0.647656 0.753125 0.021542 0.027554
0 0.628906 0.764583 0.021479 0.027243
0 0.2 0.770833 0.019627 0.024405
0 0.5625 0.778125 0.020422 0.025409
0 0.494531 0.78125 0.018939 0.024442
0 0.164844 0.8125 0.027905 0.034571
0 0.454688 0.826042 0.018442 0.024589
0 0.057813 0.828125 0.020697 0.026524
0 0.121875 0.829167 0.020697 0.026524
0 0.286719 0.833333 0.017982 0.022269
0 0.185938 0.8375 0.019909 0.025929
0 0.009689 0.853125 0.019377 0.030786
0 0.685937 0.85 0.019627 0.024405
0 0.233594 0.852083 0.020313 0.025
0 0.447656 0.861458 0.021362 0.02664
0 0.091406 0.863542 0.02413 0.031832
0 0.310937 0.869792 0.033544 0.041191
0 0.046875 0.877083 0.020801 0.028133
0 0.251563 0.877083 0.020537 0.027934
0 0.685937 0.89375 0.022707 0.026328
0 0.53125 0.9 0.030047 0.037046
0 0.119531 0.920833 0.021479 0.027243
0 0.889062 0.936458 0.025991 0.042129
0 0.035156 0.933333 0.021362 0.02664
0 0.129688 0.979167 0.018442 0.024589
0 0.246094 0.988084 0.01902 0.023832