0 0.799219 0.023958 0.021161 0.025349
0 0.575 0.051042 0.019992 0.026974
0 0.858594 0.084375 0.01971 0.025332
0 0.874219 0.089583 0.019119 0.025492
0 0.329688 0.119792 0.019574 0.023676
0 0.94375 0.133333 0.020866 0.027821
0 0.064844 0.161458 0.021542 0.029952
0 0.5375 0.166667 0.019574 0.023676
0 0.107031 0.2 0.0197 0.025227
0 0.938281 0.205208 0.022758 0.030751
0 0.022656 0.209375 0.019683 0.026728
0 0.430469 0.303125 0.024221 0.024115
0 0.838281 0.315625 0.018331 0.025253
0 0.489063 0.335417 0.02389 0.029491
0 0.385156 0.367708 0.02284 0.02723
0 0.60625 0.41875 0.019733 0.025046
0 0.006797 0.4375 0.013594 0.027401
0 0.583594 0.435417 0.018939 0.024442
0 0.65 0.480208 0.021887 0.025097
0 0.661719 0.490625 0.021198 0.026257
0 0.620313 0.633333 0.026621 0.033198
0 0.657813 0.6375 0.019339 0.027372
0 0.178906 0.666667 0.025982 0.033258
0 0.608594 0.709375 0.018773 0.023107
0 0.721875 0.759375 0.02197 0.025832
0 0.778906 0.821875 0.018773 0.023107
0 0.424219 0.832292 0.020566 0.026042
0 0.84375 0.864583 0.019693 0.028264
0 0.186719 0.944792 0.026497 0.038023
0 0.240625 0.979167 0.020566 0.026042