0 0.103906 0.01472 0.024975 0.02944
0 0.834375 0.022917 0.023503 0.033898
0 0.114062 0.026042 0.02577 0.032215
0 0.05625 0.030208 0.023758 0.031125
0 0.711719 0.032292 0.018561 0.025359
0 0.435937 0.044792 0.020328 0.024087
0 0.758594 0.069792 0.023644 0.029463
0 0.096875 0.092708 0.026621 0.033198
0 0.357031 0.097917 0.021796 0.02989
0 0.419531 0.1 0.02087 0.028194
0 0.278125 0.10625 0.024279 0.033476
0 0.929688 0.104167 0.020479 0.026286
0 0.536719 0.111458 0.0211 0.027734
0 0.260937 0.116667 0.024425 0.030612
0 0.250781 0.134375 0.024584 0.031012
0 0.144531 0.14375 0.027054 0.032892
0 0.864062 0.141667 0.023538 0.032216
0 0.790625 0.176042 0.025161 0.030661
0 0.264062 0.183333 0.029216 0.037706
0 0.386719 0.19375 0.026994 0.038084
0 0.760156 0.2 0.021689 0.030701
0 0.160938 0.204167 0.023781 0.034173
0 0.2875 0.21875 0.018773 0.023107
0 0.914844 0.238542 0.026189 0.036773
0 0.514062 0.241667 0.020416 0.025301
0 0.710938 0.264583 0.026282 0.036968
0 0.897656 0.261458 0.018773 0.023107
0 0.066406 0.266667 0.023781 0.028969
0 0.609375 0.277083 0.026011 0.035464
0 0.572656 0.28125 0.018827 0.023629
0 0.626563 0.286458 0.019574 0.023676
0 0.940625 0.330208 0.024782 0.034677
0 0.71875 0.329167 0.024136 0.031823
0 0.3 0.340625 0.023771 0.032677
0 0.159375 0.341667 0.026976 0.034371
0 0.34375 0.354167 0.024539 0.029349
0 0.238281 0.355208 0.018773 0.023107
0 0.329688 0.370833 0.018756 0.022285
0 0.857031 0.380208 0.021314 0.02663
0 0.910156 0.3875 0.022393 0.030491
0 0.503906 0.3875 0.019531 0.026042
0 0.078906 0.394792 0.020566 0.026042
0 0.664062 0.408333 0.027099 0.03509
0 0.0125 0.40625 0.022937 0.028155
0 0.311719 0.421875 0.018304 0.026169
0 0.116406 0.44375 0.025095 0.028633
0 0.471094 0.453125 0.02139 0.029072
0 0.83125 0.453125 0.019558 0.02407
0 0.09375 0.469792 0.025161 0.030661
0 0.277344 0.496875 0.030888 0.063609
0 0.066406 0.484375 0.028349 0.032232
0 0.380469 0.495833 0.02077 0.027051
0 0.782031 0.504167 0.024447 0.033091
0 0.742188 0.522917 0.023758 0.031125
0 0.772656 0.527083 0.019574 0.023676
0 0.554688 0.535417 0.023227 0.029506
0 0.767188 0.547917 0.020566 0.026042
0 0.263281 0.557292 0.019531 0.027421
0 0.142187 0.561458 0.023476 0.030208
0 0.708594 0.571875 0.028598 0.034664
0 0.242188 0.583333 0.027349 0.034246
0 0.271094 0.605208 0.025611 0.031936
0 0.478906 0.608333 0.024976 0.033622
0 0.384375 0.61875 0.024381 0.03447
0 0.435937 0.647917 0.029719 0.041628
0 0.232813 0.646875 0.019925 0.025905
0 0.478906 0.655208 0.018161 0.023679
0 0.533594 0.6625 0.021198 0.026257
0 0.255469 0.675 0.02773 0.040895
0 0.753125 0.690625 0.018939 0.024442
0 0.01875 0.697917 0.026376 0.032785
0 0.689063 0.696875 0.019733 0.025046
0 0.319531 0.701042 0.021701 0.028014
0 0.340625 0.736458 0.019531 0.027421
0 0.324219 0.744792 0.028021 0.035684
0 0.557031 0.744792 0.02545 0.035034
0 0.155469 0.747917 0.020341 0.025073
0 0.197656 0.752083 0.023952 0.034149
0 0.853125 0.7625 0.0201 0.026364
0 0.48125 0.776042 0.019925 0.025905
0 0.125781 0.780208 0.027802 0.033509
0 0.626563 0.783333 0.026245 0.031768
0 0.426563 0.7875 0.027894 0.039126
0 0.898438 0.791667 0.023183 0.031878
0 0.600781 0.801042 0.024975 0.031796
0 0.639844 0.828125 0.018161 0.023679
0 0.570312 0.832292 0.019543 0.023126
0 0.966406 0.847917 0.021999 0.028864
0 0.482031 0.882292 0.019574 0.023676
0 0.503906 0.903125 0.023232 0.0323
0 0.567187 0.911458 0.018921 0.024472
0 0.325781 0.9125 0.019627 0.024405
0 0.726562 0.916667 0.023502 0.033261
0 0.74375 0.93125 0.01971 0.025332
0 0.179688 0.938542 0.022937 0.028155
0 0.5875 0.944792 0.023227 0.029506
0 0.694531 0.952083 0.026011 0.035464
0 0.855469 0.955208 0.018939 0.024442