0 0.360156 0.014742 0.029381 0.029483
0 0.577344 0.011506 0.018773 0.023012
0 0.950781 0.01875 0.024436 0.029089
0 0.591406 0.067708 0.021978 0.027245
0 0.024219 0.123958 0.02095 0.027383
0 0.969531 0.127083 0.020479 0.026286
0 0.102344 0.129167 0.020479 0.026286
0 0.71875 0.139583 0.017438 0.024063
0 0.767969 0.145833 0.021542 0.029952
0 0.720313 0.152083 0.018999 0.02628
0 0.971875 0.172917 0.023232 0.0323
0 0.872656 0.171875 0.018442 0.024589
0 0.438281 0.247917 0.031867 0.045102
0 0.419531 0.261458 0.028761 0.037014
0 0.345313 0.279167 0.032221 0.038838
0 0.871875 0.28125 0.025642 0.037938
0 0.960938 0.28125 0.027013 0.034554
0 0.799219 0.291667 0.0197 0.025227
0 0.941406 0.315625 0.029888 0.041918
0 0.828906 0.315625 0.027778 0.037038
0 0.560156 0.316667 0.019627 0.024405
0 0.877344 0.340625 0.029721 0.048224
0 0.634375 0.336458 0.020058 0.027568
0 0.763281 0.3625 0.028409 0.03572
0 0.588281 0.358333 0.02111 0.023724
0 0.810156 0.364583 0.01902 0.024748
0 0.733594 0.367708 0.021819 0.028356
0 0.185938 0.390625 0.019925 0.025905
0 0.248438 0.395833 0.020416 0.025301
0 0.432812 0.409375 0.025243 0.032454
0 0.467969 0.420833 0.017759 0.024215
0 0.798438 0.430208 0.030304 0.039349
0 0.2 0.452083 0.026608 0.034667
0 0.565625 0.451042 0.022729 0.02728
0 0.592187 0.461458 0.019992 0.026974
0 0.897656 0.477083 0.020697 0.026524
0 0.696875 0.504167 0.025642 0.035177
0 0.159375 0.527083 0.018367 0.028175
0 0.871094 0.558333 0.019638 0.024534
0 0.809375 0.565625 0.026932 0.035136
0 0.677344 0.563542 0.018442 0.024589
0 0.335156 0.575 0.040118 0.043587
0 0.763281 0.567708 0.020566 0.026042
0 0.449219 0.576042 0.023654 0.029634
0 0.757812 0.586458 0.019534 0.022292
0 0.688281 0.5875 0.01971 0.025332
0 0.845313 0.591667 0.018773 0.023107
0 0.442969 0.597917 0.01971 0.025332
0 0.692187 0.605208 0.026045 0.036005
0 0.457031 0.603125 0.018008 0.02309
0 0.708594 0.614583 0.021727 0.028969
0 0.619531 0.630208 0.021339 0.026862
0 0.822656 0.647917 0.028943 0.041336
0 0.333594 0.65625 0.027671 0.037831
0 0.470313 0.65625 0.018008 0.02309
0 0.889844 0.660417 0.02537 0.032683
0 0.630469 0.6625 0.021542 0.027554
0 0.542188 0.666667 0.018939 0.024442
0 0.540625 0.672917 0.022675 0.024528
0 0.903125 0.679167 0.02317 0.029214
0 0.511719 0.68125 0.021479 0.027243
0 0.883594 0.682292 0.02168 0.028193
0 0.9888 0.683333 0.022399 0.031808
0 0.78125 0.6875 0.018773 0.023107
0 0.900781 0.688542 0.018161 0.023679
0 0.403125 0.714583 0.044737 0.04011
0 0.271094 0.7125 0.030003 0.036118
0 0.940625 0.708333 0.019925 0.025905
0 0.053125 0.725 0.019574 0.023676
0 0.955469 0.734375 0.026416 0.034181
0 0.026562 0.748958 0.026987 0.033441
0 0.054688 0.752083 0.035599 0.038945
0 0.957812 0.751042 0.02397 0.033798
0 0.669531 0.764583 0.025552 0.034516
0 0.8875 0.765625 0.019925 0.025905
0 0.4 0.776042 0.026479 0.036699
0 0.694531 0.807292 0.018161 0.023679
0 0.35 0.823958 0.025273 0.030852
0 0.565625 0.823958 0.023461 0.030231
0 0.535937 0.842708 0.036216 0.044935
0 0.798438 0.833333 0.019893 0.027596
0 0.409375 0.847917 0.03392 0.043311
0 0.128125 0.885417 0.024309 0.027699
0 0.374219 0.9125 0.020341 0.025073
0 0.042188 0.916667 0.019638 0.024534
0 0.383594 0.933333 0.028021 0.035684
0 0.615625 0.940625 0.026124 0.031426
0 0.880469 0.95 0.018939 0.024442
0 0.265625 0.967708 0.033947 0.044678