0 0.182812 0.018711 0.03074 0.037423
0 0.690625 0.029167 0.022815 0.027608
0 0.017969 0.035417 0.022152 0.027355
0 0.569531 0.065625 0.025511 0.032143
0 0.261719 0.078125 0.021479 0.027243
0 0.328906 0.095833 0.023607 0.028741
0 0.860156 0.101042 0.028066 0.034824
0 0.849219 0.1 0.021198 0.026257
0 0.175781 0.1125 0.024847 0.031127
0 0.01875 0.115625 0.019178 0.025168
0 0.04375 0.120833 0.0201 0.026364
0 0.1875 0.122917 0.018773 0.023107
0 0.525 0.148958 0.022937 0.028155
0 0.188281 0.175 0.02217 0.02922
0 0.211719 0.178125 0.024384 0.02969
0 0.639844 0.1875 0.021915 0.02956
0 0.203125 0.227083 0.023293 0.029834
0 0.598437 0.242708 0.017438 0.024063
0 0.767969 0.247917 0.021727 0.028969
0 0.309375 0.277083 0.029619 0.041462
0 0.770312 0.270833 0.022558 0.029051
0 0.644531 0.314583 0.01902 0.024748
0 0.625781 0.322917 0.021999 0.028864
0 0.377344 0.330208 0.018773 0.023107
0 0.127344 0.36875 0.022756 0.02825
0 0.415625 0.369792 0.024652 0.030465
0 0.146094 0.417708 0.021701 0.028014
0 0.782031 0.432292 0.021701 0.028014
0 0.871875 0.45625 0.023127 0.02972
0 0.740625 0.502083 0.020551 0.027917
0 0.082812 0.519792 0.025905 0.033963
0 0.054688 0.517708 0.019909 0.025929
0 0.822656 0.528125 0.027516 0.034627
0 0.333594 0.53125 0.035245 0.034307
0 0.570312 0.527083 0.018773 0.023107
0 0.964844 0.55625 0.026228 0.036624
0 0.117188 0.571875 0.019446 0.026546
0 0.049219 0.58125 0.021946 0.026299
0 0.622656 0.583333 0.020866 0.030437
0 0.459375 0.585417 0.023227 0.029506
0 0.944531 0.603125 0.021362 0.02664
0 0.492969 0.611458 0.021796 0.030069
0 0.34375 0.640625 0.019627 0.024405
0 0.146094 0.645833 0.018827 0.023629
0 0.158594 0.65625 0.028453 0.034189
0 0.992347 0.670833 0.015307 0.025868
0 0.961719 0.7125 0.021479 0.027243
0 0.382812 0.721875 0.024623 0.030229
0 0.634375 0.719792 0.019925 0.025905
0 0.210156 0.726042 0.021796 0.030069
0 0.775 0.738542 0.022758 0.030751
0 0.339844 0.753125 0.021819 0.028356
0 0.3875 0.759375 0.018561 0.025359
0 0.475781 0.761458 0.021701 0.028014
0 0.767969 0.80625 0.02217 0.02922
0 0.907813 0.827083 0.019733 0.025046
0 0.583594 0.867708 0.021796 0.030069
0 0.917969 0.877083 0.021314 0.02663
0 0.021875 0.892708 0.01902 0.024748
0 0.949219 0.942708 0.02479 0.031527
0 0.273438 0.952083 0.023768 0.032356
0 0.401562 0.977083 0.02317 0.029214