0 0.867969 0.021875 0.023033 0.028634
0 0.482812 0.025 0.026779 0.031865
0 0.397656 0.029167 0.028606 0.036385
0 0.126562 0.041667 0.023491 0.027306
0 0.321875 0.045833 0.027753 0.034375
0 0.253125 0.048958 0.021243 0.027194
0 0.382812 0.051042 0.02087 0.028194
0 0.96875 0.108333 0.0201 0.026364
0 0.45625 0.115625 0.025938 0.031646
0 0.123438 0.129167 0.019681 0.02538
0 0.139063 0.132292 0.018773 0.023107
0 0.611719 0.161458 0.021314 0.02663
0 0.095312 0.1875 0.018008 0.02309
0 0.208594 0.188542 0.019558 0.02407
0 0.652344 0.205208 0.021339 0.026862
0 0.035937 0.255208 0.019925 0.025905
0 0.164062 0.317708 0.019574 0.023676
0 0.5375 0.329167 0.022828 0.027821
0 0.592187 0.361458 0.027355 0.0264
0 0.972656 0.36875 0.019178 0.025168
0 0.291406 0.378125 0.025513 0.033411
0 0.682813 0.3875 0.026383 0.034189
0 0.467187 0.39375 0.01971 0.025332
0 0.95 0.4 0.025197 0.031603
0 0.750781 0.433333 0.024496 0.029918
0 0.975781 0.432292 0.018827 0.023629
0 0.959375 0.441667 0.026061 0.032032
0 0.139063 0.44375 0.020537 0.027934
0 0.310937 0.473958 0.018939 0.024442
0 0.885156 0.529167 0.021999 0.028864
0 0.984375 0.528125 0.019733 0.025046
0 0.347656 0.538542 0.031303 0.040495
0 0.276562 0.544792 0.023796 0.029832
0 0.564063 0.551042 0.019733 0.025046
0 0.345313 0.579167 0.026048 0.031808
0 0.73125 0.59375 0.023227 0.029506
0 0.139844 0.594792 0.029287 0.033514
0 0.492969 0.615625 0.021542 0.027554
0 0.414844 0.639583 0.021314 0.02663
0 0.674219 0.654167 0.021701 0.028014
0 0.864844 0.670833 0.021239 0.025868
0 0.75 0.708333 0.023786 0.032659
0 0.341406 0.769792 0.022261 0.027887
0 0.25 0.805208 0.023227 0.029506
0 0.460938 0.827083 0.020395 0.028324
0 0.110937 0.834375 0.023319 0.029672
0 0.178906 0.844792 0.022254 0.02805
0 0.4625 0.891667 0.023319 0.029672
0 0.10625 0.901042 0.023778 0.030992
0 0.850781 0.90625 0.021727 0.028969
0 0.719531 0.986445 0.02217 0.02711