0 0.11875 0.012363 0.026376 0.024726
0 0.699219 0.012249 0.023456 0.024498
0 0.987399 0.05 0.025202 0.034781
0 0.798438 0.063542 0.021247 0.027272
0 0.292969 0.090625 0.026064 0.033611
0 0.314844 0.110417 0.019638 0.024534
0 0.502344 0.116667 0.023863 0.029661
0 0.020313 0.11875 0.026228 0.036624
0 0.278125 0.133333 0.032714 0.046614
0 0.479687 0.1375 0.023906 0.033448
0 0.9625 0.142708 0.021247 0.027272
0 0.716406 0.161458 0.01971 0.025332
0 0.055469 0.166667 0.024436 0.029089
0 0.352344 0.16875 0.022242 0.030281
0 0.717187 0.219792 0.023293 0.029834
0 0.178125 0.221875 0.026524 0.033859
0 0.103125 0.247917 0.030278 0.043589
0 0.44375 0.292708 0.024588 0.035168
0 0.317188 0.30625 0.023234 0.02937
0 0.957812 0.319792 0.022963 0.041713
0 0.190625 0.348958 0.026772 0.03459
0 0.615625 0.458333 0.018161 0.023679
0 0.585938 0.480208 0.025379 0.035044
0 0.288281 0.48125 0.025236 0.032556
0 0.451562 0.48125 0.02306 0.029195
0 0.070312 0.484375 0.022047 0.026945
0 0.538281 0.483333 0.020676 0.026744
0 0.271875 0.4875 0.02203 0.026707
0 0.448437 0.495833 0.029369 0.035583
0 0.012921 0.501042 0.025842 0.033675
0 0.559375 0.535417 0.02676 0.037976
0 0.114844 0.552083 0.024425 0.030612
0 0.055469 0.566667 0.030847 0.046165
0 0.446875 0.571875 0.027422 0.038785
0 0.521875 0.585417 0.026479 0.036699
0 0.76875 0.598958 0.019543 0.023126
0 0.850781 0.6125 0.028166 0.028652
0 0.316406 0.615625 0.025513 0.033411
0 0.460156 0.627083 0.022756 0.02825
0 0.340625 0.635417 0.030497 0.038955
0 0.402344 0.632292 0.022883 0.028677
0 0.372656 0.653125 0.027089 0.040004
0 0.349219 0.652083 0.024377 0.029518
0 0.665625 0.673958 0.019792 0.025321
0 0.499219 0.684375 0.021171 0.025078
0 0.058594 0.705208 0.032176 0.032809
0 0.383594 0.704167 0.021999 0.028864
0 0.776563 0.736458 0.020479 0.026286
0 0.516406 0.746875 0.025781 0.032981
0 0.315625 0.748958 0.020801 0.028133
0 0.174219 0.757292 0.018161 0.023679
0 0.0125 0.785417 0.022447 0.02875
0 0.450781 0.801042 0.028598 0.034664
0 0.042969 0.802083 0.028572 0.033436
0 0.709375 0.805208 0.029031 0.031982
0 0.582031 0.827083 0.025472 0.034539
0 0.534375 0.826042 0.022128 0.030307
0 0.157812 0.85625 0.029276 0.03606
0 0.30625 0.857292 0.024286 0.037007
0 0.633594 0.867708 0.021804 0.02852
0 0.601562 0.870833 0.024225 0.030977
0 0.703906 0.870833 0.021302 0.02814
0 0.103125 0.8875 0.026593 0.033416
0 0.725781 0.886458 0.01902 0.024748
0 0.276562 0.907292 0.025838 0.032623
0 0.284375 0.95 0.02018 0.026907
0 0.4875 0.959375 0.019925 0.025905