0 0.702344 0.146875 0.023661 0.028066
0 0.272656 0.335417 0.0197 0.025227
0 0.44375 0.385417 0.022995 0.032052
0 0.475781 0.515625 0.01882 0.024173
0 0.652344 0.576042 0.020416 0.025301
0 0.098437 0.644792 0.019909 0.025929
0 0.092188 0.647917 0.018876 0.02557
0 0.225 0.654167 0.022959 0.032567
0 0.685156 0.753125 0.018785 0.024068
0 0.534375 0.7625 0.020046 0.026244
0 0.815625 0.827083 0.020416 0.025301
0 0.946875 0.95 0.019792 0.025321
0 0.872656 0.958333 0.019035 0.026241
0 0.878906 0.966667 0.02123 0.025887