0 0.454688 0.030208 0.054174 0.05008
0 0.988281 0.019792 0.020566 0.026042
0 0.524219 0.030208 0.021542 0.029952
0 0.680469 0.035417 0.022815 0.027608
0 0.828125 0.039583 0.023476 0.030208
0 0.360156 0.039583 0.024341 0.028597
0 0.602344 0.04375 0.021701 0.028014
0 0.338281 0.058333 0.037218 0.045661
0 0.849219 0.048958 0.021878 0.023148
0 0.590625 0.076042 0.023467 0.041673
0 0.852344 0.077083 0.023451 0.027139
0 0.767188 0.085417 0.033474 0.04035
0 0.842969 0.080208 0.018161 0.023679
0 0.888281 0.086458 0.018756 0.022285
0 0.611719 0.113542 0.030542 0.039625
0 0.635938 0.128125 0.030119 0.042803
0 0.660937 0.121875 0.019531 0.026042
0 0.528906 0.141667 0.019627 0.024405
0 0.439844 0.144792 0.021479 0.027243
0 0.08125 0.148958 0.023778 0.030992
0 0.926562 0.147917 0.021479 0.027243
0 0.007323 0.15 0.014646 0.027243
0 0.367969 0.154167 0.020422 0.025409
0 0.430469 0.161458 0.027387 0.036261
0 0.452344 0.158333 0.020441 0.025129
0 0.527344 0.160417 0.0211 0.027734
0 0.883594 0.159375 0.018756 0.022285
0 0.535937 0.166667 0.020579 0.030481
0 0.620313 0.164583 0.021899 0.024518
0 0.935937 0.173958 0.031587 0.043091
0 0.692187 0.177083 0.021894 0.026105
0 0.64375 0.180208 0.023556 0.02766
0 0.538281 0.197917 0.039652 0.053627
0 0.987805 0.185417 0.02439 0.032814
0 0.564844 0.185417 0.018876 0.02557
0 0.614062 0.202083 0.02924 0.041147
0 0.649219 0.196875 0.019714 0.027305
0 0.680469 0.196875 0.018846 0.02378
0 0.653125 0.208333 0.018124 0.023544
0 0.801562 0.21875 0.031375 0.038741
0 0.319531 0.213542 0.018442 0.024589
0 0.341406 0.220833 0.028355 0.032455
0 0.096875 0.229167 0.032269 0.041618
0 0.638281 0.223958 0.02143 0.027648
0 0.624219 0.233333 0.028336 0.033814
0 0.660156 0.230208 0.017438 0.024063
0 0.766406 0.232292 0.019627 0.024405
0 0.65 0.240625 0.025414 0.032846
0 0.398438 0.25 0.033923 0.044597
0 0.354687 0.246875 0.02077 0.027051
0 0.353906 0.260417 0.021894 0.026105
0 0.217969 0.284375 0.028501 0.032728
0 0.230469 0.290625 0.027331 0.039247
0 0.732031 0.283333 0.01902 0.024748
0 0.853906 0.282292 0.01902 0.024748
0 0.713281 0.284375 0.018008 0.02309
0 0.540625 0.295833 0.016702 0.023976
0 0.408594 0.304167 0.02658 0.03231
0 0.673438 0.319792 0.036831 0.048101
0 0.775 0.314583 0.019574 0.023676
0 0.874219 0.330208 0.03293 0.040798
0 0.885938 0.323958 0.020341 0.025073
0 0.549219 0.330208 0.018784 0.026311
0 0.554688 0.33125 0.018846 0.027254
0 0.81875 0.332292 0.019768 0.025593
0 0.760938 0.334375 0.019909 0.025929
0 0.538281 0.334375 0.018769 0.023116
0 0.539062 0.35 0.040952 0.052084
0 0.765625 0.341667 0.021989 0.028877
0 0.126562 0.358333 0.045144 0.04571
0 0.521094 0.353125 0.025806 0.025956
0 0.703125 0.360417 0.032239 0.045413
0 0.796875 0.360417 0.03067 0.040684
0 0.930469 0.367708 0.020566 0.026042
0 0.584375 0.371875 0.018827 0.023629
0 0.582031 0.384375 0.025806 0.025956
0 0.127344 0.384375 0.020566 0.026042
0 0.564844 0.395833 0.033661 0.03938
0 0.553125 0.395833 0.020352 0.025177
0 0.535937 0.408333 0.018773 0.023107
0 0.764062 0.414583 0.02892 0.034392
0 0.571094 0.415625 0.024124 0.031439
0 0.672656 0.426042 0.018773 0.023107
0 0.8375 0.429167 0.022227 0.031837
0 0.571875 0.430208 0.023466 0.025161
0 0.567187 0.438542 0.021108 0.025096
0 0.175 0.444792 0.021161 0.025349
0 0.973437 0.445833 0.022883 0.028677
0 0.178906 0.453125 0.019552 0.024083
0 0.742969 0.463542 0.021362 0.02664
0 0.373437 0.469792 0.017301 0.024027
0 0.441406 0.470833 0.019574 0.023676
0 0.767188 0.475 0.018939 0.024442
0 0.939844 0.48125 0.027816 0.035248
0 0.367188 0.482292 0.026124 0.031426
0 0.496094 0.485417 0.02032 0.023137
0 0.204687 0.490625 0.023654 0.029634
0 0.173437 0.49375 0.020528 0.029524
0 0.699219 0.503125 0.024847 0.031127
0 0.280469 0.502083 0.018331 0.025253
0 0.399219 0.54375 0.090523 0.097917
0 0.510156 0.5125 0.022673 0.031282
0 0.26875 0.521875 0.035883 0.047261
0 0.784375 0.511458 0.023319 0.029672
0 0.953906 0.510417 0.020328 0.024087
0 0.239844 0.522917 0.023475 0.026349
0 0.269531 0.5375 0.018756 0.022285
0 0.807813 0.553125 0.026107 0.033377
0 0.557813 0.551042 0.020313 0.023958
0 0.564844 0.553125 0.01733 0.02503
0 0.221875 0.555208 0.020551 0.027917
0 0.451562 0.553125 0.02123 0.025887
0 0.79375 0.5625 0.020676 0.026744
0 0.064844 0.561458 0.018008 0.02309
0 0.030469 0.571875 0.031731 0.042308
0 0.750781 0.577083 0.040562 0.052569
0 0.253125 0.571875 0.020801 0.028133
0 0.3875 0.569792 0.019552 0.024083
0 0.71875 0.582292 0.022688 0.03855
0 0.145313 0.580208 0.028453 0.034189
0 0.807031 0.582292 0.019573 0.024204
0 0.389844 0.590625 0.029113 0.034806
0 0.15625 0.586458 0.018773 0.023107
0 0.467187 0.59375 0.034601 0.036038
0 0.739844 0.594792 0.020566 0.026042
0 0.54375 0.607292 0.021112 0.025088
0 0.75625 0.614583 0.022128 0.030307
0 0.371094 0.620833 0.023661 0.032628
0 0.183594 0.619792 0.023438 0.028125
0 0.74375 0.6375 0.030093 0.04513
0 0.261719 0.651042 0.034048 0.042532
0 0.71875 0.65 0.019792 0.025321
0 0.657813 0.659375 0.031712 0.043679
0 0.589063 0.664583 0.034416 0.040693
0 0.961719 0.659375 0.0223 0.028345
0 0.040625 0.663542 0.023964 0.032621
0 0.84375 0.661458 0.019531 0.026042
0 0.364844 0.673958 0.021887 0.025097
0 0.132812 0.673958 0.018827 0.023629
0 0.746094 0.677083 0.018442 0.024589
0 0.180469 0.722917 0.034106 0.045602
0 0.635938 0.727083 0.042706 0.054385
0 0.274219 0.726042 0.038357 0.044958
0 0.739844 0.720833 0.02413 0.031832
0 0.6875 0.720833 0.019531 0.027421
0 0.471875 0.734375 0.047696 0.050108
0 0.783594 0.734375 0.024494 0.031715
0 0.889062 0.734375 0.019178 0.025168
0 0.921875 0.746875 0.028929 0.038572
0 0.948438 0.74375 0.022828 0.027821
0 0.188281 0.757292 0.027013 0.034554
0 0.451562 0.765625 0.03208 0.038585
0 0.239844 0.767708 0.028453 0.034189
0 0.292969 0.776042 0.036898 0.045997
0 0.230469 0.766667 0.019693 0.024852
0 0.4375 0.780208 0.024377 0.029518
0 0.130469 0.784375 0.028853 0.03738
0 0.155469 0.791667 0.03826 0.044917
0 0.111719 0.784375 0.021362 0.02664
0 0.233594 0.78125 0.018827 0.023629
0 0.701562 0.790625 0.019574 0.023676
0 0.574219 0.79375 0.025095 0.028633
0 0.395313 0.796875 0.028106 0.035108
0 0.050781 0.796875 0.021339 0.026862
0 0.215625 0.805208 0.019909 0.025929
0 0.427344 0.807292 0.019531 0.026042
0 0.903125 0.807292 0.01971 0.025332
0 0.902344 0.819792 0.021161 0.025349
0 0.029687 0.829167 0.031628 0.039996
0 0.597656 0.832292 0.032552 0.04126
0 0.330469 0.833333 0.029755 0.037561
0 0.761719 0.842708 0.028773 0.036623
0 0.473438 0.852083 0.032263 0.037186
0 0.813281 0.858333 0.020422 0.025409
0 0.602344 0.858333 0.019574 0.023676
0 0.291406 0.870833 0.028975 0.035857
0 0.161719 0.86875 0.020328 0.024087
0 0.174219 0.869792 0.021264 0.026134
0 0.648438 0.877083 0.020627 0.027503
0 0.729688 0.888542 0.02656 0.036426
0 0.423438 0.926042 0.026075 0.034418
0 0.086719 0.93125 0.024425 0.030612
0 0.646094 0.940625 0.018008 0.02309
0 0.864062 0.944792 0.025589 0.035797
0 0.184375 0.957292 0.034176 0.047495
0 0.541406 0.951042 0.021243 0.027194
0 0.525 0.959375 0.020566 0.026042
0 0.849219 0.959375 0.020697 0.026524
0 0.414844 0.960417 0.020058 0.027568
0 0.596094 0.960417 0.018342 0.027161
0 0.217969 0.961458 0.021264 0.026134
0 0.607812 0.9625 0.020441 0.025129
0 0.610938 0.979167 0.037602 0.04097
0 0.644531 0.979772 0.036282 0.040457
0 0.588281 0.98125 0.019531 0.026042
0 0.164844 0.985417 0.018939 0.024442
0 0.488281 0.986458 0.017438 0.024063
0 0.225 0.990614 0.019733 0.018773