0 0.775 0.036458 0.022356 0.031944
0 0.035156 0.134375 0.020801 0.028133
0 0.276562 0.153125 0.022254 0.031093
0 0.635156 0.209375 0.018331 0.025253
0 0.846875 0.238542 0.023438 0.03125
0 0.766406 0.248958 0.021161 0.025349
0 0.875781 0.261458 0.023476 0.030208
0 0.057031 0.270833 0.028906 0.037105
0 0.504687 0.270833 0.020627 0.027503
0 0.257812 0.430208 0.022883 0.028677
0 0.982812 0.509375 0.019627 0.024405
0 0.064062 0.628125 0.019733 0.025046
0 0.121875 0.708333 0.023471 0.0311
0 0.817187 0.784375 0.026571 0.034874
0 0.378906 0.784375 0.021701 0.028014
0 0.503125 0.80625 0.023542 0.03254
0 0.188281 0.815625 0.022383 0.029621
0 0.489063 0.81875 0.025011 0.028174
0 0.141406 0.911458 0.021542 0.029952
0 0.23125 0.96875 0.022815 0.027608
0 0.278125 0.971875 0.019792 0.025321