0 0.889844 0.015433 0.022959 0.030867
0 0.316406 0.032292 0.025718 0.036075
0 0.709375 0.125 0.020801 0.028133
0 0.400781 0.14375 0.026966 0.034781
0 0.382031 0.282292 0.026975 0.032146
0 0.397656 0.322917 0.026417 0.032442
0 0.738281 0.380208 0.024377 0.029518
0 0.164062 0.388542 0.019627 0.024405
0 0.957031 0.389583 0.021899 0.024518
0 0.772656 0.48125 0.021038 0.029672
0 0.564844 0.519792 0.022254 0.02805
0 0.569531 0.5625 0.021314 0.02663
0 0.110156 0.566667 0.021546 0.027548
0 0.815625 0.585417 0.024516 0.030178
0 0.007816 0.721875 0.015633 0.024087
0 0.514844 0.784375 0.021362 0.02664
0 0.621875 0.820833 0.024307 0.027625
0 0.182812 0.872917 0.019768 0.025593
0 0.049219 0.960417 0.025252 0.029558
0 0.148438 0.959375 0.023597 0.02855