0 0.979688 0.051042 0.019531 0.023958
0 0.817187 0.064583 0.019627 0.024405
0 0.039844 0.075 0.026757 0.035038
0 0.632812 0.075 0.019574 0.023676
0 0.642188 0.079167 0.02588 0.029593
0 0.51875 0.080208 0.023319 0.029672
0 0.342969 0.084375 0.021131 0.02449
0 0.730469 0.115625 0.024282 0.026836
0 0.322656 0.117708 0.021339 0.026862
0 0.232031 0.192708 0.024232 0.030858
0 0.574219 0.21875 0.022856 0.029993
0 0.292187 0.232292 0.027672 0.036151
0 0.910937 0.25 0.020058 0.027568
0 0.663281 0.3375 0.023461 0.030231
0 0.235937 0.366667 0.019925 0.025905
0 0.48125 0.417708 0.02583 0.032635
0 0.3375 0.426042 0.02306 0.029195
0 0.379688 0.436458 0.019733 0.025046
0 0.378906 0.521875 0.024459 0.028776
0 0.921875 0.694792 0.019558 0.02407
0 0.128125 0.714583 0.025215 0.032495
0 0.535937 0.885417 0.020566 0.026042
0 0.170313 0.9 0.018773 0.023107