0 0.691406 0.114583 0.02168 0.028193
0 0.226562 0.13125 0.023511 0.028281
0 0.194531 0.166667 0.02143 0.027648
0 0.526563 0.177083 0.026299 0.033348
0 0.146094 0.296875 0.023026 0.028919
0 0.728906 0.472917 0.024425 0.030612
0 0.208594 0.498958 0.020697 0.026524
0 0.453906 0.503125 0.021701 0.028014
0 0.564063 0.640625 0.022937 0.028155
0 0.604688 0.717708 0.023476 0.030208
0 0.984375 0.775 0.024736 0.034375
0 0.128906 0.879167 0.027413 0.028441
0 0.748437 0.886458 0.023583 0.030562
0 0.68125 0.905208 0.032257 0.042099
0 0.638281 0.955208 0.018691 0.025445
0 0.189062 0.964583 0.029714 0.037719
0 0.239844 0.980208 0.025289 0.031092