0 0.628125 0.030208 0.025949 0.029877
0 0.794531 0.053125 0.025162 0.036319
0 0.123438 0.165625 0.02203 0.026707
0 0.382812 0.411458 0.019792 0.025321
0 0.870313 0.435417 0.018773 0.023107
0 0.652344 0.539583 0.021618 0.02791
0 0.249219 0.580208 0.018939 0.024442
0 0.333594 0.603125 0.021264 0.026134
0 0.375781 0.626042 0.021339 0.026862
0 0.8125 0.661458 0.023931 0.031351
0 0.904687 0.665625 0.022566 0.031762
0 0.632812 0.722917 0.020046 0.026244
0 0.165625 0.75 0.026479 0.036699
0 0.873437 0.797917 0.019683 0.026728
0 0.334375 0.803125 0.023438 0.03125
0 0.539844 0.839583 0.028034 0.037029
0 0.952344 0.882292 0.022226 0.031538
0 0.065625 0.964583 0.019633 0.024542