0 0.611719 0.194792 0.021701 0.028014
0 0.489063 0.20625 0.02563 0.034173
0 0.28125 0.304167 0.026011 0.035464
0 0.277344 0.472917 0.018773 0.023107
0 0.489844 0.475 0.021161 0.025349
0 0.598437 0.480208 0.020566 0.026042
0 0.389844 0.579167 0.02118 0.025185
0 0.649219 0.65625 0.023362 0.031655
0 0.48125 0.757292 0.017759 0.024215
0 0.049219 0.765625 0.024564 0.030774
0 0.80625 0.797917 0.019543 0.023126
0 0.814063 0.979167 0.021894 0.026105
0 0.639844 0.989246 0.021202 0.021508
0 0.007827 0.99024 0.015654 0.01952