0 0.226562 0.008696 0.018756 0.017392
0 0.352344 0.015644 0.028179 0.031289
0 0.985938 0.023958 0.020566 0.026042
0 0.25 0.028125 0.023521 0.026804
0 0.821094 0.029167 0.021929 0.025115
0 0.960156 0.028125 0.01875 0.022917
0 0.757812 0.08125 0.018756 0.022285
0 0.477344 0.11875 0.018939 0.024442
0 0.300781 0.126042 0.018773 0.023107
0 0.576562 0.1375 0.019909 0.025929
0 0.144531 0.138542 0.020566 0.026042
0 0.079687 0.142708 0.022776 0.032111
0 0.2875 0.153125 0.019792 0.025321
0 0.469531 0.225 0.022694 0.030993
0 0.184375 0.240625 0.021171 0.025078
0 0.8375 0.254167 0.019531 0.027421
0 0.882812 0.258333 0.022669 0.026114
0 0.807031 0.273958 0.024627 0.030507
0 0.2625 0.284375 0.020422 0.025409
0 0.095312 0.29375 0.018805 0.027121
0 0.033594 0.298958 0.020103 0.031361
0 0.685937 0.3 0.023992 0.032586
0 0.774219 0.303125 0.020422 0.025409
0 0.725 0.304167 0.018048 0.02325
0 0.404687 0.321875 0.020371 0.024457
0 0.414062 0.390625 0.019925 0.025905
0 0.354687 0.419792 0.018756 0.022285
0 0.585156 0.430208 0.028215 0.035868
0 0.496094 0.438542 0.018827 0.023629
0 0.464844 0.479167 0.021339 0.026862
0 0.903125 0.483333 0.024223 0.023755
0 0.522656 0.495833 0.018442 0.024589
0 0.695312 0.507292 0.025949 0.029877
0 0.458594 0.548958 0.019558 0.02407
0 0.688281 0.557292 0.020313 0.025
0 0.847656 0.564583 0.018008 0.02309
0 0.780469 0.596875 0.021198 0.026257
0 0.665625 0.623958 0.023227 0.029506
0 0.744531 0.63125 0.022227 0.031837
0 0.4625 0.6375 0.020372 0.028564
0 0.942187 0.640625 0.018921 0.024472
0 0.892188 0.651042 0.020328 0.024087
0 0.134375 0.65625 0.0211 0.027734
0 0.486719 0.690625 0.023718 0.029015
0 0.925 0.696875 0.018756 0.022285
0 0.889844 0.710417 0.020058 0.027568
0 0.635938 0.714583 0.018756 0.022285
0 0.176563 0.726042 0.026304 0.031816
0 0.427344 0.725 0.01882 0.024173
0 0.190625 0.748958 0.020328 0.024087
0 0.585156 0.780208 0.021915 0.02956
0 0.742188 0.8 0.019768 0.025593
0 0.694531 0.820833 0.022861 0.027439
0 0.092188 0.832292 0.019733 0.025046
0 0.266406 0.897917 0.018048 0.02325
0 0.435156 0.929167 0.020058 0.027568
0 0.03125 0.95 0.019733 0.025046
0 0.735938 0.96875 0.018756 0.022285
0 0.011157 0.986352 0.022315 0.027296
0 0.630469 0.987878 0.018876 0.024244