0 0.110156 0.016667 0.026048 0.031808
0 0.8875 0.022917 0.019627 0.024405
0 0.186719 0.032292 0.024508 0.031695
0 0.809375 0.041667 0.025018 0.030234
0 0.028906 0.057292 0.025376 0.034895
0 0.859375 0.064583 0.019925 0.025905
0 0.629687 0.079167 0.018756 0.022285
0 0.688281 0.094792 0.022268 0.032512
0 0.720313 0.103125 0.020058 0.027568
0 0.421094 0.133333 0.02426 0.027326
0 0.709375 0.15 0.021701 0.028014
0 0.942187 0.155208 0.02168 0.028193
0 0.632812 0.2 0.023227 0.029506
0 0.442188 0.202083 0.022883 0.028677
0 0.989197 0.211458 0.021607 0.036828
0 0.414062 0.208333 0.02389 0.029491
0 0.520312 0.2625 0.023103 0.02886
0 0.4125 0.269792 0.022937 0.028155
0 0.467187 0.301042 0.026421 0.03234
0 0.079687 0.305208 0.024384 0.02969
0 0.064062 0.321875 0.022768 0.026762
0 0.714844 0.321875 0.018939 0.024442
0 0.696875 0.327083 0.018773 0.023107
0 0.638281 0.330208 0.021161 0.025349
0 0.614844 0.333333 0.020422 0.025409
0 0.653125 0.365625 0.026757 0.035038
0 0.753125 0.371875 0.02686 0.03622
0 0.555469 0.378125 0.017438 0.024063
0 0.517969 0.3875 0.022906 0.03454
0 0.324219 0.488542 0.01902 0.024748
0 0.824219 0.569792 0.029369 0.035583
0 0.665625 0.56875 0.020801 0.028133
0 0.776563 0.594792 0.026417 0.032442
0 0.922656 0.60625 0.021701 0.028014
0 0.907813 0.615625 0.019893 0.027596
0 0.791406 0.660417 0.021239 0.025868
0 0.730469 0.691667 0.017438 0.024063
0 0.017188 0.702083 0.023232 0.0323
0 0.514062 0.703125 0.019574 0.023676
0 0.311719 0.708333 0.024564 0.030774
0 0.492969 0.715625 0.024733 0.030499
0 0.722656 0.723958 0.021542 0.027554
0 0.182031 0.734375 0.019012 0.028214
0 0.750781 0.747917 0.0197 0.025227
0 0.300781 0.765625 0.02537 0.032683
0 0.876563 0.766667 0.022883 0.028677
0 0.788281 0.780208 0.025171 0.029147
0 0.129688 0.804167 0.020537 0.027934
0 0.678906 0.825 0.021259 0.028345
0 0.101562 0.832292 0.027671 0.037831
0 0.621094 0.845833 0.021819 0.028356
0 0.464844 0.859375 0.018999 0.02628
0 0.848437 0.905208 0.029005 0.030916
0 0.154688 0.905208 0.019543 0.023126
0 0.6 0.907292 0.019733 0.025046
0 0.839844 0.928125 0.02215 0.034504
0 0.580469 0.94375 0.024847 0.031127
0 0.172656 0.973958 0.020422 0.025409
0 0.53125 0.978125 0.027091 0.032554
0 0.378906 0.985451 0.026621 0.029099
0 0.067969 0.985843 0.025907 0.028313
0 0.898438 0.985798 0.024144 0.028403