0 0.924219 0.013354 0.024733 0.026708
0 0.653125 0.026042 0.020676 0.026744
0 0.586719 0.030208 0.025086 0.031874
0 0.067969 0.030208 0.021161 0.025349
0 0.110937 0.038542 0.026277 0.040268
0 0.632812 0.045833 0.030887 0.034823
0 0.157812 0.046875 0.020697 0.026524
0 0.514844 0.059375 0.025084 0.031877
0 0.889844 0.08125 0.021202 0.026349
0 0.065625 0.088542 0.019792 0.025321
0 0.224219 0.108333 0.021701 0.028014
0 0.703125 0.116667 0.023293 0.029834
0 0.084375 0.141667 0.022729 0.02728
0 0.540625 0.146875 0.019574 0.023676
0 0.476562 0.155208 0.026 0.035478
0 0.398438 0.19375 0.023597 0.02855
0 0.779687 0.2125 0.023026 0.028919
0 0.423438 0.210417 0.018756 0.022285
0 0.665625 0.232292 0.023476 0.030208
0 0.803906 0.247917 0.020328 0.024087
0 0.660937 0.25625 0.023103 0.02886
0 0.838281 0.261458 0.019429 0.026567
0 0.729688 0.261458 0.019119 0.025492
0 0.225781 0.276042 0.02186 0.033562
0 0.403906 0.305208 0.02143 0.027648
0 0.067187 0.305208 0.019909 0.025929
0 0.861719 0.317708 0.018773 0.023107
0 0.063281 0.334375 0.021314 0.02663
0 0.192188 0.358333 0.0201 0.026364
0 0.491406 0.367708 0.028964 0.036785
0 0.348438 0.391667 0.019574 0.023676
0 0.267969 0.395833 0.021701 0.028014
0 0.546094 0.442708 0.021105 0.028403
0 0.573438 0.459375 0.020801 0.028133
0 0.767969 0.535417 0.021239 0.025868
0 0.532813 0.539583 0.021302 0.02814
0 0.640625 0.546875 0.017759 0.024215
0 0.05625 0.55625 0.019792 0.025321
0 0.085938 0.563542 0.019925 0.025905
0 0.421094 0.584375 0.021362 0.02664
0 0.711719 0.592708 0.021542 0.027554
0 0.610156 0.59375 0.020676 0.026744
0 0.178125 0.610417 0.020537 0.027934
0 0.224219 0.630208 0.018442 0.024589
0 0.841406 0.63125 0.020422 0.025409
0 0.941406 0.659375 0.018756 0.022285
0 0.792188 0.70625 0.022971 0.028458
0 0.302344 0.711458 0.021819 0.028356
0 0.129688 0.719792 0.02933 0.037214
0 0.710156 0.727083 0.021259 0.028345
0 0.713281 0.740625 0.021314 0.02663
0 0.536719 0.776042 0.026157 0.036188
0 0.810937 0.775 0.018756 0.022285
0 0.389844 0.783333 0.02168 0.028193
0 0.614844 0.789583 0.021542 0.027554
0 0.975781 0.809375 0.024341 0.028597
0 0.55625 0.811458 0.024491 0.029049
0 0.833594 0.839583 0.026308 0.031809
0 0.59375 0.839583 0.022996 0.028271
0 0.771094 0.839583 0.018008 0.02309
0 0.695312 0.875 0.023293 0.029834
0 0.492188 0.902083 0.023298 0.029827
0 0.339844 0.932292 0.025161 0.030661
0 0.865625 0.963542 0.020627 0.027503
0 0.395313 0.973958 0.023583 0.030562
0 0.752344 0.98125 0.02679 0.030196
0 0.210938 0.985417 0.0197 0.025227
0 0.64375 0.985739 0.026843 0.028521