0 0.074219 0.016667 0.026729 0.029672
0 0.155469 0.01875 0.024849 0.033743
0 0.4625 0.016667 0.02475 0.031228
0 0.805469 0.026042 0.021076 0.032495
0 0.800781 0.066667 0.018048 0.02325
0 0.3375 0.144792 0.018999 0.02628
0 0.941406 0.203125 0.022566 0.031762
0 0.561719 0.263542 0.024736 0.034375
0 0.554688 0.260417 0.018161 0.023679
0 0.533594 0.320833 0.024858 0.03202
0 0.30625 0.320833 0.019683 0.026728
0 0.092188 0.358333 0.019627 0.024405
0 0.817187 0.363542 0.022758 0.028319
0 0.008745 0.377083 0.01749 0.032841
0 0.147656 0.382292 0.020328 0.024087
0 0.180469 0.403125 0.019574 0.023676
0 0.749219 0.410417 0.021339 0.026862
0 0.901563 0.45625 0.02101 0.028935
0 0.813281 0.457292 0.020341 0.025073
0 0.983594 0.469792 0.022495 0.030475
0 0.889844 0.490625 0.029168 0.032641
0 0.129688 0.503125 0.018773 0.023107
0 0.26875 0.513542 0.01902 0.024748
0 0.195312 0.520833 0.020046 0.026244
0 0.522656 0.525 0.025084 0.031877
0 0.260937 0.525 0.020676 0.026744
0 0.75625 0.525 0.022768 0.026762
0 0.55625 0.552083 0.026843 0.031498
0 0.695312 0.553125 0.01902 0.024748
0 0.015625 0.5625 0.023319 0.029672
0 0.663281 0.614583 0.021339 0.026862
0 0.302344 0.641667 0.021542 0.029952
0 0.429688 0.642708 0.020371 0.024457
0 0.672656 0.709375 0.021112 0.025088
0 0.823438 0.71875 0.019627 0.024405
0 0.829688 0.71875 0.018756 0.022285
0 0.510156 0.722917 0.018691 0.025445
0 0.473438 0.735417 0.018756 0.022285
0 0.258594 0.745833 0.021542 0.027554
0 0.350781 0.755208 0.020371 0.024457
0 0.846875 0.802083 0.018773 0.023107
0 0.483594 0.808333 0.018939 0.024442
0 0.904687 0.833333 0.0201 0.026364
0 0.069531 0.865625 0.024107 0.034015
0 0.8375 0.9 0.025697 0.036623
0 0.576562 0.935417 0.019574 0.023676
0 0.174219 0.947917 0.018939 0.024442