0 0.064062 0.071875 0.019574 0.023676
0 0.152344 0.116667 0.019534 0.022292
0 0.565625 0.151042 0.019925 0.025905
0 0.286719 0.240625 0.018921 0.024472
0 0.990408 0.244792 0.019184 0.025185
0 0.590625 0.294792 0.020422 0.025409
0 0.504687 0.347917 0.022815 0.027608
0 0.879687 0.363542 0.019925 0.025905
0 0.601562 0.377083 0.023293 0.029834
0 0.582031 0.391667 0.018846 0.02378
0 0.95 0.458333 0.019638 0.024534
0 0.645312 0.464583 0.018939 0.024442
0 0.779687 0.467708 0.020479 0.026286
0 0.291406 0.482292 0.021264 0.026134
0 0.775 0.511458 0.019909 0.025929
0 0.946875 0.580208 0.019925 0.025905
0 0.889062 0.623958 0.01902 0.024748
0 0.60625 0.667708 0.023741 0.031149
0 0.689844 0.665625 0.018756 0.022285
0 0.640625 0.796875 0.022971 0.028458
0 0.7625 0.814583 0.020627 0.027503
0 0.822656 0.838542 0.018161 0.023679
0 0.564063 0.857292 0.019909 0.025929
0 0.270313 0.869792 0.018561 0.025359
0 0.932031 0.873958 0.024076 0.032101
0 0.472656 0.905208 0.021701 0.028014
0 0.678125 0.913542 0.019925 0.025905
0 0.515625 0.921875 0.019627 0.024405
0 0.244531 0.964583 0.019531 0.026042
0 0.901563 0.973958 0.018921 0.024472
0 0.803906 0.983333 0.018008 0.02309