0 0.702344 0.025 0.020422 0.025409
0 0.705469 0.042708 0.018939 0.024442
0 0.613281 0.0625 0.021161 0.025349
0 0.344531 0.076042 0.023456 0.028163
0 0.1 0.085417 0.018756 0.022285
0 0.008078 0.090625 0.016156 0.028155
0 0.540625 0.09375 0.023293 0.029834
0 0.210156 0.094792 0.018756 0.022285
0 0.916406 0.103125 0.01882 0.024173
0 0.971875 0.121875 0.022128 0.030307
0 0.366406 0.130208 0.023232 0.0323
0 0.709375 0.135417 0.026048 0.031808
0 0.50625 0.145833 0.019733 0.025046
0 0.236719 0.155208 0.023232 0.0323
0 0.48125 0.155208 0.020328 0.024087
0 0.279687 0.161458 0.023185 0.034666
0 0.736719 0.198958 0.018773 0.023107
0 0.614062 0.204167 0.01971 0.025332
0 0.671875 0.204167 0.019627 0.024405
0 0.860938 0.2125 0.020416 0.025301
0 0.3 0.216667 0.019574 0.023676
0 0.519531 0.24375 0.027511 0.037089
0 0.550781 0.267708 0.021314 0.02663
0 0.483594 0.289583 0.026715 0.032642
0 0.632031 0.29375 0.021946 0.026299
0 0.314844 0.295833 0.022376 0.031057
0 0.8375 0.311458 0.019925 0.025905
0 0.460156 0.315625 0.022758 0.030751
0 0.957812 0.315625 0.022883 0.028677
0 0.353125 0.3375 0.023922 0.031467
0 0.392188 0.345833 0.018756 0.022285
0 0.271094 0.3625 0.027426 0.030596
0 0.363281 0.360417 0.018827 0.023629
0 0.551562 0.366667 0.021243 0.027194
0 0.479687 0.394792 0.024359 0.033115
0 0.653125 0.409375 0.026593 0.033416
0 0.789844 0.409375 0.021339 0.026862
0 0.761719 0.410417 0.021105 0.028403
0 0.058594 0.411458 0.021618 0.02791
0 0.613281 0.417708 0.021701 0.028014
0 0.205469 0.4375 0.021339 0.026862
0 0.648438 0.447917 0.018561 0.025359
0 0.129688 0.45 0.020697 0.026524
0 0.740625 0.467708 0.022226 0.031538
0 0.35625 0.469792 0.020416 0.025301
0 0.0625 0.486458 0.022883 0.028677
0 0.820312 0.489583 0.021302 0.02814
0 0.260156 0.505208 0.018939 0.024442
0 0.094531 0.50625 0.018939 0.024442
0 0.376563 0.526042 0.018008 0.02309
0 0.476562 0.533333 0.0201 0.026364
0 0.325781 0.546875 0.02168 0.028193
0 0.648438 0.558333 0.020416 0.025301
0 0.584375 0.559375 0.02095 0.027383
0 0.390625 0.577083 0.018773 0.023107
0 0.390625 0.591667 0.023232 0.0323
0 0.232813 0.603125 0.021161 0.025349
0 0.176563 0.620833 0.018773 0.023107
0 0.794531 0.627083 0.021161 0.025349
0 0.58125 0.63125 0.018876 0.02557
0 0.563281 0.6375 0.021161 0.025349
0 0.984375 0.659375 0.022729 0.02728
0 0.327344 0.666667 0.02539 0.031393
0 0.763281 0.679167 0.017759 0.024215
0 0.142187 0.690625 0.017759 0.024215
0 0.932031 0.702083 0.024976 0.033622
0 0.964844 0.707292 0.024975 0.031796
0 0.546094 0.716667 0.027239 0.033549
0 0.111719 0.729167 0.022265 0.030253
0 0.182812 0.727083 0.020416 0.025301
0 0.78125 0.730208 0.017759 0.024215
0 0.446875 0.739583 0.019768 0.025593
0 0.742969 0.760417 0.020328 0.024087
0 0.236719 0.767708 0.021239 0.025868
0 0.604688 0.794792 0.019909 0.025929
0 0.800781 0.83125 0.021198 0.026257
0 0.689844 0.836458 0.021804 0.02852
0 0.988281 0.842708 0.021618 0.02791
0 0.6625 0.845833 0.023028 0.030998
0 0.050781 0.86875 0.021459 0.027275
0 0.564844 0.936458 0.018561 0.025359
0 0.952344 0.951042 0.01882 0.024173