0 0.546094 0.009172 0.021819 0.018345
0 0.482812 0.065625 0.020566 0.026042
0 0.896875 0.071875 0.019792 0.025321
0 0.155469 0.117708 0.020566 0.026042
0 0.036719 0.153125 0.018827 0.023629
0 0.389062 0.157292 0.021243 0.027194
0 0.436719 0.189583 0.030201 0.037399
0 0.854688 0.198958 0.019925 0.025905
0 0.80625 0.217708 0.019925 0.025905
0 0.189844 0.263542 0.023863 0.029661
0 0.539844 0.278125 0.026061 0.032032
0 0.051562 0.288542 0.022861 0.027439
0 0.696094 0.31875 0.018939 0.024442
0 0.255469 0.354167 0.02381 0.030106
0 0.132031 0.366667 0.02475 0.031228
0 0.133594 0.425 0.019627 0.024405
0 0.85 0.427083 0.027406 0.02817
0 0.498437 0.441667 0.018756 0.022285
0 0.657813 0.469792 0.019574 0.023676
0 0.061719 0.51875 0.026105 0.0312
0 0.970313 0.55625 0.020627 0.027503
0 0.7 0.571875 0.023232 0.0323
0 0.659375 0.576042 0.02686 0.036706
0 0.21875 0.619792 0.018756 0.022285
0 0.164844 0.697917 0.029954 0.035025
0 0.55625 0.804167 0.018008 0.02309
0 0.153906 0.819792 0.024381 0.03447
0 0.753906 0.845833 0.024847 0.031127
0 0.285156 0.915625 0.025333 0.031738
0 0.082812 0.927083 0.023952 0.034149
0 0.482812 0.933333 0.027142 0.034874
0 0.674219 0.985092 0.024652 0.029816