0 0.978906 0.047917 0.022828 0.030437
0 0.282813 0.10625 0.023964 0.032621
0 0.026562 0.192708 0.023319 0.029672
0 0.749219 0.247917 0.021816 0.032581
0 0.142969 0.301042 0.024383 0.028296
0 0.085938 0.309375 0.0223 0.033506
0 0.63125 0.375 0.018773 0.023107
0 0.501563 0.383333 0.020058 0.027568
0 0.095312 0.432292 0.022128 0.030307
0 0.588281 0.50625 0.024847 0.031127
0 0.433594 0.584375 0.022717 0.033827
0 0.142187 0.619792 0.021038 0.029672
0 0.644531 0.620833 0.025086 0.031874
0 0.765625 0.629167 0.021894 0.026105
0 0.517969 0.836458 0.025086 0.031874
0 0.190625 0.896875 0.023654 0.030791
0 0.013281 0.941667 0.023227 0.029506
0 0.871094 0.983333 0.022216 0.029845