0 0.582812 0.085417 0.021894 0.026105
0 0.745313 0.122917 0.022937 0.028155
0 0.01283 0.144792 0.02566 0.036135
0 0.927344 0.14375 0.021701 0.028014
0 0.457813 0.163542 0.023103 0.02886
0 0.410156 0.169792 0.019531 0.026042
0 0.030469 0.177083 0.022828 0.027821
0 0.054688 0.188542 0.027016 0.037416
0 0.675781 0.25625 0.022418 0.029062
0 0.484375 0.317708 0.019627 0.024405
0 0.938281 0.332292 0.021314 0.02663
0 0.219531 0.391667 0.023234 0.02937
0 0.448437 0.391667 0.027753 0.032981
0 0.548438 0.422917 0.023597 0.02855
0 0.3625 0.460417 0.026491 0.032644
0 0.327344 0.469792 0.024975 0.031796
0 0.403125 0.469792 0.022922 0.031445
0 0.164062 0.522917 0.023533 0.029266
0 0.834375 0.525 0.020046 0.026244
0 0.170313 0.542708 0.026105 0.0312
0 0.3875 0.59375 0.022937 0.028155
0 0.420312 0.657292 0.01882 0.024173
0 0.578125 0.660417 0.023103 0.02886
0 0.897656 0.663542 0.025086 0.031874
0 0.88125 0.669792 0.029528 0.037575
0 0.526563 0.689583 0.026275 0.033933
0 0.9375 0.688542 0.021796 0.02989
0 0.610938 0.736458 0.027736 0.035553
0 0.782813 0.777083 0.023026 0.028919
0 0.372656 0.783333 0.027516 0.034627
0 0.545312 0.826042 0.019733 0.025046
0 0.228906 0.889583 0.027468 0.032673
0 0.89375 0.915625 0.023293 0.029834
0 0.192188 0.95 0.026221 0.032529
0 0.217188 0.952083 0.023055 0.030355
0 0.132812 0.966667 0.019574 0.023676
0 0.823438 0.98125 0.027936 0.034874
0 0.814063 0.984375 0.017438 0.024063