0 0.692187 0.035417 0.020801 0.028133
0 0.324219 0.040625 0.02253 0.034609
0 0.51875 0.125 0.026114 0.032925
0 0.228125 0.194792 0.022777 0.026557
0 0.01875 0.220833 0.023298 0.029827
0 0.298438 0.304167 0.023437 0.034009
0 0.163281 0.304167 0.025467 0.03084
0 0.16875 0.316667 0.0201 0.026364
0 0.711719 0.352083 0.024359 0.033115
0 0.484375 0.470833 0.018756 0.022285
0 0.325 0.55625 0.024309 0.031325
0 0.81875 0.619792 0.030704 0.035247
0 0.210156 0.63125 0.025197 0.031603
0 0.952344 0.647917 0.019178 0.025168
0 0.722656 0.692708 0.029623 0.036902
0 0.584375 0.75 0.018773 0.023107
0 0.663281 0.7875 0.020551 0.027917
0 0.614844 0.805208 0.018008 0.02309
0 0.413281 0.9625 0.027016 0.037416