0 0.013684 0.016667 0.027369 0.029081
0 0.525 0.020833 0.025086 0.031874
0 0.929688 0.022917 0.025183 0.032816
0 0.440625 0.047917 0.026299 0.033348
0 0.882031 0.080208 0.029345 0.037191
0 0.351562 0.086458 0.021314 0.02663
0 0.626563 0.092708 0.02393 0.031906
0 0.061719 0.096875 0.020441 0.025129
0 0.054688 0.115625 0.031002 0.03859
0 0.094531 0.126042 0.028453 0.034189
0 0.6625 0.140625 0.018008 0.02309
0 0.09375 0.145833 0.021949 0.026392
0 0.875781 0.154167 0.018939 0.024442
0 0.75 0.166667 0.018773 0.023107
0 0.871094 0.169792 0.021105 0.028403
0 0.717969 0.18125 0.027633 0.037942
0 0.814844 0.182292 0.021479 0.027243
0 0.864062 0.188542 0.026281 0.032051
0 0.794531 0.19375 0.019531 0.026042
0 0.720313 0.198958 0.023856 0.034731
0 0.146875 0.205208 0.023319 0.029672
0 0.789844 0.210417 0.021648 0.029332
0 0.417187 0.252083 0.021978 0.027245
0 0.197656 0.276042 0.02684 0.036594
0 0.569531 0.276042 0.025887 0.034069
0 0.7625 0.279167 0.025249 0.036187
0 0.65 0.278125 0.018354 0.025228
0 0.803125 0.280208 0.023026 0.028919
0 0.277344 0.280208 0.018773 0.023107
0 0.234375 0.282292 0.02203 0.026707
0 0.503125 0.307292 0.022254 0.02805
0 0.058594 0.325 0.025905 0.030541
0 0.473438 0.336458 0.030003 0.036118
0 0.432812 0.339583 0.027239 0.036319
0 0.521094 0.353125 0.021618 0.02791
0 0.407031 0.361458 0.029106 0.037508
0 0.214062 0.39375 0.031122 0.04277
0 0.676562 0.39375 0.023081 0.032753
0 0.586719 0.4125 0.026275 0.033933
0 0.600781 0.428125 0.029462 0.040162
0 0.096094 0.427083 0.024847 0.031127
0 0.423438 0.441667 0.031001 0.038592
0 0.142187 0.459375 0.025273 0.030852
0 0.596875 0.463542 0.028181 0.039371
0 0.320312 0.46875 0.032061 0.041573
0 0.799219 0.467708 0.024359 0.033115
0 0.39375 0.480208 0.022731 0.029504
0 0.875 0.495833 0.023654 0.030791
0 0.241406 0.521875 0.018827 0.023629
0 0.061719 0.540625 0.034387 0.045489
0 0.898438 0.55625 0.025865 0.032349
0 0.564844 0.561458 0.032162 0.045614
0 0.052344 0.555208 0.019762 0.028269
0 0.317188 0.56875 0.02969 0.043293
0 0.015625 0.567708 0.030906 0.042569
0 0.425781 0.56875 0.025068 0.035524
0 0.657813 0.572917 0.023908 0.03091
0 0.046875 0.586458 0.03136 0.043924
0 0.522656 0.580208 0.021796 0.030069
0 0.987004 0.586458 0.025992 0.040906
0 0.728906 0.589583 0.021796 0.02989
0 0.805469 0.590625 0.02537 0.032683
0 0.252344 0.616667 0.03526 0.050759
0 0.940625 0.608333 0.026048 0.031808
0 0.217188 0.614583 0.029064 0.036668
0 0.903906 0.625 0.024982 0.033615
0 0.633594 0.642708 0.024291 0.029293
0 0.945312 0.6625 0.027149 0.037383
0 0.564844 0.667708 0.02168 0.028193
0 0.666406 0.683333 0.028635 0.036202
0 0.884375 0.682292 0.019909 0.025929
0 0.208594 0.732292 0.020371 0.024457
0 0.664844 0.740625 0.025456 0.031641
0 0.672656 0.75625 0.024083 0.030368
0 0.782031 0.76875 0.028521 0.035325
0 0.630469 0.765625 0.020566 0.026042
0 0.501563 0.767708 0.020341 0.025073
0 0.270313 0.780208 0.025345 0.030561
0 0.6875 0.777083 0.019638 0.024534
0 0.5875 0.785417 0.019762 0.028269
0 0.325781 0.809375 0.021479 0.027243
0 0.832812 0.814583 0.026593 0.033416
0 0.844531 0.8125 0.021819 0.028356
0 0.915625 0.814583 0.020676 0.026744
0 0.332031 0.829167 0.028225 0.038322
0 0.665625 0.832292 0.026195 0.032242
0 0.367969 0.84375 0.017759 0.024215
0 0.8875 0.859375 0.020537 0.027934
0 0.169531 0.86875 0.028563 0.035992
0 0.836719 0.8625 0.018939 0.024442
0 0.8125 0.882292 0.027279 0.037581
0 0.349219 0.940625 0.029789 0.034704
0 0.607031 0.951042 0.029434 0.038374
0 0.8875 0.946875 0.019925 0.025905
0 0.870313 0.964583 0.02732 0.035414
0 0.29375 0.961458 0.018561 0.025359
0 0.11875 0.979167 0.025161 0.030661