0 0.635156 0.044792 0.03199 0.039062
0 0.501563 0.067708 0.019429 0.026567
0 0.246875 0.079167 0.019925 0.025905
0 0.010601 0.142708 0.021201 0.035716
0 0.71875 0.172917 0.028405 0.031779
0 0.098437 0.19375 0.026724 0.034099
0 0.180469 0.241667 0.034258 0.042413
0 0.175781 0.26875 0.027132 0.035157
0 0.703125 0.263542 0.019992 0.026974
0 0.496094 0.278125 0.031078 0.041738
0 0.340625 0.311458 0.020537 0.027934
0 0.603125 0.31875 0.022731 0.029504
0 0.707031 0.335417 0.022911 0.031609
0 0.429688 0.342708 0.0257 0.033535
0 0.466406 0.360417 0.024516 0.030178
0 0.978906 0.38125 0.021314 0.02663
0 0.919531 0.4 0.021239 0.025868
0 0.592187 0.471875 0.026107 0.033377
0 0.278125 0.497917 0.026608 0.034667
0 0.247656 0.5 0.029755 0.038539
0 0.192969 0.530208 0.025348 0.03196
0 0.517969 0.585417 0.021188 0.030341
0 0.239063 0.633333 0.022766 0.03074
0 0.098437 0.679167 0.026268 0.03569
0 0.028906 0.703125 0.037906 0.040751
0 0.059375 0.704167 0.024233 0.028169
0 0.894531 0.717708 0.027816 0.035248
0 0.905469 0.733333 0.020566 0.026042
0 0.51875 0.741667 0.026376 0.032785
0 0.434375 0.74375 0.022883 0.028677
0 0.5375 0.758333 0.019909 0.025929
0 0.065625 0.776042 0.025581 0.039888
0 0.36875 0.775 0.019531 0.027421
0 0.873437 0.791667 0.023557 0.030821
0 0.753906 0.79375 0.021259 0.028345
0 0.788281 0.798958 0.021819 0.028356
0 0.225781 0.822917 0.021999 0.028864
0 0.820312 0.823958 0.020046 0.026244
0 0.809375 0.828125 0.02925 0.03392
0 0.425781 0.863542 0.031892 0.039969
0 0.472656 0.879167 0.021264 0.026134
0 0.889062 0.909375 0.019925 0.025905
0 0.421875 0.929167 0.023535 0.029328
0 0.427344 0.973958 0.021362 0.02664
0 0.511719 0.981312 0.033533 0.037376
0 0.198437 0.990262 0.018756 0.019476