0 0.180469 0.010037 0.02143 0.020074
0 0.6125 0.012932 0.022067 0.025863
0 0.442188 0.0625 0.020537 0.027934
0 0.074219 0.147917 0.021161 0.025349
0 0.539844 0.319792 0.021314 0.02663
0 0.76875 0.320833 0.019733 0.025046
0 0.967187 0.348958 0.019909 0.025929
0 0.775781 0.496875 0.021701 0.028014
0 0.451562 0.503125 0.018773 0.023107
0 0.560937 0.525 0.023447 0.026119
0 0.65625 0.583333 0.020328 0.024087
0 0.73125 0.63125 0.019909 0.025929
0 0.83125 0.658333 0.02588 0.029593
0 0.630469 0.667708 0.020328 0.024087
0 0.20625 0.70625 0.021978 0.027245
0 0.825781 0.898958 0.019119 0.025492
0 0.094531 0.905208 0.021314 0.02663
0 0.825 0.909375 0.020046 0.026244
0 0.213281 0.932292 0.019627 0.024405
0 0.209375 0.986878 0.023362 0.026244