0 0.699219 0.104167 0.025456 0.031641
0 0.297656 0.115625 0.021886 0.023736
0 0.550781 0.165625 0.023565 0.027875
0 0.136719 0.236458 0.024733 0.030499
0 0.365625 0.235417 0.022815 0.027608
0 0.109375 0.260417 0.018756 0.022285
0 0.159375 0.286458 0.020566 0.026042
0 0.171094 0.351042 0.019574 0.023676
0 0.955469 0.360417 0.019119 0.025492
0 0.521094 0.380208 0.021796 0.02989
0 0.426563 0.438542 0.023476 0.030208
0 0.449219 0.482292 0.018827 0.023629
0 0.223438 0.504167 0.018756 0.022285
0 0.420312 0.514583 0.019768 0.025593
0 0.19375 0.528125 0.022828 0.027821
0 0.329688 0.566667 0.023557 0.030821
0 0.571875 0.632292 0.019733 0.025046
0 0.7625 0.663542 0.018939 0.024442
0 0.920312 0.675 0.019534 0.022292
0 0.883594 0.790625 0.021264 0.026134
0 0.342969 0.801042 0.021618 0.02791
0 0.710938 0.809375 0.019792 0.025321
0 0.352344 0.811458 0.021104 0.024098
0 0.2125 0.873958 0.019627 0.024405
0 0.858594 0.891667 0.021038 0.029672
0 0.63125 0.890625 0.019531 0.027421
0 0.51875 0.891667 0.023523 0.026519
0 0.573438 0.898958 0.024679 0.030191
0 0.263281 0.935417 0.018773 0.023107
0 0.710938 0.987448 0.02003 0.025103