0 0.365625 0.010798 0.020697 0.021595
0 0.457813 0.063542 0.020566 0.026042
0 0.072656 0.1125 0.026823 0.032782
0 0.585938 0.171875 0.02306 0.029195
0 0.696875 0.213542 0.019574 0.023676
0 0.376563 0.267708 0.019909 0.025929
0 0.670312 0.364583 0.020416 0.025301
0 0.233594 0.401042 0.021198 0.026257
0 0.296094 0.469792 0.021239 0.025868
0 0.169531 0.678125 0.020566 0.026042
0 0.389062 0.730208 0.023538 0.032216
0 0.217969 0.753125 0.025243 0.032454
0 0.553906 0.836458 0.023804 0.033777
0 0.01875 0.836458 0.024516 0.030178
0 0.239844 0.923958 0.021243 0.027194
0 0.248438 0.94375 0.019909 0.025929
0 0.342187 0.944792 0.019925 0.025905
0 0.389844 0.961458 0.026608 0.034667