0 0.025 0.029167 0.030057 0.037262
0 0.207813 0.032292 0.02863 0.039781
0 0.153125 0.03125 0.019501 0.031322
0 0.332031 0.042708 0.033936 0.049411
0 0.179688 0.0375 0.023758 0.031125
0 0.100781 0.096875 0.030598 0.037716
0 0.177344 0.105208 0.036314 0.044374
0 0.981453 0.115625 0.037094 0.04206
0 0.797656 0.111458 0.025513 0.033411
0 0.40625 0.121875 0.031706 0.03965
0 0.267969 0.126042 0.024233 0.028169
0 0.432812 0.134375 0.021508 0.03051
0 0.904687 0.141667 0.027077 0.039383
0 0.290625 0.136458 0.019178 0.025168
0 0.940625 0.15 0.026202 0.038317
0 0.507031 0.161458 0.033082 0.046129
0 0.185156 0.1625 0.030526 0.037539
0 0.2625 0.169792 0.036998 0.046148
0 0.330469 0.173958 0.018827 0.023629
0 0.4125 0.210417 0.038119 0.048668
0 0.320312 0.214583 0.03468 0.037985
0 0.448437 0.207292 0.020627 0.027503
0 0.448437 0.21875 0.025257 0.029424
0 0.441406 0.225 0.033373 0.040759
0 0.639062 0.217708 0.018939 0.024442
0 0.233594 0.21875 0.019534 0.022292
0 0.45 0.2375 0.020566 0.027421
0 0.957812 0.25 0.026 0.030914
0 0.350781 0.254167 0.018939 0.024442
0 0.960156 0.277083 0.018442 0.024589
0 0.252344 0.284375 0.018876 0.02557
0 0.441406 0.29375 0.027239 0.033549
0 0.808594 0.292708 0.021339 0.026862
0 0.750781 0.311458 0.033733 0.047631
0 0.267969 0.319792 0.034819 0.047317
0 0.167969 0.323958 0.028856 0.037473
0 0.234375 0.340625 0.01882 0.024173
0 0.736719 0.346875 0.021264 0.026134
0 0.315625 0.370833 0.055043 0.061047
0 0.383594 0.355208 0.022447 0.02875
0 0.390625 0.35625 0.021098 0.023144
0 0.848437 0.377083 0.029344 0.044094
0 0.072656 0.380208 0.021645 0.030804
0 0.254688 0.380208 0.01902 0.024748
0 0.511719 0.40625 0.049289 0.072343
0 0.239063 0.388542 0.018161 0.023679
0 0.296094 0.390625 0.021239 0.025868
0 0.415625 0.419792 0.049427 0.064447
0 0.660156 0.40625 0.018816 0.028149
0 0.253906 0.421875 0.035686 0.05171
0 0.446094 0.4125 0.02118 0.025185
0 0.45625 0.413542 0.018691 0.025445
0 0.765625 0.426042 0.022679 0.034394
0 0.447656 0.428125 0.020325 0.024095
0 0.44375 0.430208 0.020319 0.023139
0 0.439063 0.433333 0.023597 0.02855
0 0.460938 0.430208 0.020314 0.022296
0 0.4125 0.445833 0.033626 0.0376
0 0.442188 0.4375 0.018769 0.023116
0 0.45625 0.440625 0.019552 0.024083
0 0.532031 0.453125 0.036779 0.047753
0 0.429688 0.445833 0.021161 0.025349
0 0.955469 0.451042 0.021999 0.028864
0 0.289844 0.455208 0.022656 0.027083
0 0.423438 0.458333 0.028838 0.034651
0 0.45 0.453125 0.02032 0.023137
0 0.395313 0.45625 0.022729 0.02728
0 0.499219 0.460417 0.017757 0.026099
0 0.229687 0.465625 0.022679 0.034394
0 0.328125 0.463542 0.02003 0.029373
0 0.080469 0.475 0.041232 0.04666
0 0.18125 0.467708 0.025161 0.030661
0 0.41875 0.469792 0.017345 0.026058
0 0.55625 0.471875 0.019714 0.027305
0 0.275781 0.48125 0.025033 0.034809
0 0.428906 0.488542 0.02681 0.037759
0 0.470313 0.486458 0.018342 0.027161
0 0.274219 0.502083 0.024931 0.040846
0 0.410156 0.496875 0.021333 0.026872
0 0.373437 0.502083 0.019429 0.026567
0 0.429688 0.505208 0.019429 0.026567
0 0.313281 0.510417 0.019627 0.024405
0 0.499219 0.514583 0.021202 0.026349
0 0.946875 0.516667 0.029133 0.033161
0 0.161719 0.519792 0.024453 0.034626
0 0.516406 0.53125 0.023451 0.027139
0 0.398438 0.532292 0.019762 0.028269
0 0.871875 0.539583 0.032333 0.039281
0 0.385156 0.55 0.048868 0.055294
0 0.221094 0.548958 0.038351 0.043935
0 0.274219 0.553125 0.028034 0.037029
0 0.8875 0.560417 0.029113 0.042781
0 0.160156 0.560417 0.032401 0.042481
0 0.45625 0.559375 0.01733 0.02503
0 0.529687 0.578125 0.04581 0.057694
0 0.5 0.571875 0.029619 0.039989
0 0.238281 0.569792 0.018805 0.027121
0 0.228906 0.570833 0.021999 0.028864
0 0.880469 0.582292 0.026996 0.038485
0 0.621875 0.590625 0.033 0.044135
0 0.249219 0.59375 0.038281 0.051962
0 0.228125 0.582292 0.018939 0.024442
0 0.476562 0.589583 0.019119 0.025492
0 0.179688 0.605208 0.018939 0.024442
0 0.471875 0.628125 0.035443 0.050139
0 0.157031 0.626042 0.024374 0.033489
0 0.333594 0.626042 0.020566 0.026042
0 0.651563 0.645833 0.042144 0.053605
0 0.821094 0.638542 0.021978 0.027245
0 0.378906 0.640625 0.017438 0.024063
0 0.796875 0.648958 0.022226 0.031538
0 0.285938 0.655208 0.018939 0.024442
0 0.214062 0.655208 0.017438 0.024063
0 0.409375 0.6625 0.025817 0.036693
0 0.429688 0.657292 0.018773 0.023107
0 0.784375 0.665625 0.026123 0.035908
0 0.354687 0.675 0.036814 0.049576
0 0.649219 0.675 0.028381 0.040881
0 0.476562 0.682292 0.026218 0.03426
0 0.064844 0.68125 0.02123 0.025887
0 0.728906 0.684375 0.02087 0.028194
0 0.848437 0.73125 0.033348 0.053265
0 0.164062 0.732292 0.024291 0.029293
0 0.584375 0.732292 0.022729 0.02728
0 0.257812 0.735417 0.018124 0.023544
0 0.144531 0.754167 0.038833 0.055827
0 0.913281 0.753125 0.023248 0.030703
0 0.207031 0.751042 0.018442 0.024589
0 0.236719 0.766667 0.019119 0.025492
0 0.921094 0.769792 0.025188 0.032253
0 0.397656 0.778125 0.02143 0.027648
0 0.63125 0.791667 0.021689 0.030701
0 0.557031 0.816667 0.030647 0.042666
0 0.491406 0.844792 0.036797 0.042895
0 0.349219 0.847917 0.021727 0.028969
0 0.616406 0.857292 0.036029 0.041454
0 0.842187 0.869792 0.025997 0.038442
0 0.429688 0.879167 0.03559 0.041846
0 0.646875 0.904167 0.020676 0.026744
0 0.673438 0.914583 0.035685 0.045211
0 0.295312 0.909375 0.021339 0.026862
0 0.08125 0.932292 0.026417 0.032442
0 0.135156 0.930208 0.018008 0.02309
0 0.592187 0.935417 0.026689 0.03168
0 0.309375 0.947917 0.020676 0.026744
0 0.626563 0.959375 0.027142 0.034874
0 0.717187 0.964583 0.028742 0.037634
0 0.125781 0.975 0.021978 0.027245
0 0.792188 0.976042 0.022883 0.028677