0 0.332813 0.017708 0.025491 0.033443
0 0.383594 0.014583 0.019574 0.023676
0 0.783594 0.032292 0.019909 0.025929
0 0.696094 0.041667 0.025244 0.038977
0 0.98682 0.044792 0.02636 0.036368
0 0.617969 0.041667 0.0201 0.026364
0 0.080469 0.051042 0.024578 0.029591
0 0.875 0.0625 0.024975 0.031796
0 0.366406 0.073958 0.02966 0.037702
0 0.464062 0.073958 0.028598 0.034664
0 0.991379 0.071875 0.017242 0.025409
0 0.772656 0.086458 0.025249 0.036187
0 0.432812 0.092708 0.019429 0.026567
0 0.620313 0.097917 0.026048 0.031808
0 0.567187 0.104167 0.018827 0.023629
0 0.232031 0.113542 0.019792 0.025321
0 0.75 0.125 0.025161 0.030661
0 0.491406 0.134375 0.018161 0.023679
0 0.292187 0.139583 0.021727 0.028969
0 0.882031 0.145833 0.018756 0.022285
0 0.705469 0.176042 0.019925 0.025905
0 0.617969 0.18125 0.019893 0.027596
0 0.542188 0.202083 0.028356 0.038278
0 0.446094 0.198958 0.018756 0.022285
0 0.486719 0.208333 0.028781 0.039246
0 0.361719 0.211458 0.019119 0.025492
0 0.821094 0.217708 0.02217 0.02922
0 0.555469 0.229167 0.019574 0.023676
0 0.258594 0.232292 0.020328 0.024087
0 0.727344 0.246875 0.017759 0.024215
0 0.585156 0.253125 0.020697 0.026524
0 0.557813 0.259375 0.025086 0.031874
0 0.9375 0.259375 0.021999 0.028864
0 0.15625 0.282292 0.020416 0.025301
0 0.783594 0.315625 0.026379 0.043951
0 0.319531 0.315625 0.020537 0.027934
0 0.861719 0.375 0.026787 0.037786
0 0.895312 0.375 0.022128 0.030307
0 0.120313 0.375 0.020441 0.025129
0 0.821094 0.378125 0.018769 0.023116
0 0.098437 0.384375 0.026593 0.033416
0 0.430469 0.407292 0.02317 0.029214
0 0.180469 0.416667 0.0223 0.028345
0 0.428906 0.426042 0.019925 0.025905
0 0.671875 0.428125 0.019574 0.023676
0 0.979688 0.43125 0.018773 0.023107
0 0.414844 0.434375 0.020371 0.024457
0 0.979688 0.440625 0.01892 0.026267
0 0.930469 0.440625 0.018773 0.023107
0 0.221094 0.448958 0.027 0.031907
0 0.973437 0.490625 0.026663 0.030571
0 0.430469 0.490625 0.021935 0.025224
0 0.774219 0.514583 0.026681 0.038686
0 0.727344 0.520833 0.018773 0.023107
0 0.569531 0.535417 0.022828 0.027821
0 0.596094 0.547917 0.031166 0.039034
0 0.129688 0.551042 0.029226 0.032798
0 0.609375 0.56875 0.023908 0.033445
0 0.919531 0.573958 0.020046 0.026244
0 0.632031 0.586458 0.018939 0.024442
0 0.557813 0.592708 0.025086 0.031874
0 0.013281 0.589583 0.019638 0.024534
0 0.024219 0.594792 0.019909 0.025929
0 0.421875 0.594792 0.018939 0.024442
0 0.629687 0.613542 0.027027 0.036869
0 0.903906 0.613542 0.020627 0.027503
0 0.698438 0.615625 0.0201 0.026364
0 0.671875 0.61875 0.019768 0.025593
0 0.716406 0.621875 0.023565 0.027875
0 0.510938 0.625 0.021161 0.025349
0 0.850781 0.625 0.021701 0.028014
0 0.591406 0.634375 0.01882 0.024173
0 0.821094 0.648958 0.019925 0.025905
0 0.535937 0.660417 0.023055 0.030355
0 0.901563 0.660417 0.020231 0.026656
0 0.486719 0.669792 0.018773 0.023107
0 0.25 0.690625 0.022169 0.033669
0 0.596094 0.6875 0.024496 0.029918
0 0.836719 0.698958 0.019909 0.025929
0 0.510938 0.738542 0.023192 0.02956
0 0.107031 0.75625 0.029083 0.033854
0 0.009233 0.770833 0.018466 0.028488
0 0.944531 0.785417 0.025541 0.033198
0 0.549219 0.794792 0.022128 0.030307
0 0.100781 0.797917 0.021667 0.027913
0 0.542188 0.803125 0.021239 0.025868
0 0.846094 0.80625 0.019693 0.024852
0 0.528906 0.809375 0.019909 0.025929
0 0.140625 0.851042 0.024705 0.035376
0 0.085156 0.875 0.0201 0.026364
0 0.5 0.884375 0.019683 0.026728
0 0.426563 0.886458 0.018161 0.023679
0 0.788281 0.902083 0.021542 0.027554
0 0.832812 0.916667 0.0201 0.026364
0 0.841406 0.919792 0.018921 0.024472
0 0.028906 0.928125 0.019733 0.025046
0 0.497656 0.952083 0.022815 0.027608
0 0.116406 0.958333 0.021618 0.02791
0 0.377344 0.964583 0.020328 0.024087
0 0.680469 0.969792 0.018921 0.024472
0 0.132031 0.972917 0.021989 0.028877
0 0.335156 0.982292 0.027936 0.034874
0 0.140625 0.987122 0.024341 0.025757