0 0.801562 0.012205 0.019925 0.024411
0 0.982031 0.016667 0.023758 0.031125
0 0.701562 0.016667 0.019543 0.023126
0 0.933594 0.045833 0.024975 0.031796
0 0.724219 0.133333 0.018442 0.024589
0 0.864062 0.147917 0.023771 0.032677
0 0.085938 0.195833 0.026221 0.032529
0 0.792188 0.197917 0.021542 0.027554
0 0.34375 0.21875 0.01971 0.025332
0 0.850781 0.276042 0.024736 0.034375
0 0.608594 0.291667 0.019531 0.026042
0 0.770312 0.296875 0.023293 0.029834
0 0.930469 0.321875 0.024174 0.037799
0 0.482031 0.338542 0.021819 0.028356
0 0.932031 0.342708 0.021339 0.026862
0 0.884375 0.347917 0.022995 0.032052
0 0.101562 0.35 0.019768 0.025593
0 0.267188 0.392708 0.022756 0.02825
0 0.260156 0.4 0.021701 0.028014
0 0.140625 0.434375 0.019768 0.025593
0 0.919531 0.469792 0.024897 0.032298
0 0.169531 0.479167 0.021202 0.026349
0 0.747656 0.480208 0.018161 0.023679
0 0.902344 0.515625 0.023503 0.033898
0 0.683594 0.545833 0.025543 0.032425
0 0.625 0.554167 0.020627 0.027503
0 0.4125 0.5625 0.023055 0.028598
0 0.092969 0.609375 0.026299 0.033348
0 0.145313 0.686458 0.022883 0.028677
0 0.153906 0.740625 0.026524 0.033859
0 0.157031 0.764583 0.021542 0.027554
0 0.844531 0.776042 0.022758 0.030751
0 0.971875 0.79375 0.023461 0.030231
0 0.371875 0.795833 0.022883 0.028677
0 0.375781 0.803125 0.020566 0.026042
0 0.153125 0.828125 0.0223 0.033506
0 0.300781 0.832292 0.024669 0.036072
0 0.649219 0.835417 0.019178 0.025168
0 0.385937 0.846875 0.018756 0.022285
0 0.61875 0.85625 0.02594 0.03332
0 0.027344 0.86875 0.021479 0.027243
0 0.88125 0.872917 0.020537 0.027934
0 0.840625 0.888542 0.019909 0.025929
0 0.916406 0.919792 0.028319 0.042708
0 0.514844 0.961458 0.018939 0.024442
0 0.833594 0.987389 0.018691 0.025222
0 0.114844 0.988093 0.021989 0.023814