0 0.695312 0.022917 0.027511 0.037089
0 0.488281 0.028125 0.020566 0.026042
0 0.925 0.030208 0.023325 0.031295
0 0.4 0.057292 0.030433 0.040258
0 0.030469 0.05625 0.024188 0.03293
0 0.785156 0.053125 0.018773 0.023107
0 0.655469 0.060417 0.019925 0.025905
0 0.934375 0.061458 0.019909 0.025929
0 0.985156 0.06875 0.024631 0.032058
0 0.917969 0.075 0.019531 0.026042
0 0.883594 0.091667 0.030253 0.042444
0 0.161719 0.085417 0.018561 0.025359
0 0.216406 0.086458 0.021819 0.028356
0 0.850781 0.135417 0.026251 0.035002
0 0.035156 0.140625 0.021788 0.030078
0 0.742188 0.15 0.021894 0.026105
0 0.300781 0.183333 0.019925 0.025905
0 0.442969 0.183333 0.019627 0.024405
0 0.58125 0.205208 0.026221 0.032529
0 0.925 0.202083 0.018773 0.023107
0 0.764062 0.233333 0.018756 0.022285
0 0.835938 0.240625 0.019733 0.025046
0 0.104688 0.28125 0.027165 0.035814
0 0.122656 0.3 0.025343 0.032814
0 0.660156 0.297917 0.02525 0.032349
0 0.747656 0.309375 0.019574 0.023676
0 0.558594 0.320833 0.021618 0.02791
0 0.3375 0.323958 0.022828 0.027821
0 0.520312 0.339583 0.021161 0.025349
0 0.063281 0.35625 0.028531 0.033849
0 0.826562 0.359375 0.019733 0.025046
0 0.252344 0.378125 0.029785 0.039276
0 0.590625 0.377083 0.026299 0.033348
0 0.591406 0.438542 0.024291 0.029293
0 0.705469 0.46875 0.021999 0.028864
0 0.760156 0.467708 0.018773 0.023107
0 0.101562 0.476042 0.019574 0.023676
0 0.719531 0.482292 0.024975 0.031796
0 0.576562 0.519792 0.022111 0.027748
0 0.974219 0.534375 0.019429 0.026567
0 0.572656 0.542708 0.018773 0.023107
0 0.321094 0.553125 0.021339 0.026862
0 0.973437 0.557292 0.028938 0.031386
0 0.10625 0.5625 0.032963 0.035173
0 0.239844 0.58125 0.022828 0.027821
0 0.248438 0.608333 0.020566 0.026042
0 0.711719 0.614583 0.02168 0.028193
0 0.404687 0.633333 0.021247 0.027272
0 0.830469 0.640625 0.025211 0.033309
0 0.129688 0.66875 0.029228 0.035147
0 0.673438 0.683333 0.01882 0.024173
0 0.625 0.692708 0.026124 0.031426
0 0.58125 0.708333 0.026124 0.031426
0 0.705469 0.748958 0.027276 0.037584
0 0.089063 0.754167 0.019574 0.023676
0 0.914062 0.790625 0.019909 0.025929
0 0.232813 0.835417 0.033214 0.042031
0 0.554688 0.838542 0.030516 0.039313
0 0.6125 0.8375 0.020134 0.027719
0 0.249219 0.866667 0.022325 0.028159
0 0.853906 0.864583 0.018876 0.02557
0 0.083594 0.880208 0.021656 0.028229
0 0.803906 0.901042 0.025003 0.032842
0 0.015625 0.920833 0.022937 0.028155
0 0.739844 0.926042 0.028753 0.03655
0 0.303906 0.947917 0.026966 0.033171
0 0.203125 0.953125 0.021362 0.02664