0 0.500781 0.020833 0.023491 0.027306
0 0.608594 0.053125 0.020566 0.026042
0 0.785156 0.110417 0.024736 0.032981
0 0.44375 0.175 0.023597 0.02855
0 0.626563 0.188542 0.02365 0.028234
0 0.860156 0.301042 0.02434 0.027549
0 0.5 0.305208 0.023103 0.02886
0 0.915625 0.30625 0.019638 0.024534
0 0.223438 0.328125 0.022026 0.030025
0 0.125781 0.335417 0.022776 0.032111
0 0.076563 0.34375 0.022459 0.03193
0 0.640625 0.392708 0.026281 0.032051
0 0.344531 0.39375 0.024316 0.027916
0 0.610156 0.395833 0.020566 0.026042
0 0.613281 0.469792 0.02306 0.029195
0 0.10625 0.492708 0.023227 0.029506
0 0.89375 0.510417 0.023234 0.02937
0 0.244531 0.514583 0.021161 0.025349
0 0.211719 0.56875 0.023055 0.030355
0 0.457031 0.655208 0.022026 0.030025
0 0.253906 0.666667 0.021211 0.031348
0 0.289062 0.689583 0.022828 0.027821
0 0.416406 0.695833 0.021796 0.030069
0 0.365625 0.701042 0.022828 0.027821
0 0.155469 0.73125 0.022489 0.033625
0 0.65625 0.733333 0.02752 0.030504
0 0.189062 0.734375 0.022758 0.030751
0 0.702344 0.759375 0.022047 0.026945
0 0.366406 0.791667 0.021556 0.031475
0 0.275781 0.795833 0.023054 0.029204
0 0.135937 0.796875 0.025277 0.029817
0 0.427344 0.852083 0.021819 0.028356
0 0.085938 0.905208 0.021701 0.028014
0 0.602344 0.925 0.022828 0.030437
0 0.472656 0.936458 0.021546 0.027548
0 0.091406 0.967708 0.021727 0.028969
0 0.60625 0.972917 0.022996 0.028271