0 0.039844 0.015963 0.023668 0.031926
0 0.348438 0.01875 0.019574 0.023676
0 0.492188 0.08125 0.023654 0.029634
0 0.757812 0.159375 0.02099 0.030596
0 0.092188 0.185417 0.0197 0.025227
0 0.553125 0.2375 0.019531 0.027421
0 0.914844 0.245833 0.024383 0.028296
0 0.310937 0.266667 0.018756 0.022285
0 0.098437 0.342708 0.019178 0.025168
0 0.360156 0.373958 0.024359 0.033115
0 0.677344 0.371875 0.024623 0.030229
0 0.444531 0.396875 0.018773 0.023107
0 0.236719 0.528125 0.020566 0.026042
0 0.871094 0.60625 0.024565 0.029737
0 0.525781 0.646875 0.024858 0.03202
0 0.427344 0.667708 0.021243 0.027194
0 0.561719 0.726042 0.021761 0.031624
0 0.513281 0.735417 0.021542 0.027554
0 0.926562 0.764583 0.019768 0.025593
0 0.69375 0.794792 0.023385 0.032449
0 0.401562 0.829167 0.021894 0.026105