0 0.095312 0.035417 0.0223 0.028345
0 0.295312 0.04375 0.020551 0.027917
0 0.334375 0.05 0.022971 0.028458
0 0.207031 0.079167 0.024679 0.030191
0 0.1125 0.083333 0.023878 0.029636
0 0.866406 0.107292 0.021701 0.028014
0 0.766406 0.107292 0.018773 0.023107
0 0.169531 0.1125 0.024565 0.029737
0 0.221875 0.1375 0.026107 0.033377
0 0.170313 0.1375 0.021267 0.029091
0 0.924219 0.140625 0.021161 0.025349
0 0.950781 0.145833 0.025088 0.031317
0 0.977344 0.15 0.018939 0.024442
0 0.615625 0.152083 0.019792 0.025321
0 0.960156 0.177083 0.024043 0.032841
0 0.171875 0.173958 0.020566 0.026042
0 0.653125 0.186458 0.023856 0.034731
0 0.40625 0.189583 0.023778 0.030992
0 0.214062 0.204167 0.020566 0.026042
0 0.220312 0.208333 0.020566 0.026042
0 0.367188 0.209375 0.020416 0.025301
0 0.339062 0.217708 0.023521 0.026804
0 0.403906 0.219792 0.021999 0.028864
0 0.647656 0.232292 0.021796 0.02989
0 0.917969 0.235417 0.024584 0.031012
0 0.304688 0.246875 0.02413 0.031832
0 0.222656 0.270833 0.02838 0.035433
0 0.086719 0.290625 0.022111 0.027748
0 0.704688 0.29375 0.023731 0.033941
0 0.684375 0.294792 0.021896 0.030747
0 0.853906 0.295833 0.02475 0.031228
0 0.399219 0.305208 0.01882 0.024173
0 0.694531 0.311458 0.024516 0.030178
0 0.185156 0.315625 0.022227 0.031837
0 0.496875 0.314583 0.018773 0.023107
0 0.819531 0.31875 0.023597 0.02855
0 0.324219 0.327083 0.02466 0.031871
0 0.419531 0.328125 0.021796 0.02989
0 0.480469 0.335417 0.021119 0.029767
0 0.3125 0.340625 0.02551 0.035817
0 0.344531 0.385417 0.025726 0.035186
0 0.148438 0.384375 0.024225 0.030977
0 0.382031 0.390625 0.030696 0.039199
0 0.094531 0.394792 0.025161 0.030661
0 0.546094 0.398958 0.024467 0.034451
0 0.064062 0.4 0.026159 0.03105
0 0.011368 0.408333 0.022737 0.030661
0 0.708594 0.416667 0.022418 0.029062
0 0.542969 0.423958 0.025718 0.036075
0 0.475 0.4375 0.026417 0.032442
0 0.5 0.453125 0.025905 0.030541
0 0.485938 0.452083 0.019574 0.023676
0 0.332031 0.454167 0.021819 0.028356
0 0.534375 0.454167 0.020697 0.026524
0 0.354687 0.466667 0.026996 0.038485
0 0.579688 0.464583 0.026376 0.032785
0 0.483594 0.465625 0.022758 0.030751
0 0.896094 0.467708 0.025885 0.028384
0 0.194531 0.470833 0.022553 0.032021
0 0.952344 0.478125 0.021243 0.027194
0 0.375781 0.479167 0.020325 0.024095
0 0.774219 0.50625 0.024976 0.033622
0 0.139063 0.515625 0.024516 0.030178
0 0.390625 0.520833 0.020416 0.025301
0 0.410938 0.521875 0.020046 0.026244
0 0.45625 0.532292 0.026124 0.031426
0 0.035156 0.542708 0.020566 0.026042
0 0.547656 0.545833 0.022128 0.030307
0 0.407813 0.546875 0.022418 0.029062
0 0.232031 0.565625 0.018773 0.023107
0 0.339062 0.567708 0.019531 0.026042
0 0.989062 0.571875 0.019925 0.025905
0 0.499219 0.592708 0.019683 0.026728
0 0.032813 0.595833 0.024359 0.033115
0 0.359375 0.6 0.023319 0.029672
0 0.525781 0.617708 0.025424 0.031337
0 0.9375 0.61875 0.02168 0.028193
0 0.409375 0.629167 0.027016 0.037416
0 0.503906 0.628125 0.022995 0.032052
0 0.627344 0.627083 0.023456 0.028163
0 0.910156 0.63125 0.017759 0.024215
0 0.603125 0.645833 0.019925 0.025905
0 0.846875 0.652083 0.026791 0.030701
0 0.278125 0.664583 0.024943 0.034642
0 0.602344 0.667708 0.027677 0.039497
0 0.6125 0.673958 0.02032 0.023137
0 0.882031 0.698958 0.024908 0.035484
0 0.039062 0.695833 0.023511 0.028281
0 0.804688 0.701042 0.032546 0.038932
0 0.548438 0.70625 0.019893 0.027596
0 0.125 0.719792 0.023476 0.030208
0 0.561719 0.729167 0.021479 0.027243
0 0.764844 0.730208 0.018773 0.023107
0 0.349219 0.734375 0.021362 0.02664
0 0.867969 0.740625 0.021618 0.02791
0 0.45625 0.744792 0.020231 0.026656
0 0.053906 0.751042 0.019574 0.023676
0 0.125781 0.75625 0.022186 0.028591
0 0.014844 0.7625 0.025905 0.033963
0 0.163281 0.761458 0.018773 0.023107
0 0.764062 0.763542 0.019531 0.027421
0 0.471875 0.777083 0.020517 0.029536
0 0.838281 0.776042 0.021339 0.026862
0 0.561719 0.780208 0.023952 0.034149
0 0.853906 0.778125 0.024516 0.030178
0 0.489844 0.780208 0.022254 0.02805
0 0.160938 0.798958 0.03156 0.038326
0 0.307031 0.795833 0.023778 0.030992
0 0.883594 0.798958 0.021989 0.028877
0 0.034375 0.813542 0.026389 0.034301
0 0.592187 0.817708 0.023227 0.029506
0 0.578125 0.827083 0.019574 0.023676
0 0.601562 0.829167 0.025018 0.030234
0 0.816406 0.827083 0.018827 0.023629
0 0.5875 0.855208 0.027624 0.03239
0 0.657813 0.894792 0.024043 0.032841
0 0.639844 0.914583 0.019627 0.024405
0 0.507812 0.935417 0.023878 0.029636
0 0.260156 0.946875 0.022128 0.030307
0 0.234375 0.953125 0.024188 0.03293
0 0.455469 0.983552 0.025282 0.032896