0 0.253125 0.012001 0.02585 0.024002
0 0.641406 0.030208 0.020058 0.027568
0 0.502344 0.047917 0.018921 0.024472
0 0.113281 0.053125 0.022758 0.030751
0 0.511719 0.070833 0.026273 0.033081
0 0.285156 0.078125 0.020566 0.026042
0 0.490625 0.095833 0.01971 0.025332
0 0.946875 0.121875 0.024773 0.03628
0 0.292969 0.179167 0.026823 0.032782
0 0.575781 0.191667 0.025086 0.031874
0 0.845313 0.216667 0.019925 0.025905
0 0.744531 0.257292 0.021989 0.028877
0 0.239844 0.2625 0.022254 0.02805
0 0.146094 0.340625 0.02077 0.027051
0 0.939844 0.345833 0.026034 0.036852
0 0.445312 0.347917 0.023293 0.029834
0 0.010956 0.402083 0.021912 0.028281
0 0.885156 0.45625 0.021362 0.02664
0 0.992655 0.467708 0.01469 0.024589
0 0.235937 0.477083 0.026593 0.033416
0 0.609375 0.480208 0.029919 0.036775
0 0.597656 0.489583 0.022265 0.030253
0 0.161719 0.503125 0.024496 0.029918
0 0.564844 0.517708 0.021264 0.026134
0 0.307812 0.546875 0.026643 0.033424
0 0.659375 0.552083 0.026056 0.039077
0 0.920312 0.553125 0.025928 0.037207
0 0.83125 0.559375 0.017759 0.024215
0 0.582031 0.567708 0.018773 0.023107
0 0.853125 0.569792 0.019792 0.025321
0 0.284375 0.59375 0.024162 0.031385
0 0.3 0.602083 0.019792 0.025321
0 0.450781 0.61875 0.019558 0.02407
0 0.796094 0.630208 0.023232 0.0323
0 0.147656 0.641667 0.021701 0.028014
0 0.467969 0.65 0.017759 0.024215
0 0.107031 0.65625 0.021314 0.02663
0 0.575 0.655208 0.019733 0.025046
0 0.586719 0.663542 0.021339 0.026862
0 0.708594 0.670833 0.018331 0.025253
0 0.65 0.817708 0.026013 0.031157
0 0.292187 0.822917 0.018939 0.024442
0 0.183594 0.938542 0.021819 0.028356
0 0.525 0.967708 0.020801 0.028133
0 0.111719 0.984375 0.020697 0.026524