0 0.53125 0.028125 0.024736 0.034375
0 0.591406 0.027083 0.021105 0.028403
0 0.427344 0.052083 0.018561 0.025359
0 0.279687 0.119792 0.020328 0.024087
0 0.899219 0.125 0.022128 0.030307
0 0.397656 0.130208 0.027652 0.036036
0 0.903906 0.159375 0.021259 0.028345
0 0.7625 0.166667 0.027605 0.033962
0 0.066406 0.232292 0.021887 0.025097
0 0.567969 0.283333 0.022418 0.029062
0 0.861719 0.283333 0.024975 0.031796
0 0.516406 0.351042 0.029369 0.035583
0 0.545312 0.404167 0.033533 0.041419
0 0.349219 0.409375 0.02431 0.030289
0 0.467969 0.448958 0.027597 0.033767
0 0.278125 0.46875 0.02569 0.03355
0 0.553906 0.46875 0.025217 0.033302
0 0.171094 0.486458 0.024564 0.030774
0 0.938281 0.502083 0.030983 0.03584
0 0.148438 0.552083 0.024586 0.037932
0 0.674219 0.548958 0.026156 0.035428
0 0.670312 0.564583 0.020479 0.026286
0 0.603906 0.596875 0.026189 0.036773
0 0.761719 0.610417 0.025806 0.027353
0 0.01875 0.614583 0.026775 0.030454
0 0.033594 0.621875 0.021339 0.026862
0 0.16875 0.627083 0.02032 0.023137
0 0.647656 0.641667 0.024885 0.038061
0 0.015083 0.665625 0.030165 0.041083
0 0.864062 0.65625 0.018773 0.023107
0 0.669531 0.663542 0.029952 0.038191
0 0.159375 0.709375 0.027349 0.034246
0 0.691406 0.705208 0.018773 0.023107
0 0.274219 0.727083 0.02168 0.028193
0 0.277344 0.742708 0.025472 0.034539
0 0.012765 0.758333 0.025531 0.03239
0 0.463281 0.767708 0.024319 0.034057
0 0.128125 0.776042 0.024436 0.029089
0 0.844531 0.789583 0.024516 0.030178
0 0.419531 0.8 0.030786 0.037316
0 0.497656 0.795833 0.0223 0.028345
0 0.922656 0.802083 0.018921 0.024472
0 0.594531 0.854167 0.025591 0.031969
0 0.860938 0.859375 0.019531 0.027421
0 0.403906 0.871875 0.019574 0.023676
0 0.938281 0.884375 0.021161 0.025349
0 0.904687 0.986637 0.020147 0.026726