0 0.810937 0.104167 0.019909 0.025929
0 0.692187 0.15625 0.020341 0.025073
0 0.45 0.198958 0.022664 0.023745
0 0.611719 0.254167 0.02306 0.029195
0 0.295312 0.264583 0.019627 0.024405
0 0.274219 0.3 0.021504 0.027927
0 0.170313 0.35625 0.018773 0.023107
0 0.129688 0.447917 0.02426 0.027326
0 0.388281 0.491667 0.027671 0.037476
0 0.765625 0.638542 0.020416 0.025301
0 0.484375 0.670833 0.020537 0.027934
0 0.815625 0.732292 0.029291 0.039055
0 0.890625 0.845833 0.023103 0.02886
0 0.589844 0.905208 0.022828 0.030437