0 0.573438 0.05 0.020365 0.026164
0 0.09375 0.166667 0.020328 0.024087
0 0.274219 0.280208 0.018827 0.023629
0 0.267969 0.286458 0.018876 0.02557
0 0.986719 0.357292 0.020566 0.026042
0 0.649219 0.53125 0.021247 0.027272
0 0.269531 0.65 0.021243 0.027194
0 0.488281 0.740625 0.021339 0.026862
0 0.652344 0.788542 0.021198 0.026257
0 0.639062 0.810417 0.019531 0.027421
0 0.479687 0.857292 0.023862 0.035072
0 0.938281 0.860417 0.021542 0.027554
0 0.057813 0.872917 0.021198 0.026257
0 0.710156 0.892708 0.02287 0.028488