0 0.449219 0.113542 0.024988 0.032589
0 0.233594 0.116667 0.018773 0.023107
0 0.464844 0.217708 0.027678 0.033246
0 0.25 0.295833 0.023821 0.030088
0 0.434375 0.295833 0.026159 0.03105
0 0.317188 0.364583 0.019627 0.024405
0 0.136719 0.446875 0.025095 0.028633
0 0.16875 0.45625 0.028178 0.0296
0 0.732031 0.45625 0.020325 0.024095
0 0.742188 0.477083 0.022995 0.032052
0 0.653906 0.490625 0.02143 0.027648
0 0.267969 0.527083 0.027525 0.035305
0 0.415625 0.542708 0.024669 0.036072
0 0.892969 0.614583 0.024584 0.031012
0 0.120313 0.628125 0.023293 0.029834
0 0.041406 0.639583 0.025325 0.034489
0 0.314844 0.66875 0.02537 0.032683
0 0.357812 0.689583 0.02732 0.035414
0 0.803125 0.758333 0.023325 0.031295
0 0.363281 0.851042 0.025249 0.036187
0 0.394531 0.898958 0.028336 0.033814
0 0.784375 0.9125 0.023232 0.0323