0 0.660156 0.01635 0.023952 0.032699
0 0.725781 0.016667 0.018561 0.025359
0 0.621875 0.025 0.02317 0.029214
0 0.589063 0.025 0.020058 0.027568
0 0.807031 0.032292 0.02537 0.032683
0 0.057813 0.03125 0.021701 0.028014
0 0.620313 0.055208 0.023074 0.031044
0 0.416406 0.059375 0.02143 0.027648
0 0.739844 0.061458 0.021999 0.028864
0 0.100781 0.089583 0.026011 0.035464
0 0.223438 0.092708 0.022729 0.02728
0 0.589844 0.104167 0.024291 0.029293
0 0.665625 0.10625 0.018756 0.022285
0 0.696875 0.107292 0.019909 0.025929
0 0.985938 0.123958 0.024133 0.036816
0 0.154688 0.136458 0.027426 0.030596
0 0.708594 0.140625 0.026011 0.035464
0 0.483594 0.145833 0.018921 0.024472
0 0.866406 0.146875 0.023028 0.030998
0 0.500781 0.158333 0.021239 0.025868
0 0.703125 0.165625 0.029185 0.036894
0 0.428125 0.170833 0.020416 0.025301
0 0.251563 0.188542 0.026045 0.036005
0 0.642188 0.191667 0.022558 0.029051
0 0.215625 0.210417 0.029519 0.044785
0 0.817969 0.217708 0.025164 0.03766
0 0.282031 0.215625 0.02168 0.028193
0 0.657031 0.236458 0.021819 0.028356
0 0.800781 0.239583 0.021161 0.025349
0 0.592187 0.252083 0.023654 0.029634
0 0.284375 0.254167 0.025219 0.029986
0 0.271875 0.264583 0.026281 0.032051
0 0.236719 0.26875 0.026061 0.032032
0 0.404687 0.279167 0.019733 0.025046
0 0.439844 0.280208 0.021989 0.028877
0 0.539062 0.283333 0.023644 0.029463
0 0.329688 0.2875 0.029838 0.033887
0 0.653125 0.295833 0.029632 0.037872
0 0.15625 0.309375 0.023874 0.032174
0 0.467187 0.319792 0.020801 0.028133
0 0.399219 0.33125 0.028577 0.036218
0 0.81875 0.33125 0.028149 0.029361
0 0.2875 0.334375 0.027349 0.034246
0 0.011983 0.357292 0.023967 0.029918
0 0.296875 0.359375 0.023293 0.029834
0 0.345313 0.364583 0.019574 0.023676
0 0.250781 0.375 0.028685 0.034477
0 0.664844 0.375 0.021479 0.027243
0 0.726562 0.377083 0.018756 0.022285
0 0.558594 0.382292 0.021819 0.028356
0 0.853906 0.398958 0.02377 0.034186
0 0.584375 0.401042 0.027028 0.034532
0 0.264844 0.433333 0.021701 0.028014
0 0.603906 0.452083 0.027872 0.033345
0 0.695312 0.452083 0.02287 0.028488
0 0.164844 0.46875 0.027522 0.031911
0 0.971094 0.471875 0.021542 0.027554
0 0.178906 0.483333 0.028696 0.035787
0 0.803906 0.489583 0.028308 0.031376
0 0.142969 0.4875 0.022664 0.023745
0 0.430469 0.508333 0.021921 0.025381
0 0.610938 0.5125 0.026593 0.033416
0 0.464062 0.511458 0.02095 0.027383
0 0.771875 0.5125 0.023878 0.029636
0 0.483594 0.515625 0.026061 0.032032
0 0.261719 0.525 0.027816 0.03591
0 0.835938 0.529167 0.026624 0.038226
0 0.960156 0.528125 0.023521 0.026804
0 0.465625 0.540625 0.019925 0.025905
0 0.670312 0.557292 0.026105 0.0312
0 0.949219 0.566667 0.027736 0.03412
0 0.582031 0.565625 0.019627 0.024405
0 0.273438 0.5875 0.022937 0.028155
0 0.840625 0.6 0.023432 0.030501
0 0.902344 0.596875 0.018561 0.025359
0 0.567187 0.602083 0.025957 0.03004
0 0.09375 0.620833 0.026515 0.035142
0 0.628906 0.622917 0.02475 0.031228
0 0.544531 0.638542 0.031629 0.040107
0 0.136719 0.65 0.021161 0.025349
0 0.050781 0.65625 0.02741 0.03344
0 0.742188 0.667708 0.019925 0.025905
0 0.045312 0.675 0.023319 0.029672
0 0.848437 0.676042 0.022226 0.031538
0 0.150781 0.690625 0.03014 0.03652
0 0.696875 0.692708 0.021542 0.027554
0 0.629687 0.694792 0.022815 0.027608
0 0.765625 0.711458 0.026496 0.036437
0 0.471875 0.726042 0.019909 0.025929
0 0.604688 0.729167 0.019925 0.025905
0 0.839063 0.734375 0.020134 0.027719
0 0.546875 0.754167 0.030304 0.037003
0 0.988446 0.752083 0.023109 0.033963
0 0.516406 0.759375 0.02838 0.035433
0 0.614844 0.773958 0.031755 0.039343
0 0.709375 0.78125 0.023325 0.031295
0 0.475 0.79375 0.026715 0.032642
0 0.575 0.803125 0.019909 0.025929
0 0.453906 0.811458 0.017658 0.024165
0 0.973437 0.822917 0.024043 0.032841
0 0.865625 0.839583 0.027027 0.036869
0 0.503906 0.841667 0.024975 0.031796
0 0.964063 0.855208 0.018999 0.02628
0 0.05 0.864583 0.026376 0.032785
0 0.627344 0.880208 0.019429 0.026567
0 0.110156 0.889583 0.027872 0.033345
0 0.796094 0.892708 0.020537 0.027934
0 0.902344 0.904167 0.025086 0.031874
0 0.828125 0.908333 0.028303 0.032876
0 0.453125 0.915625 0.026966 0.034781
0 0.600781 0.922917 0.019178 0.025168
0 0.828125 0.959375 0.023654 0.030791
0 0.726562 0.965625 0.019893 0.027596
0 0.683594 0.972917 0.031481 0.033424
0 0.5 0.983333 0.024377 0.029518