0 0.596094 0.020156 0.032996 0.040311
0 0.039062 0.03125 0.039197 0.054259
0 0.141406 0.019792 0.021161 0.025349
0 0.878125 0.04375 0.029002 0.040483
0 0.267969 0.080208 0.034078 0.043031
0 0.686719 0.076042 0.021259 0.029733
0 0.619531 0.079167 0.022143 0.027371
0 0.314063 0.091667 0.030668 0.039358
0 0.748437 0.105208 0.029623 0.036902
0 0.671094 0.114583 0.01971 0.025332
0 0.867188 0.139583 0.026402 0.034282
0 0.745313 0.145833 0.022268 0.032512
0 0.346094 0.161458 0.018096 0.024127
0 0.632812 0.170833 0.021885 0.028544
0 0.24375 0.191667 0.031589 0.039039
0 0.361719 0.190625 0.021333 0.026872
0 0.105469 0.195833 0.027491 0.033647
0 0.127344 0.229167 0.030585 0.036812
0 0.039844 0.228125 0.02237 0.031064
0 0.054688 0.226042 0.022868 0.029857
0 0.083594 0.230208 0.018048 0.02325
0 0.196875 0.239583 0.025086 0.031874
0 0.403906 0.251042 0.047806 0.059826
0 0.096094 0.260417 0.018008 0.02309
0 0.298438 0.288542 0.021915 0.02956
0 0.370312 0.292708 0.027698 0.037506
0 0.425781 0.286458 0.020566 0.026042
0 0.576562 0.302083 0.02794 0.033442
0 0.477344 0.310417 0.037676 0.04713
0 0.279687 0.316667 0.038549 0.048335
0 0.982031 0.311458 0.027558 0.032833
0 0.139844 0.320833 0.040378 0.048826
0 0.764062 0.311458 0.022937 0.028155
0 0.457031 0.329167 0.027056 0.034291
0 0.767188 0.340625 0.022558 0.029051
0 0.460156 0.338542 0.019534 0.022292
0 0.380469 0.345833 0.025695 0.034958
0 0.453906 0.340625 0.019542 0.02313
0 0.075 0.353125 0.036496 0.04323
0 0.016406 0.355208 0.032367 0.040231
0 0.502344 0.358333 0.020537 0.027934
0 0.759375 0.372917 0.019558 0.02407
0 0.371094 0.378125 0.018008 0.02309
0 0.482031 0.396875 0.043164 0.065824
0 0.504687 0.385417 0.023556 0.02766
0 0.169531 0.39375 0.033201 0.037881
0 0.63125 0.41875 0.030265 0.051573
0 0.18125 0.410417 0.018756 0.022285
0 0.9 0.422917 0.020046 0.026244
0 0.057813 0.445833 0.043659 0.054237
0 0.607031 0.4375 0.019579 0.029192
0 0.746094 0.440625 0.021443 0.029582
0 0.635156 0.457292 0.048126 0.065689
0 0.939844 0.446875 0.018773 0.023107
0 0.516406 0.457292 0.018008 0.02309
0 0.950781 0.472917 0.018561 0.025359
0 0.442969 0.492708 0.047981 0.060152
0 0.19375 0.483333 0.022937 0.028155
0 0.075781 0.505208 0.025781 0.032981
0 0.076563 0.521875 0.022111 0.027748
0 0.474219 0.528125 0.026132 0.039817
0 0.789062 0.521875 0.024229 0.024547
0 0.025 0.522917 0.018342 0.027161
0 0.152344 0.523958 0.019531 0.023958
0 0.711719 0.533333 0.017759 0.024215
0 0.020313 0.5625 0.038282 0.067196
0 0.690625 0.551042 0.023964 0.032621
0 0.889844 0.555208 0.018756 0.022285
0 0.751563 0.563542 0.020566 0.026042
0 0.101562 0.569792 0.018769 0.023116
0 0.623437 0.583333 0.03516 0.043072
0 0.267188 0.590625 0.029839 0.043891
0 0.226562 0.583333 0.021314 0.02663
0 0.361719 0.591667 0.01902 0.024748
0 0.226562 0.595833 0.024384 0.02969
0 0.529687 0.597917 0.017757 0.026099
0 0.650781 0.608333 0.028225 0.038322
0 0.616406 0.604167 0.019733 0.025046
0 0.325 0.6375 0.017721 0.025103
0 0.476562 0.638542 0.019119 0.025492
0 0.340625 0.646875 0.032085 0.039615
0 0.366406 0.648958 0.018756 0.022285
0 0.421094 0.657292 0.019792 0.025321
0 0.797656 0.66875 0.028378 0.036954
0 0.164062 0.669792 0.027936 0.034874
0 0.313281 0.672917 0.032824 0.039593
0 0.407813 0.666667 0.018939 0.024442
0 0.600781 0.675 0.024837 0.032478
0 0.2375 0.673958 0.020432 0.028638
0 0.480469 0.71875 0.02003 0.029373
0 0.102344 0.720833 0.020441 0.025129
0 0.241406 0.736458 0.01733 0.02503
0 0.192188 0.741667 0.021542 0.029952
0 0.012649 0.752083 0.025298 0.035894
0 0.099219 0.748958 0.017438 0.024063
0 0.450781 0.748958 0.018756 0.022285
0 0.686719 0.759375 0.025376 0.034895
0 0.025 0.764583 0.025589 0.035797
0 0.476562 0.791667 0.056751 0.073936
0 0.414062 0.773958 0.021339 0.026862
0 0.628906 0.788542 0.02168 0.028193
0 0.033594 0.815625 0.025853 0.032508
0 0.695312 0.820833 0.020697 0.026524
0 0.266406 0.829167 0.033071 0.039125
0 0.750781 0.833333 0.023319 0.029672
0 0.458594 0.832292 0.019178 0.025168
0 0.396094 0.848958 0.030477 0.033359
0 0.098437 0.845833 0.019925 0.025905
0 0.747656 0.894792 0.025199 0.034763
0 0.697656 0.909375 0.019627 0.024405
0 0.727344 0.921875 0.024956 0.041857
0 0.528125 0.920833 0.019531 0.027421
0 0.824219 0.948958 0.018561 0.025359
0 0.636719 0.958333 0.026195 0.032242
0 0.667188 0.973958 0.028262 0.03619
0 0.549219 0.976042 0.025984 0.029621
0 0.560156 0.972917 0.023556 0.02766
0 0.139063 0.985417 0.019574 0.023676