0 0.426563 0.052083 0.019195 0.026357
0 0.414062 0.122917 0.0201 0.026364
0 0.6375 0.154167 0.019909 0.025929
0 0.121875 0.179167 0.022937 0.028155
0 0.700781 0.260417 0.017759 0.024215
0 0.977344 0.280208 0.018331 0.025253
0 0.528125 0.288542 0.017835 0.025128
0 0.889844 0.313542 0.018561 0.025359
0 0.33125 0.353125 0.019574 0.023676
0 0.698438 0.371875 0.019119 0.025492
0 0.816406 0.386458 0.026734 0.03772
0 0.589063 0.404167 0.023026 0.028919
0 0.55625 0.410417 0.024481 0.03562
0 0.353125 0.414583 0.019792 0.025321
0 0.625 0.46875 0.022883 0.028677
0 0.775781 0.484375 0.018561 0.025359
0 0.359375 0.554167 0.019992 0.026974
0 0.117188 0.594792 0.0223 0.028345
0 0.276562 0.626042 0.021582 0.032612
0 0.517969 0.672917 0.023227 0.029506
0 0.300781 0.746875 0.027691 0.037805
0 0.596875 0.741667 0.018442 0.024589
0 0.253906 0.780208 0.018331 0.025253
0 0.060156 0.880208 0.019574 0.023676
0 0.216406 0.909375 0.021339 0.026862