0 0.930469 0.008909 0.02032 0.017819
0 0.09375 0.064583 0.019339 0.027372
0 0.286719 0.182292 0.020313 0.025
0 0.399219 0.196875 0.021949 0.026392
0 0.033594 0.245833 0.022729 0.02728
0 0.33125 0.258333 0.019574 0.023676
0 0.235937 0.26875 0.020661 0.028728
0 0.188281 0.270833 0.027351 0.029213
0 0.3875 0.28125 0.01733 0.02503
0 0.797656 0.282292 0.020566 0.026042
0 0.385937 0.288542 0.02032 0.023137
0 0.173437 0.3125 0.02077 0.027051
0 0.152344 0.329167 0.018876 0.02557
0 0.410156 0.359375 0.020938 0.027401
0 0.354687 0.367708 0.018827 0.023629
0 0.170313 0.377083 0.017438 0.024063
0 0.646094 0.380208 0.020566 0.026042
0 0.232813 0.380208 0.019925 0.025905
0 0.800781 0.397917 0.023441 0.024113
0 0.429688 0.401042 0.019627 0.024405
0 0.126562 0.403125 0.020566 0.026042
0 0.478906 0.415625 0.028924 0.035536
0 0.885156 0.422917 0.021999 0.028864
0 0.201563 0.430208 0.020352 0.025177
0 0.925 0.44375 0.037775 0.047313
0 0.513281 0.435417 0.021239 0.025868
0 0.067187 0.473958 0.018939 0.024442
0 0.297656 0.505208 0.021701 0.028014
0 0.196094 0.508333 0.020341 0.025073
0 0.475781 0.53125 0.02982 0.042102
0 0.841406 0.529167 0.024565 0.029737
0 0.073438 0.53125 0.018827 0.023629
0 0.328906 0.546875 0.019627 0.024405
0 0.413281 0.56875 0.018939 0.024442
0 0.334375 0.586458 0.019053 0.030252
0 0.158594 0.605208 0.021018 0.034508
0 0.195312 0.654167 0.032648 0.047088
0 0.638281 0.675 0.025714 0.032015
0 0.310937 0.672917 0.020566 0.026042
0 0.477344 0.682292 0.020494 0.032346
0 0.051562 0.702083 0.021894 0.026105
0 0.474219 0.7375 0.042883 0.049507
0 0.425781 0.7375 0.020371 0.024457
0 0.710938 0.753125 0.016714 0.025008
0 0.774219 0.761458 0.02914 0.036204
0 0.989239 0.765625 0.021522 0.02736
0 0.142969 0.847917 0.022858 0.027444
0 0.661719 0.859375 0.018008 0.02309
0 0.9875 0.867708 0.019065 0.031282
0 0.432812 0.872917 0.020341 0.025073
0 0.216406 0.897917 0.018331 0.025253
0 0.133594 0.9125 0.020339 0.023705