0 0.622656 0.012082 0.020422 0.024163
0 0.201563 0.020833 0.021887 0.025097
0 0.155469 0.028125 0.021259 0.029733
0 0.367188 0.030208 0.019909 0.025929
0 0.576562 0.034375 0.023778 0.030992
0 0.259375 0.044792 0.020046 0.026244
0 0.4625 0.045833 0.021161 0.025349
0 0.755469 0.070833 0.025905 0.033963
0 0.358594 0.069792 0.024733 0.030499
0 0.710156 0.126042 0.018304 0.026169
0 0.014844 0.128125 0.022111 0.027748
0 0.020313 0.140625 0.019733 0.025046
0 0.01875 0.148958 0.019531 0.026042
0 0.81875 0.173958 0.023654 0.029634
0 0.829688 0.192708 0.022883 0.028677
0 0.597656 0.19375 0.021145 0.028907
0 0.685937 0.203125 0.022729 0.02728
0 0.005922 0.213542 0.011844 0.024063
0 0.523438 0.21875 0.023293 0.029834
0 0.770312 0.235417 0.0201 0.026364
0 0.013281 0.24375 0.020046 0.026244
0 0.219531 0.247917 0.018008 0.02309
0 0.239844 0.260417 0.018008 0.02309
0 0.440625 0.267708 0.026966 0.033171
0 0.464844 0.279167 0.021479 0.027243
0 0.282813 0.284375 0.019925 0.025905
0 0.546094 0.291667 0.019792 0.025321
0 0.400781 0.317708 0.018008 0.02309
0 0.18125 0.39375 0.024847 0.031127
0 0.978125 0.428125 0.029381 0.033967
0 0.390625 0.435417 0.026524 0.033859
0 0.771094 0.430208 0.021161 0.025349
0 0.1 0.441667 0.026214 0.04112
0 0.732031 0.444792 0.024436 0.029089
0 0.496875 0.458333 0.03332 0.043488
0 0.8375 0.45625 0.019909 0.025929
0 0.949219 0.466667 0.020801 0.028133
0 0.338281 0.489583 0.020328 0.024087
0 0.832812 0.505208 0.020676 0.026744
0 0.529687 0.515625 0.020537 0.027934
0 0.890625 0.522917 0.025197 0.031603
0 0.239063 0.532292 0.025042 0.032134
0 0.346875 0.578125 0.019627 0.024405
0 0.584375 0.590625 0.018939 0.024442
0 0.628906 0.6 0.028514 0.038689
0 0.885156 0.60625 0.02143 0.027648
0 0.921875 0.628125 0.023592 0.030549
0 0.903906 0.634375 0.021259 0.028345
0 0.747656 0.639583 0.025086 0.031874
0 0.901563 0.690625 0.020676 0.026744
0 0.7625 0.740625 0.020537 0.027934
0 0.472656 0.758333 0.020566 0.026042
0 0.584375 0.807292 0.019627 0.024405
0 0.865625 0.8125 0.023026 0.028919
0 0.754687 0.825 0.019638 0.024534
0 0.986719 0.8375 0.019178 0.025168
0 0.728906 0.841667 0.020811 0.029482
0 0.858594 0.851042 0.021819 0.028356
0 0.834375 0.865625 0.021701 0.028014
0 0.585938 0.908333 0.026275 0.033933
0 0.871094 0.90625 0.017759 0.024215
0 0.685156 0.916667 0.020328 0.024087
0 0.633594 0.932292 0.018691 0.025445
0 0.640625 0.948958 0.022729 0.02728
0 0.664844 0.955208 0.018773 0.023107
0 0.926562 0.96875 0.020566 0.026042
0 0.757812 0.98771 0.020046 0.02458
0 0.788281 0.991619 0.018773 0.016762