0 0.840625 0.029167 0.020416 0.025301
0 0.826562 0.030208 0.019768 0.025593
0 0.534375 0.079167 0.018939 0.024442
0 0.022656 0.089583 0.021479 0.027243
0 0.075 0.160417 0.021222 0.032511
0 0.864062 0.236458 0.019531 0.027421
0 0.498437 0.414583 0.021796 0.030069
0 0.832812 0.489583 0.021542 0.027554
0 0.836719 0.567708 0.021264 0.026134
0 0.461719 0.613542 0.019178 0.025168
0 0.951562 0.6625 0.022707 0.026328
0 0.313281 0.667708 0.023768 0.032356
0 0.699219 0.740625 0.021479 0.027243
0 0.225781 0.865625 0.018939 0.024442
0 0.941406 0.871875 0.021788 0.030078
0 0.272656 0.955208 0.021819 0.028356
0 0.416406 0.982292 0.024336 0.03118