0 0.3625 0.129167 0.026757 0.03663
0 0.249219 0.148958 0.025217 0.033302
0 0.382031 0.282292 0.025243 0.032454
0 0.707812 0.34375 0.026048 0.031808
0 0.1875 0.346875 0.026848 0.034118
0 0.589844 0.460417 0.025753 0.033716
0 0.2625 0.51875 0.022912 0.031456
0 0.413281 0.529167 0.027412 0.038947
0 0.363281 0.534375 0.023319 0.029672
0 0.071094 0.557292 0.020801 0.028133
0 0.264062 0.601042 0.029429 0.035032
0 0.120313 0.615625 0.022129 0.030969
0 0.076563 0.7 0.022764 0.031881
0 0.104688 0.73125 0.02317 0.029214
0 0.453125 0.754167 0.019574 0.023676
0 0.192188 0.897917 0.023438 0.03125
0 0.140625 0.977083 0.021656 0.028229