0 0.109375 0.069792 0.01882 0.024173
0 0.8 0.073958 0.0223 0.028345
0 0.614844 0.140625 0.021989 0.028877
0 0.638281 0.152083 0.024496 0.029918
0 0.921094 0.183333 0.021314 0.02663
0 0.714844 0.247917 0.022152 0.027355
0 0.707812 0.261458 0.023339 0.03403
0 0.647656 0.275 0.021119 0.029767
0 0.832812 0.278125 0.020204 0.029401
0 0.636719 0.344792 0.021198 0.026257
0 0.307812 0.379167 0.023103 0.02886
0 0.675 0.409375 0.024318 0.031312
0 0.811719 0.427083 0.022227 0.031837
0 0.700781 0.494792 0.021788 0.030078
0 0.127344 0.564583 0.024436 0.029089
0 0.396094 0.946875 0.01882 0.024173
0 0.140625 0.986681 0.020072 0.026637