0 0.085156 0.007584 0.020328 0.015169
0 0.492969 0.046875 0.023232 0.0323
0 0.808594 0.0875 0.022995 0.032052
0 0.755469 0.117708 0.023298 0.029827
0 0.585156 0.179167 0.021323 0.026425
0 0.696094 0.204167 0.021804 0.02852
0 0.257812 0.240625 0.022945 0.029561
0 0.148438 0.285417 0.026279 0.035676
0 0.428125 0.31875 0.025918 0.029193
0 0.199219 0.40625 0.021804 0.02852
0 0.588281 0.490625 0.021479 0.027243
0 0.346094 0.516667 0.02525 0.032349
0 0.646875 0.51875 0.02292 0.033794
0 0.372656 0.565625 0.018773 0.023107
0 0.482812 0.665625 0.024291 0.029293
0 0.3875 0.6875 0.022768 0.026762
0 0.971094 0.734375 0.025095 0.028633
0 0.151562 0.832292 0.022729 0.02728
0 0.25 0.839583 0.027729 0.032708
0 0.226562 0.904167 0.024733 0.030499
0 0.096875 0.936458 0.027279 0.037581
0 0.3 0.966667 0.024033 0.032854