0 0.805469 0.020162 0.029196 0.040324
0 0.616406 0.022917 0.02714 0.033665
0 0.707031 0.033333 0.020328 0.024087
0 0.746875 0.042708 0.023964 0.032621
0 0.686719 0.05625 0.024336 0.03118
0 0.6 0.1 0.029734 0.036694
0 0.7625 0.097917 0.026159 0.033642
0 0.545312 0.1 0.028598 0.034664
0 0.157812 0.120833 0.027003 0.034726
0 0.26875 0.117708 0.022128 0.030307
0 0.234375 0.123958 0.027593 0.0349
0 0.396094 0.120833 0.021339 0.026862
0 0.820312 0.146875 0.022766 0.03074
0 0.575 0.146875 0.020566 0.026042
0 0.450781 0.148958 0.019909 0.025929
0 0.205469 0.166667 0.020328 0.024087
0 0.317969 0.185417 0.028381 0.036815
0 0.460938 0.185417 0.018773 0.023107
0 0.488281 0.194792 0.025998 0.03813
0 0.988805 0.194792 0.02239 0.034451
0 0.316406 0.196875 0.018773 0.023107
0 0.6625 0.2375 0.027349 0.034246
0 0.403906 0.241667 0.027468 0.032673
0 0.427344 0.244792 0.031448 0.037975
0 0.576562 0.245833 0.027603 0.031194
0 0.794531 0.266667 0.020441 0.025129
0 0.820312 0.286458 0.024584 0.031012
0 0.28125 0.327083 0.030086 0.038025
0 0.528906 0.354167 0.03089 0.038487
0 0.619531 0.358333 0.024084 0.035848
0 0.603906 0.354167 0.018008 0.02309
0 0.41875 0.425 0.019574 0.023676
0 0.434375 0.425 0.021978 0.027245
0 0.438281 0.435417 0.021796 0.02989
0 0.94375 0.453125 0.029067 0.042905
0 0.78125 0.463542 0.019574 0.023676
0 0.472656 0.477083 0.029083 0.033854
0 0.757812 0.472917 0.0197 0.025227
0 0.542188 0.48125 0.026763 0.037361
0 0.632031 0.480208 0.018304 0.026169
0 0.623437 0.489583 0.019638 0.024534
0 0.464844 0.495833 0.027016 0.037416
0 0.861719 0.519792 0.024975 0.031796
0 0.532813 0.520833 0.020537 0.027934
0 0.547656 0.520833 0.020328 0.024087
0 0.164844 0.523958 0.019574 0.023676
0 0.427344 0.528125 0.027235 0.034462
0 0.914844 0.529167 0.020811 0.029482
0 0.541406 0.539583 0.024161 0.03436
0 0.803906 0.542708 0.028411 0.044269
0 0.728125 0.536458 0.0197 0.025227
0 0.364844 0.545833 0.021667 0.027913
0 0.86875 0.592708 0.019992 0.026974
0 0.465625 0.604167 0.026175 0.03679
0 0.442188 0.614583 0.026275 0.033933
0 0.502344 0.629167 0.024584 0.031012
0 0.623437 0.653125 0.026522 0.036229
0 0.425 0.658333 0.020371 0.024457
0 0.866406 0.688542 0.025032 0.034809
0 0.988281 0.703125 0.018999 0.02628
0 0.822656 0.713542 0.024652 0.030465
0 0.4 0.71875 0.026593 0.033416
0 0.8125 0.739583 0.025513 0.033411
0 0.659375 0.740625 0.019768 0.025593
0 0.403906 0.752083 0.023556 0.02766
0 0.374219 0.767708 0.03294 0.032838
0 0.885938 0.769792 0.019574 0.023676
0 0.349219 0.771875 0.021239 0.025868
0 0.600781 0.772917 0.020441 0.025129
0 0.182812 0.797917 0.0201 0.026364
0 0.253906 0.844792 0.02892 0.037994
0 0.394531 0.85625 0.021339 0.026862
0 0.119531 0.8625 0.021239 0.025868
0 0.082031 0.86875 0.021339 0.026862
0 0.270313 0.878125 0.026823 0.032782
0 0.546094 0.876042 0.01882 0.024173
0 0.658594 0.880208 0.020566 0.026042
0 0.421094 0.883333 0.02365 0.028234
0 0.239063 0.89375 0.023026 0.028919
0 0.329688 0.9125 0.030739 0.036168
0 0.569531 0.923958 0.023588 0.03325
0 0.577344 0.920833 0.016719 0.026046
0 0.563281 0.939583 0.024436 0.029089
0 0.648438 0.963464 0.064032 0.073072
0 0.092969 0.945833 0.020441 0.025129
0 0.914844 0.948958 0.025161 0.030661
0 0.357031 0.955208 0.021618 0.02791
0 0.333594 0.964583 0.02749 0.031005
0 0.134375 0.967708 0.020046 0.026244
0 0.528906 0.978125 0.028462 0.035784
0 0.81875 0.981754 0.032686 0.036493
0 0.449219 0.984648 0.026195 0.030704
0 0.667969 0.984375 0.021339 0.026862