0 0.310937 0.013542 0.020046 0.026244
0 0.245312 0.040625 0.025012 0.03648
0 0.540625 0.045833 0.021902 0.027122
0 0.503906 0.075 0.030567 0.035609
0 0.421875 0.08125 0.018161 0.023679
0 0.390625 0.091667 0.018773 0.023107
0 0.415625 0.098958 0.019543 0.023126
0 0.617969 0.117708 0.022226 0.031538
0 0.66875 0.175 0.024033 0.032854
0 0.184375 0.1875 0.02628 0.037629
0 0.833594 0.2 0.018939 0.024442
0 0.490625 0.208333 0.026107 0.033377
0 0.500781 0.217708 0.024247 0.026365
0 0.502344 0.225 0.017337 0.025026
0 0.430469 0.269792 0.021796 0.030069
0 0.569531 0.284375 0.021479 0.027243
0 0.609375 0.2875 0.023964 0.032621
0 0.639844 0.296875 0.01882 0.024173
0 0.896875 0.325 0.0201 0.026364
0 0.40625 0.333333 0.025129 0.029733
0 0.991211 0.334375 0.017578 0.027421
0 0.735938 0.340625 0.01882 0.024173
0 0.865625 0.347917 0.020811 0.029482
0 0.607031 0.364583 0.021161 0.025349
0 0.615625 0.38125 0.019792 0.025321
0 0.221094 0.385417 0.021161 0.025349
0 0.491406 0.396875 0.028518 0.038955
0 0.485938 0.411458 0.022731 0.029504
0 0.298438 0.43125 0.019909 0.025929
0 0.611719 0.430208 0.020328 0.024087
0 0.6625 0.434375 0.019733 0.025046
0 0.477344 0.447917 0.026124 0.031426
0 0.664062 0.451042 0.025853 0.032508
0 0.835938 0.4625 0.018756 0.022285
0 0.151562 0.467708 0.022675 0.024528
0 0.969531 0.49375 0.02284 0.02723
0 0.313281 0.515625 0.024079 0.030374
0 0.167187 0.525 0.027141 0.034876
0 0.235156 0.535417 0.024033 0.032854
0 0.865625 0.545833 0.020479 0.026286
0 0.682813 0.579167 0.023339 0.03403
0 0.390625 0.583333 0.01882 0.024173
0 0.580469 0.589583 0.021819 0.028356
0 0.410938 0.616667 0.020676 0.026744
0 0.708594 0.627083 0.021999 0.028864
0 0.839063 0.630208 0.024381 0.03447
0 0.479687 0.636458 0.034693 0.036329
0 0.576562 0.642708 0.023461 0.030231
0 0.607031 0.673958 0.018756 0.022285
0 0.752344 0.689583 0.018331 0.025253
0 0.150781 0.708333 0.021112 0.025088
0 0.235937 0.7125 0.020627 0.027503
0 0.53125 0.745833 0.023293 0.029834
0 0.474219 0.788542 0.020537 0.027934
0 0.675 0.801042 0.030279 0.036739
0 0.025 0.807292 0.021239 0.025868
0 0.382031 0.810417 0.019531 0.026042
0 0.553125 0.829167 0.020416 0.025301
0 0.516406 0.855208 0.019638 0.024534
0 0.398438 0.917708 0.023931 0.031351
0 0.194531 0.955208 0.026159 0.03105
0 0.824219 0.967708 0.021653 0.030795
0 0.232813 0.971875 0.019638 0.024534
0 0.914062 0.975 0.020537 0.027934
0 0.791406 0.987343 0.022346 0.025314