0 0.828125 0.041667 0.018773 0.023107
0 0.382812 0.070833 0.019925 0.025905
0 0.993407 0.166667 0.013187 0.025359
0 0.814063 0.177083 0.024632 0.033338
0 0.217188 0.183333 0.022937 0.028155
0 0.952344 0.236458 0.023227 0.029506
0 0.511719 0.240625 0.021819 0.028356
0 0.476562 0.252083 0.019792 0.025321
0 0.139844 0.269792 0.024679 0.030191
0 0.899219 0.297917 0.025086 0.031874
0 0.908594 0.308333 0.021618 0.02791
0 0.060156 0.319792 0.024359 0.033115
0 0.825781 0.394792 0.024341 0.028597
0 0.939844 0.402083 0.028975 0.035857
0 0.591406 0.410417 0.021479 0.027243
0 0.732812 0.416667 0.023931 0.031351
0 0.433594 0.432292 0.023223 0.035653
0 0.641406 0.447917 0.025415 0.039784
0 0.733594 0.4625 0.021796 0.02989
0 0.395313 0.470833 0.018756 0.022285
0 0.791406 0.485417 0.025243 0.032454
0 0.546875 0.501042 0.02393 0.031906
0 0.475 0.605208 0.022111 0.027748
0 0.364844 0.633333 0.024847 0.031127
0 0.422656 0.65 0.024384 0.02969
0 0.990321 0.666667 0.019357 0.030465
0 0.95 0.694792 0.023293 0.029834
0 0.471094 0.697917 0.0223 0.028345
0 0.985156 0.709375 0.022495 0.030475
0 0.489063 0.753125 0.019627 0.024405
0 0.3625 0.902083 0.018756 0.022285
0 0.982031 0.980208 0.021989 0.028877