0 0.367969 0.05625 0.021339 0.026862
0 0.307031 0.128125 0.017438 0.024063
0 0.594531 0.130208 0.020328 0.024087
0 0.900781 0.141667 0.018921 0.024472
0 0.865625 0.190625 0.020134 0.027719
0 0.583594 0.234375 0.020441 0.025129
0 0.542969 0.305208 0.019178 0.025168
0 0.982031 0.338542 0.018161 0.023679
0 0.123438 0.346875 0.023293 0.029834
0 0.278125 0.352083 0.019574 0.023676
0 0.066406 0.394792 0.024461 0.029979
0 0.620313 0.421875 0.018756 0.022285
0 0.16875 0.432292 0.023476 0.030208
0 0.171875 0.511458 0.019925 0.025905
0 0.357031 0.527083 0.022067 0.026726
0 0.783594 0.563542 0.02118 0.025185
0 0.317188 0.572917 0.02276 0.031984
0 0.6875 0.613542 0.019792 0.025321
0 0.3375 0.61875 0.019925 0.025905
0 0.454688 0.6375 0.025386 0.038041
0 0.690625 0.666667 0.019733 0.025046
0 0.722656 0.697917 0.0184 0.026183
0 0.395313 0.709375 0.022995 0.032052
0 0.463281 0.745833 0.02306 0.029195
0 0.458594 0.755208 0.018773 0.023107
0 0.504687 0.778125 0.01971 0.025332
0 0.400781 0.844792 0.021804 0.02852
0 0.610938 0.844792 0.019531 0.027421
0 0.163281 0.860417 0.020566 0.026042
0 0.7625 0.961458 0.024982 0.033615