0 0.7625 0.044792 0.019909 0.025929
0 0.200781 0.063542 0.018756 0.022285
0 0.983594 0.073958 0.023702 0.033596
0 0.065625 0.077083 0.022729 0.02728
0 0.546875 0.115625 0.022883 0.028677
0 0.751563 0.141667 0.019733 0.025046
0 0.446094 0.151042 0.030956 0.035561
0 0.180469 0.188542 0.023232 0.0323
0 0.167187 0.215625 0.019574 0.023676
0 0.292969 0.24375 0.025243 0.032454
0 0.677344 0.261458 0.028233 0.038312
0 0.55 0.260417 0.0201 0.026364
0 0.069531 0.273958 0.021198 0.026257
0 0.497656 0.334375 0.022781 0.032106
0 0.396875 0.361458 0.024136 0.031823
0 0.842969 0.40625 0.021339 0.026862
0 0.228906 0.421875 0.02687 0.033711
0 0.399219 0.470833 0.021095 0.022299
0 0.285938 0.476042 0.019627 0.024405
0 0.326562 0.505208 0.01971 0.025332
0 0.145313 0.515625 0.027576 0.031558
0 0.838281 0.58125 0.024467 0.034451
0 0.666406 0.583333 0.019893 0.027596
0 0.524219 0.5875 0.018008 0.02309
0 0.602344 0.591667 0.021946 0.026299
0 0.677344 0.630208 0.027533 0.030248
0 0.978125 0.635417 0.023293 0.029834
0 0.578125 0.688542 0.027663 0.036163
0 0.341406 0.686458 0.02168 0.028193
0 0.833594 0.6875 0.021796 0.030069
0 0.311719 0.690625 0.019084 0.024921
0 0.714844 0.75625 0.027663 0.031935
0 0.844531 0.821875 0.018331 0.025253
0 0.054688 0.851042 0.02393 0.031906
0 0.224219 0.864583 0.025552 0.033182
0 0.492188 0.866667 0.023127 0.02972
0 0.442969 0.898958 0.02168 0.028193
0 0.661719 0.923958 0.018939 0.024442
0 0.98125 0.925 0.022768 0.026762
0 0.446875 0.95625 0.019733 0.025046
0 0.535156 0.969792 0.024847 0.031127