0 0.127344 0.013102 0.02389 0.026204
0 0.161719 0.011674 0.018846 0.023348
0 0.791406 0.023958 0.021648 0.029332
0 0.953125 0.039583 0.018008 0.02309
0 0.497656 0.046875 0.023339 0.03403
0 0.949219 0.055208 0.020432 0.028638
0 0.609375 0.10625 0.018331 0.025253
0 0.864062 0.113542 0.02168 0.028193
0 0.945312 0.115625 0.017438 0.024063
0 0.7125 0.138542 0.022971 0.028458
0 0.344531 0.140625 0.018827 0.023629
0 0.538281 0.144792 0.021447 0.032454
0 0.180469 0.166667 0.030953 0.043104
0 0.480469 0.184375 0.023908 0.033445
0 0.913281 0.18125 0.020046 0.026244
0 0.619531 0.208333 0.022633 0.032689
0 0.700781 0.207292 0.020432 0.028638
0 0.921094 0.211458 0.02203 0.026707
0 0.59375 0.232292 0.020432 0.028638
0 0.282031 0.238542 0.02101 0.028935
0 0.759375 0.245833 0.021528 0.030488
0 0.911719 0.25 0.019558 0.02407
0 0.60625 0.255208 0.018442 0.024589
0 0.605469 0.267708 0.025928 0.037207
0 0.260156 0.295833 0.024225 0.030977
0 0.583594 0.326042 0.019627 0.024405
0 0.460938 0.346875 0.021816 0.032581
0 0.671094 0.353125 0.024476 0.034441
0 0.689063 0.361458 0.021978 0.027245
0 0.935156 0.373958 0.02361 0.036853
0 0.753125 0.36875 0.018756 0.022285
0 0.620313 0.398958 0.021648 0.029332
0 0.517188 0.398958 0.019558 0.02407
0 0.840625 0.4125 0.024182 0.034926
0 0.873437 0.415625 0.023952 0.034149
0 0.914062 0.413542 0.021989 0.028877
0 0.828906 0.422917 0.01892 0.026267
0 0.945312 0.427083 0.018756 0.022285
0 0.83125 0.433333 0.024736 0.030494
0 0.232031 0.441667 0.026041 0.030394
0 0.697656 0.4625 0.028809 0.042059
0 0.775 0.453125 0.017759 0.024215
0 0.813281 0.482292 0.023461 0.030231
0 0.380469 0.489583 0.026048 0.030151
0 0.332031 0.50625 0.024182 0.034926
0 0.88125 0.507292 0.021618 0.02791
0 0.7125 0.507292 0.017438 0.024063
0 0.889062 0.516667 0.021508 0.03051
0 0.907813 0.525 0.021653 0.030795
0 0.744531 0.526042 0.019638 0.024534
0 0.223438 0.5375 0.018939 0.024442
0 0.545312 0.544792 0.02217 0.02922
0 0.775781 0.55 0.021645 0.030804
0 0.089063 0.565625 0.039226 0.036332
0 0.371875 0.558333 0.02168 0.028193
0 0.233594 0.5625 0.02077 0.027051
0 0.0625 0.563542 0.025957 0.03004
0 0.753125 0.575 0.028226 0.032566
0 0.346875 0.576042 0.019178 0.025168
0 0.414844 0.579167 0.023557 0.030821
0 0.147656 0.585417 0.026519 0.033867
0 0.892188 0.607292 0.025095 0.028633
0 0.136719 0.614583 0.023538 0.032216
0 0.403125 0.635417 0.017721 0.025103
0 0.721094 0.636458 0.021405 0.027443
0 0.197656 0.664583 0.028177 0.048153
0 0.750781 0.655208 0.023026 0.028919
0 0.7125 0.659375 0.018442 0.024589
0 0.828125 0.664583 0.021198 0.026257
0 0.235937 0.66875 0.021116 0.030583
0 0.5875 0.673958 0.025171 0.029147
0 0.370312 0.680208 0.027729 0.032708
0 0.596094 0.686458 0.026331 0.037475
0 0.240625 0.686458 0.022625 0.029341
0 0.175781 0.690625 0.027387 0.027367
0 0.63125 0.694792 0.02217 0.02922
0 0.221094 0.701042 0.023345 0.03313
0 0.173437 0.705208 0.024291 0.029293
0 0.617969 0.707292 0.019792 0.025321
0 0.06875 0.717708 0.01902 0.024748
0 0.189062 0.723958 0.023707 0.030548
0 0.897656 0.738542 0.022874 0.032977
0 0.528906 0.739583 0.020046 0.026244
0 0.567187 0.740625 0.021648 0.029332
0 0.421875 0.740625 0.018827 0.023629
0 0.94375 0.752083 0.024496 0.029918
0 0.842187 0.751042 0.017982 0.022269
0 0.471094 0.757292 0.023654 0.029634
0 0.248438 0.763542 0.02269 0.029686
0 0.209375 0.772917 0.022776 0.032111
0 0.23125 0.78125 0.021314 0.02663
0 0.153125 0.794792 0.02143 0.027648
0 0.302344 0.803125 0.017301 0.024027
0 0.44375 0.807292 0.023874 0.032174
0 0.889062 0.803125 0.018939 0.024442
0 0.559375 0.808333 0.017721 0.025103
0 0.401562 0.8125 0.023592 0.030549
0 0.765625 0.830208 0.022438 0.032662
0 0.042188 0.838542 0.018442 0.024589
0 0.452344 0.85 0.026268 0.03569
0 0.608594 0.844792 0.019627 0.024405
0 0.891406 0.847917 0.016702 0.023976
0 0.208594 0.85625 0.020046 0.026244
0 0.432031 0.864583 0.024679 0.030191
0 0.671094 0.88125 0.020231 0.026656
0 0.092969 0.888542 0.024847 0.031127
0 0.50625 0.89375 0.025244 0.038977
0 0.33125 0.9 0.021405 0.027443
0 0.485156 0.913542 0.027456 0.029955
0 0.896094 0.917708 0.020736 0.028573
0 0.460156 0.93125 0.021924 0.029232
0 0.217969 0.933333 0.019868 0.025663
0 0.723437 0.935417 0.019429 0.026567
0 0.538281 0.94375 0.024138 0.032445
0 0.694531 0.945833 0.019925 0.025905
0 0.488281 0.952083 0.023244 0.031704
0 0.883594 0.952083 0.019638 0.024534
0 0.892969 0.955208 0.023645 0.033053
0 0.008625 0.955208 0.01725 0.028864
0 0.857812 0.965625 0.017982 0.022269
0 0.164844 0.978125 0.021222 0.032511
0 0.527344 0.979167 0.028336 0.033814
0 0.142187 0.980208 0.020432 0.028638