0 0.439844 0.010111 0.022026 0.020221
0 0.065625 0.010713 0.022996 0.021427
0 0.586719 0.013139 0.021542 0.026277
0 0.267188 0.048958 0.019627 0.024405
0 0.732812 0.054167 0.019792 0.025321
0 0.176563 0.092708 0.025957 0.03004
0 0.324219 0.141667 0.021161 0.025349
0 0.101562 0.198958 0.020371 0.024457
0 0.744531 0.29375 0.027787 0.032649
0 0.602344 0.319792 0.021459 0.027275
0 0.932031 0.386458 0.021339 0.026862
0 0.707812 0.430208 0.021259 0.029733
0 0.238281 0.444792 0.023232 0.0323
0 0.153906 0.495833 0.021796 0.030069
0 0.407031 0.498958 0.022459 0.03193
0 0.391406 0.547917 0.024847 0.031127
0 0.583594 0.609375 0.020706 0.03042
0 0.161719 0.688542 0.020938 0.027401
0 0.923438 0.733333 0.023319 0.029672
0 0.185938 0.80625 0.023293 0.029834
0 0.526563 0.842708 0.024652 0.030465
0 0.403125 0.916667 0.023234 0.02937
0 0.09375 0.919792 0.022707 0.026328
0 0.63125 0.967708 0.022937 0.028155
0 0.729688 0.966667 0.022861 0.027439