0 0.4 0.052083 0.025918 0.029193
0 0.746094 0.089583 0.027663 0.036163
0 0.800781 0.1 0.021259 0.028345
0 0.561719 0.119792 0.031313 0.039635
0 0.141406 0.134375 0.031361 0.037735
0 0.415625 0.159375 0.019531 0.026042
0 0.384375 0.175 0.01882 0.024173
0 0.125 0.180208 0.020422 0.025409
0 0.153125 0.2 0.03377 0.047053
0 0.24375 0.195833 0.018029 0.025068
0 0.799219 0.225 0.030086 0.038025
0 0.476562 0.297917 0.031043 0.039512
0 0.192969 0.307292 0.031427 0.045215
0 0.846094 0.30625 0.027871 0.035612
0 0.88125 0.329167 0.018773 0.023107
0 0.892969 0.3625 0.028472 0.03641
0 0.429688 0.367708 0.034139 0.042469
0 0.591406 0.398958 0.018756 0.022285
0 0.719531 0.416667 0.025217 0.033302
0 0.595313 0.427083 0.035481 0.045241
0 0.557031 0.421875 0.018773 0.023107
0 0.542969 0.426042 0.018773 0.023107
0 0.278906 0.457292 0.019992 0.026974
0 0.397656 0.523958 0.029628 0.04048
0 0.385156 0.525 0.019574 0.023676
0 0.757031 0.582292 0.034107 0.044296
0 0.953125 0.590625 0.029002 0.040483
0 0.742188 0.619792 0.018561 0.025359
0 0.632031 0.6375 0.021504 0.027927
0 0.328125 0.64375 0.02559 0.036981
0 0.550781 0.636458 0.018756 0.022285
0 0.386719 0.671875 0.021161 0.025349
0 0.736719 0.691667 0.021999 0.028864
0 0.673438 0.83125 0.018756 0.022285
0 0.549219 0.959375 0.03554 0.043469