0 0.239844 0.007935 0.019119 0.015871
0 0.355469 0.022917 0.018939 0.024442
0 0.65 0.052083 0.021176 0.031534
0 0.596094 0.10625 0.024623 0.030229
0 0.835938 0.115625 0.023319 0.029672
0 0.44375 0.167708 0.019733 0.025046
0 0.144531 0.172917 0.020328 0.024087
0 0.714063 0.273958 0.023097 0.028871
0 0.04375 0.308333 0.019992 0.026974
0 0.721875 0.382292 0.023097 0.028871
0 0.154688 0.438542 0.026221 0.032529
0 0.615625 0.461458 0.022777 0.026557
0 0.841406 0.484375 0.025219 0.029986
0 0.891406 0.526042 0.020811 0.029482
0 0.910937 0.534375 0.017759 0.024215
0 0.93125 0.652083 0.018773 0.023107
0 0.813281 0.675 0.018442 0.024589
0 0.603125 0.758333 0.019792 0.025321
0 0.825781 0.776042 0.021161 0.025349
0 0.710938 0.853125 0.023162 0.029482
0 0.235937 0.884375 0.026742 0.033612
0 0.813281 0.933333 0.021648 0.029332