0 0.982031 0.00854 0.021618 0.01708
0 0.90625 0.023958 0.02466 0.031871
0 0.567187 0.097917 0.027969 0.036574
0 0.973437 0.110417 0.018773 0.023107
0 0.632031 0.11875 0.019733 0.025046
0 0.049219 0.155208 0.021761 0.031624
0 0.510938 0.172917 0.018756 0.022285
0 0.663281 0.198958 0.026757 0.035038
0 0.991152 0.198958 0.017696 0.030643
0 0.390625 0.202083 0.023758 0.031125
0 0.544531 0.232292 0.018756 0.022285
0 0.325781 0.25 0.027003 0.034726
0 0.989062 0.25 0.020566 0.026042
0 0.017969 0.259375 0.023623 0.035791
0 0.46875 0.285417 0.025513 0.033411
0 0.432812 0.347917 0.020566 0.026042
0 0.189844 0.375 0.027056 0.034291
0 0.245312 0.44375 0.025511 0.032143
0 0.283594 0.472917 0.02545 0.035034
0 0.883594 0.573958 0.026395 0.032477
0 0.935156 0.597917 0.018999 0.02628
0 0.944531 0.6875 0.026892 0.035856
0 0.480469 0.752083 0.031559 0.038295
0 0.763281 0.780208 0.019531 0.026042
0 0.525781 0.809375 0.028268 0.034657
0 0.332031 0.901042 0.025543 0.032425
0 0.19375 0.919792 0.026376 0.032785
0 0.175781 0.970833 0.022017 0.028277