0 0.835156 0.013678 0.024975 0.027356
0 0.253906 0.015443 0.025969 0.030885
0 0.857031 0.013903 0.024425 0.027806
0 0.965625 0.015456 0.023786 0.030913
0 0.06875 0.019792 0.026477 0.034336
0 0.552344 0.020833 0.024565 0.029737
0 0.853125 0.028125 0.026689 0.03168
0 0.545312 0.041667 0.019792 0.025321
0 0.621875 0.051042 0.020231 0.026656
0 0.382031 0.071875 0.024359 0.033115
0 0.7 0.077083 0.023778 0.030992
0 0.397656 0.0875 0.025552 0.033182
0 0.358594 0.103125 0.019574 0.023676
0 0.450781 0.1125 0.021542 0.029952
0 0.34375 0.113542 0.020416 0.025301
0 0.959375 0.123958 0.030147 0.037548
0 0.861719 0.133333 0.025211 0.033309
0 0.960938 0.151042 0.02688 0.041311
0 0.0625 0.194792 0.02585 0.031338
0 0.225781 0.195833 0.025905 0.030541
0 0.391406 0.208333 0.022776 0.032111
0 0.007237 0.214583 0.014475 0.023676
0 0.826562 0.223958 0.023592 0.030549
0 0.039062 0.229167 0.022868 0.029857
0 0.566406 0.227083 0.018921 0.024472
0 0.674219 0.2375 0.024341 0.028597
0 0.698438 0.244792 0.023026 0.028919
0 0.771875 0.245833 0.019909 0.025929
0 0.289844 0.258333 0.019768 0.025593
0 0.291406 0.290625 0.018756 0.022285
0 0.49375 0.292708 0.021198 0.026257
0 0.042188 0.296875 0.023385 0.032449
0 0.732812 0.297917 0.023476 0.030208
0 0.161719 0.342708 0.022656 0.031302
0 0.246875 0.345833 0.019768 0.025593
0 0.651563 0.354167 0.025139 0.028178
0 0.109375 0.36875 0.023432 0.030501
0 0.884375 0.365625 0.019543 0.023126
0 0.044531 0.384375 0.0211 0.027734
0 0.351562 0.411458 0.020566 0.026042
0 0.707812 0.439583 0.023103 0.02886
0 0.754687 0.438542 0.019992 0.026974
0 0.510156 0.480208 0.026779 0.031865
0 0.028125 0.48125 0.02317 0.029214
0 0.665625 0.485417 0.020479 0.026286
0 0.634375 0.488542 0.019627 0.024405
0 0.833594 0.49375 0.024436 0.029089
0 0.689844 0.50625 0.022758 0.030751
0 0.86875 0.507292 0.024079 0.030374
0 0.550781 0.507292 0.022047 0.026945
0 0.570312 0.51875 0.023654 0.030791
0 0.596875 0.523958 0.021247 0.027272
0 0.869531 0.544792 0.022006 0.030167
0 0.858594 0.555208 0.019574 0.023676
0 0.625 0.570833 0.020566 0.026042
0 0.017188 0.583333 0.019574 0.023676
0 0.972656 0.6 0.020046 0.026244
0 0.189062 0.603125 0.019638 0.024534
0 0.417969 0.603125 0.020566 0.026042
0 0.921094 0.609375 0.018939 0.024442
0 0.23125 0.611458 0.020627 0.027503
0 0.964063 0.617708 0.020676 0.026744
0 0.295312 0.633333 0.020676 0.026744
0 0.603125 0.6375 0.021563 0.029929
0 0.688281 0.646875 0.021362 0.02664
0 0.217188 0.673958 0.022861 0.027439
0 0.153906 0.678125 0.024837 0.032478
0 0.598437 0.677083 0.021894 0.026105
0 0.109375 0.684375 0.026159 0.03105
0 0.591406 0.683333 0.019178 0.025168
0 0.594531 0.692708 0.019638 0.024534
0 0.9 0.7 0.023244 0.031704
0 0.18125 0.708333 0.020441 0.025129
0 0.079687 0.734375 0.022418 0.029062
0 0.752344 0.734375 0.018756 0.022285
0 0.378906 0.75 0.025994 0.039287
0 0.297656 0.753125 0.021701 0.028014
0 0.389844 0.765625 0.027891 0.033137
0 0.190625 0.770833 0.026081 0.030374
0 0.813281 0.76875 0.021145 0.028907
0 0.267188 0.775 0.0201 0.026364
0 0.90625 0.779167 0.019909 0.025929
0 0.322656 0.801042 0.022758 0.030751
0 0.315625 0.819792 0.023438 0.03125
0 0.160938 0.823958 0.026107 0.033377
0 0.917969 0.825 0.025354 0.032797
0 0.446094 0.832292 0.021819 0.028356
0 0.270313 0.842708 0.019792 0.025321
0 0.10625 0.873958 0.02475 0.031228
0 0.435937 0.905208 0.023438 0.034009
0 0.326562 0.940625 0.018939 0.024442
0 0.678125 0.96875 0.026283 0.033839
0 0.064062 0.98125 0.023298 0.029827
0 0.080469 0.986865 0.027447 0.026271