0 0.367188 0.035417 0.019925 0.025905
0 0.475781 0.086458 0.022656 0.031302
0 0.335938 0.105208 0.028222 0.039025
0 0.54375 0.154167 0.020422 0.025409
0 0.5625 0.163542 0.023293 0.029834
0 0.789062 0.196875 0.022731 0.02736
0 0.317188 0.204167 0.022729 0.02728
0 0.457031 0.220833 0.025032 0.034809
0 0.638281 0.227083 0.022026 0.030025
0 0.649219 0.279167 0.021479 0.027243
0 0.013281 0.289583 0.019119 0.025492
0 0.554688 0.373958 0.022788 0.029292
0 0.394531 0.44375 0.021989 0.028877
0 0.583594 0.505208 0.024425 0.030612
0 0.865625 0.507292 0.022937 0.028155
0 0.832031 0.514583 0.021314 0.02663
0 0.403125 0.541667 0.026598 0.034681
0 0.19375 0.544792 0.019792 0.025321
0 0.334375 0.592708 0.022876 0.031243
0 0.917969 0.609375 0.024946 0.031337
0 0.05 0.69375 0.026593 0.033416
0 0.046094 0.76875 0.023103 0.02886
0 0.774219 0.944792 0.018876 0.02557
0 0.611719 0.969792 0.022209 0.029294