0 0.132031 0.076042 0.021618 0.02791
0 0.095312 0.077083 0.021161 0.025349
0 0.429688 0.105208 0.022861 0.027439
0 0.571094 0.166667 0.024291 0.029293
0 0.03125 0.366667 0.025918 0.029193
0 0.789062 0.378125 0.024336 0.03118
0 0.751563 0.408333 0.022731 0.029504
0 0.578125 0.447917 0.023227 0.029506
0 0.108594 0.466667 0.018939 0.024442
0 0.160938 0.472917 0.019531 0.027421
0 0.080469 0.488542 0.025243 0.032454
0 0.684375 0.694792 0.019925 0.025905
0 0.189844 0.727083 0.021362 0.02664
0 0.339844 0.783333 0.026705 0.030084
0 0.369531 0.808333 0.021314 0.02663
0 0.185156 0.829167 0.025161 0.030661