0 0.517188 0.029167 0.021894 0.026105
0 0.632031 0.080208 0.021198 0.026257
0 0.125 0.088542 0.023475 0.026349
0 0.225781 0.116667 0.024188 0.03293
0 0.745313 0.122917 0.022996 0.028271
0 0.259375 0.136458 0.022883 0.028677
0 0.639844 0.138542 0.018773 0.023107
0 0.441406 0.14375 0.025183 0.032816
0 0.733594 0.153125 0.021339 0.026862
0 0.692969 0.182292 0.021701 0.028014
0 0.838281 0.186458 0.024847 0.031127
0 0.421094 0.216667 0.021172 0.028874
0 0.05625 0.305208 0.025826 0.029329
0 0.908594 0.307292 0.022729 0.02728
0 0.31875 0.322917 0.023298 0.029827
0 0.280469 0.3375 0.021105 0.028403
0 0.24375 0.35 0.023227 0.029506
0 0.275781 0.388542 0.023346 0.035832
0 0.401562 0.402083 0.022861 0.027439
0 0.028906 0.455208 0.024733 0.030499
0 0.333594 0.455208 0.018442 0.024589
0 0.400781 0.469792 0.021479 0.027243
0 0.773438 0.489583 0.022828 0.027821
0 0.842969 0.573958 0.021563 0.029929
0 0.775 0.579167 0.023097 0.028871
0 0.607812 0.629167 0.021259 0.029733
0 0.5 0.651042 0.025853 0.032508
0 0.483594 0.653125 0.025084 0.031877
0 0.228125 0.657292 0.02095 0.027383
0 0.095312 0.673958 0.021243 0.027194
0 0.338281 0.6875 0.021049 0.031547
0 0.841406 0.689583 0.02486 0.031
0 0.954688 0.689583 0.026395 0.032477
0 0.814063 0.689583 0.023521 0.026804
0 0.553125 0.697917 0.020551 0.027917
0 0.825 0.711458 0.023248 0.030703
0 0.953125 0.736458 0.02287 0.028488
0 0.035937 0.763542 0.019339 0.027372
0 0.051562 0.767708 0.023491 0.027306
0 0.901563 0.801042 0.02276 0.031984
0 0.123438 0.815625 0.019627 0.024405
0 0.9875 0.839583 0.023385 0.032449
0 0.482812 0.845833 0.022796 0.034721
0 0.563281 0.853125 0.021701 0.028014
0 0.815625 0.877083 0.019909 0.025929
0 0.909375 0.886458 0.019925 0.025905
0 0.836719 0.930208 0.020209 0.029396
0 0.683594 0.96875 0.021701 0.028014