0 0.771875 0.012074 0.02687 0.024147
0 0.261719 0.017708 0.018161 0.023679
0 0.580469 0.026042 0.026901 0.032323
0 0.651563 0.022917 0.019792 0.025321
0 0.3625 0.028125 0.019925 0.025905
0 0.621875 0.029167 0.020697 0.026524
0 0.090625 0.033333 0.023778 0.030992
0 0.196875 0.035417 0.020529 0.025786
0 0.663281 0.035417 0.018008 0.02309
0 0.5375 0.039583 0.020566 0.026042
0 0.189062 0.051042 0.019429 0.026567
0 0.908594 0.054167 0.026072 0.033599
0 0.605469 0.05625 0.025887 0.034069
0 0.495312 0.072917 0.029168 0.032641
0 0.628125 0.069792 0.019178 0.025168
0 0.564844 0.072917 0.0197 0.025227
0 0.722656 0.101042 0.01733 0.02503
0 0.132031 0.110417 0.021362 0.02664
0 0.119531 0.135417 0.028827 0.042244
0 0.746875 0.151042 0.02585 0.031338
0 0.686719 0.15 0.020416 0.025301
0 0.651563 0.163542 0.027027 0.036869
0 0.669531 0.165625 0.023093 0.031538
0 0.639062 0.1625 0.018756 0.022285
0 0.253125 0.169792 0.026273 0.033081
0 0.036719 0.180208 0.030887 0.034823
0 0.149219 0.195833 0.020422 0.025409
0 0.569531 0.207292 0.027523 0.034576
0 0.810156 0.203125 0.018442 0.024589
0 0.164844 0.211458 0.026742 0.033612
0 0.185938 0.219792 0.026105 0.0312
0 0.202344 0.219792 0.018756 0.022285
0 0.155469 0.222917 0.021999 0.028864
0 0.371094 0.228125 0.021341 0.029389
0 0.047656 0.252083 0.027156 0.053329
0 0.541406 0.241667 0.024496 0.029918
0 0.683594 0.259375 0.021479 0.027243
0 0.949219 0.259375 0.018161 0.023679
0 0.455469 0.273958 0.025003 0.032842
0 0.145313 0.277083 0.028462 0.035784
0 0.6625 0.272917 0.019792 0.025321
0 0.064062 0.284375 0.020422 0.025409
0 0.434375 0.297917 0.020416 0.025301
0 0.570312 0.3125 0.035475 0.046527
0 0.378906 0.30625 0.02479 0.031527
0 0.535937 0.308333 0.028233 0.038312
0 0.292969 0.308333 0.021243 0.027194
0 0.348438 0.334375 0.031639 0.036065
0 0.060156 0.35 0.026432 0.038346
0 0.955469 0.359375 0.026417 0.032442
0 0.258594 0.35625 0.018939 0.024442
0 0.984375 0.365625 0.023654 0.030791
0 0.530469 0.36875 0.021999 0.028864
0 0.271094 0.394792 0.036817 0.044224
0 0.38125 0.384375 0.019574 0.023676
0 0.071094 0.401042 0.025243 0.032454
0 0.335938 0.398958 0.025129 0.029733
0 0.475 0.422917 0.018773 0.023107
0 0.698438 0.427083 0.020676 0.026744
0 0.022656 0.442708 0.025243 0.032454
0 0.9125 0.444792 0.022828 0.027821
0 0.194531 0.453125 0.018756 0.022285
0 0.628906 0.459375 0.025032 0.034809
0 0.885938 0.464583 0.029734 0.036694
0 0.266406 0.466667 0.02749 0.031005
0 0.928125 0.473958 0.023232 0.0323
0 0.435156 0.473958 0.021542 0.027554
0 0.797656 0.492708 0.024417 0.033648
0 0.597656 0.49375 0.018331 0.025253
0 0.06875 0.501042 0.023854 0.033205
0 0.03125 0.509375 0.026 0.030914
0 0.25625 0.511458 0.019733 0.025046
0 0.685937 0.51875 0.019925 0.025905
0 0.035156 0.532292 0.036145 0.036976
0 0.404687 0.53125 0.021902 0.027122
0 0.353906 0.539583 0.023074 0.031044
0 0.438281 0.540625 0.026281 0.032051
0 0.260156 0.541667 0.025753 0.033716
0 0.954688 0.553125 0.021038 0.029672
0 0.278906 0.563542 0.019574 0.023676
0 0.271094 0.571875 0.031256 0.03844
0 0.597656 0.572917 0.025838 0.032623
0 0.376563 0.580208 0.020209 0.029396
0 0.258594 0.586458 0.021131 0.02449
0 0.319531 0.592708 0.025273 0.030852
0 0.528906 0.597917 0.028005 0.034371
0 0.324219 0.609375 0.018029 0.025068
0 0.176563 0.613542 0.019909 0.025929
0 0.263281 0.617708 0.021819 0.028356
0 0.825781 0.616667 0.021989 0.028877
0 0.208594 0.61875 0.022111 0.027748
0 0.109375 0.622917 0.019909 0.025929
0 0.292969 0.623958 0.018773 0.023107
0 0.225 0.629167 0.019733 0.025046
0 0.5875 0.629167 0.018756 0.022285
0 0.620313 0.648958 0.028409 0.039503
0 0.492969 0.652083 0.025209 0.035656
0 0.555469 0.65 0.018827 0.023629
0 0.947656 0.654167 0.02525 0.032349
0 0.728906 0.666667 0.027468 0.032673
0 0.769531 0.667708 0.026593 0.033416
0 0.80625 0.679167 0.02648 0.033546
0 0.064844 0.68125 0.02269 0.029686
0 0.578906 0.685417 0.029916 0.034108
0 0.142969 0.695833 0.024377 0.029518
0 0.278906 0.694792 0.024316 0.027916
0 0.767969 0.721875 0.024997 0.036357
0 0.588281 0.726042 0.030693 0.039203
0 0.797656 0.746875 0.018921 0.024472
0 0.975 0.753125 0.019773 0.0268
0 0.424219 0.761458 0.032279 0.035586
0 0.19375 0.766667 0.020046 0.026244
0 0.484375 0.803125 0.027912 0.033661
0 0.330469 0.809375 0.022111 0.027748
0 0.466406 0.819792 0.021727 0.028969
0 0.907031 0.819792 0.021819 0.028356
0 0.710156 0.819792 0.019574 0.023676
0 0.821875 0.821875 0.023778 0.030992
0 0.647656 0.8375 0.017759 0.024215
0 0.689844 0.84375 0.021145 0.028907
0 0.739062 0.844792 0.024136 0.031823
0 0.707031 0.846875 0.019574 0.023676
0 0.752344 0.861458 0.019627 0.024405
0 0.610938 0.873958 0.026966 0.033171
0 0.415625 0.875 0.023786 0.032659
0 0.648438 0.875 0.018756 0.022285
0 0.095312 0.902083 0.024742 0.035777
0 0.325 0.909375 0.023931 0.031351
0 0.640625 0.909375 0.025011 0.028174
0 0.41875 0.927083 0.02563 0.034173
0 0.417969 0.944792 0.02545 0.035034
0 0.948438 0.94375 0.02393 0.031906
0 0.478125 0.94375 0.019792 0.025321
0 0.484375 0.957292 0.022729 0.02728
0 0.792969 0.963542 0.024107 0.034015
0 0.983594 0.9625 0.024652 0.030465
0 0.046875 0.975 0.024837 0.032478
0 0.035156 0.980208 0.022828 0.027821
0 0.683594 0.979167 0.021804 0.02852
0 0.407813 0.9875 0.018773 0.023107