0 0.344531 0.01875 0.019693 0.024852
0 0.615625 0.021875 0.024225 0.030977
0 0.215625 0.0375 0.032979 0.040777
0 0.460156 0.034375 0.019992 0.026974
0 0.973437 0.054167 0.025832 0.038612
0 0.463281 0.06875 0.02143 0.027648
0 0.524219 0.079167 0.02742 0.034417
0 0.1 0.083333 0.027736 0.035553
0 0.963281 0.082292 0.02569 0.03355
0 0.749219 0.08125 0.017759 0.024215
0 0.345313 0.090625 0.034574 0.042021
0 0.325781 0.0875 0.018324 0.026151
0 0.728125 0.098958 0.030896 0.040596
0 0.65 0.098958 0.01902 0.024748
0 0.301563 0.10625 0.020736 0.028573
0 0.084375 0.121875 0.031774 0.038004
0 0.346875 0.114583 0.022788 0.02699
0 0.813281 0.123958 0.026931 0.034831
0 0.382031 0.15625 0.033329 0.041284
0 0.957031 0.184375 0.020328 0.024087
0 0.012489 0.197917 0.024977 0.044544
0 0.675 0.2 0.023456 0.028163
0 0.953125 0.2125 0.035921 0.0438
0 0.067969 0.236458 0.027648 0.034893
0 0.096875 0.247917 0.035192 0.040672
0 0.860156 0.28125 0.02569 0.03355
0 0.83125 0.30625 0.028823 0.044692
0 0.805469 0.303125 0.019574 0.023676
0 0.035937 0.320833 0.022325 0.028159
0 0.914844 0.321875 0.021999 0.028864
0 0.53125 0.323958 0.019574 0.023676
0 0.423438 0.338542 0.02684 0.038261
0 0.964063 0.339583 0.020479 0.026286
0 0.122656 0.351042 0.02118 0.025185
0 0.458594 0.3625 0.034383 0.038557
0 0.696094 0.3625 0.024496 0.029918
0 0.901563 0.377083 0.025964 0.041001
0 0.847656 0.378125 0.026132 0.039817
0 0.820312 0.382292 0.02197 0.032388
0 0.95 0.396875 0.025993 0.03769
0 0.0625 0.397917 0.027003 0.034726
0 0.167187 0.402083 0.026994 0.038084
0 0.146875 0.413542 0.026389 0.034301
0 0.122656 0.422917 0.023325 0.031295
0 0.908594 0.446875 0.030559 0.032033
0 0.736719 0.453125 0.019792 0.025321
0 0.273438 0.459375 0.021259 0.029733
0 0.092969 0.466667 0.027597 0.033767
0 0.600781 0.475 0.026966 0.033171
0 0.234375 0.489583 0.032899 0.051134
0 0.794531 0.5 0.019638 0.024534
0 0.259375 0.507292 0.027872 0.033345
0 0.730469 0.5125 0.031366 0.040844
0 0.625781 0.514583 0.029345 0.037191
0 0.432812 0.5125 0.01882 0.024173
0 0.309375 0.527083 0.029056 0.041834
0 0.244531 0.521875 0.018827 0.023629
0 0.176563 0.525 0.018756 0.022285
0 0.599219 0.545833 0.040957 0.044186
0 0.197656 0.540625 0.025002 0.024117
0 0.214062 0.560417 0.045706 0.057888
0 0.65625 0.55 0.02317 0.029214
0 0.398438 0.548958 0.020416 0.025301
0 0.260156 0.563542 0.022111 0.027748
0 0.198437 0.563542 0.019542 0.02313
0 0.721094 0.563542 0.018756 0.022285
0 0.382031 0.583333 0.035291 0.058396
0 0.300781 0.596875 0.063167 0.078331
0 0.397656 0.573958 0.019558 0.02407
0 0.395313 0.595833 0.018442 0.024589
0 0.983594 0.633333 0.031858 0.041465
0 0.388281 0.640625 0.039841 0.051983
0 0.263281 0.654167 0.03604 0.05061
0 0.071094 0.647917 0.027491 0.033647
0 0.127344 0.679167 0.03517 0.051222
0 0.40625 0.665625 0.018008 0.02309
0 0.414844 0.666667 0.017438 0.024063
0 0.88125 0.690625 0.031342 0.048022
0 0.323437 0.703125 0.03006 0.041342
0 0.25625 0.7 0.018354 0.025228
0 0.028125 0.714583 0.029434 0.038374
0 0.2125 0.711458 0.019925 0.025905
0 0.25625 0.730208 0.036281 0.050055
0 0.797656 0.729167 0.018991 0.026389
0 0.570312 0.732292 0.020676 0.026744
0 0.492188 0.734375 0.017317 0.024011
0 0.597656 0.757292 0.042671 0.053032
0 0.863281 0.751042 0.025282 0.034542
0 0.242969 0.786458 0.076325 0.095357
0 0.49375 0.764583 0.033474 0.04035
0 0.933594 0.7625 0.02095 0.027383
0 0.925781 0.776042 0.028764 0.040547
0 0.079687 0.776042 0.021264 0.026134
0 0.19375 0.791667 0.035635 0.047513
0 0.15625 0.784375 0.021264 0.026134
0 0.454688 0.788542 0.021161 0.025349
0 0.544531 0.801042 0.021989 0.028877
0 0.465625 0.8 0.016714 0.025008
0 0.490625 0.825 0.059077 0.071829
0 0.24375 0.81875 0.01971 0.025332
0 0.864844 0.821875 0.021459 0.027275
0 0.215625 0.835417 0.046207 0.044533
0 0.5375 0.83125 0.018756 0.022285
0 0.282031 0.8375 0.022376 0.031057
0 0.414062 0.835417 0.01971 0.025332
0 0.6125 0.84375 0.019768 0.025593
0 0.173437 0.85 0.022111 0.027748
0 0.34375 0.871875 0.031972 0.040326
0 0.28125 0.89375 0.03992 0.069835
0 0.373437 0.894792 0.03835 0.043865
0 0.099219 0.9 0.035975 0.046656
0 0.513281 0.933333 0.023259 0.032779
0 0.330469 0.936458 0.01882 0.024173
0 0.582031 0.936458 0.018773 0.023107
0 0.816406 0.951042 0.027152 0.03818
0 0.045312 0.960417 0.022768 0.026762
0 0.560937 0.973958 0.026299 0.043085
0 0.321094 0.966667 0.0184 0.026183
0 0.408594 0.986458 0.018161 0.023679
0 0.454688 0.989097 0.022047 0.021806