0 0.660937 0.042708 0.023325 0.031295
0 0.496875 0.070833 0.019638 0.024534
0 0.274219 0.155208 0.026996 0.038485
0 0.673438 0.1875 0.026585 0.035972
0 0.245312 0.248958 0.020566 0.026042
0 0.15625 0.453125 0.019792 0.025321
0 0.405469 0.455208 0.021314 0.02663
0 0.744531 0.472917 0.021314 0.02663
0 0.253906 0.514583 0.019531 0.026042
0 0.764062 0.519792 0.021211 0.027329
0 0.778906 0.53125 0.021999 0.028864
0 0.707812 0.55625 0.018773 0.023107
0 0.092969 0.582292 0.020811 0.029482
0 0.316406 0.6875 0.025011 0.028174
0 0.313281 0.719792 0.018773 0.023107
0 0.290625 0.726042 0.019683 0.026728
0 0.457031 0.772917 0.018008 0.02309
0 0.609375 0.808333 0.017438 0.024063
0 0.403906 0.865625 0.021339 0.026862
0 0.913281 0.921875 0.021119 0.029767
0 0.559375 0.930208 0.019534 0.022292
0 0.274219 0.933333 0.022209 0.029294
0 0.761719 0.977083 0.018008 0.02309