0 0.730469 0.034375 0.021339 0.026862
0 0.142969 0.090625 0.027366 0.028355
0 0.235156 0.10625 0.021727 0.028969
0 0.232031 0.119792 0.024359 0.033115
0 0.253125 0.177083 0.026 0.030914
0 0.4 0.211458 0.018756 0.022285
0 0.020313 0.255208 0.027271 0.034761
0 0.307031 0.288542 0.021648 0.029332
0 0.175781 0.321875 0.0257 0.033535
0 0.175 0.477083 0.025957 0.03004
0 0.410938 0.576042 0.020339 0.023705
0 0.138281 0.636458 0.023245 0.030258
0 0.366406 0.639583 0.022861 0.027439
0 0.742188 0.641667 0.018756 0.022285
0 0.077344 0.785417 0.022694 0.030993