0 0.442969 0.097917 0.018008 0.02309
0 0.2 0.144792 0.032191 0.040987
0 0.079687 0.166667 0.022996 0.028271
0 0.501563 0.265625 0.026221 0.032529
0 0.351562 0.383333 0.01971 0.025332
0 0.521875 0.419792 0.019574 0.023676
0 0.21875 0.49375 0.029623 0.036902
0 0.373437 0.552083 0.019627 0.024405
0 0.589063 0.565625 0.021978 0.027245
0 0.5 0.65 0.02714 0.033665
0 0.416406 0.726042 0.024837 0.032478
0 0.652344 0.744792 0.026048 0.031808
0 0.310937 0.772917 0.019574 0.023676
0 0.336719 0.790625 0.018008 0.02309
0 0.203906 0.855208 0.024584 0.031012
0 0.269531 0.853125 0.018939 0.024442
0 0.347656 0.876042 0.027373 0.029352
0 0.374219 0.875 0.017759 0.024215
0 0.354687 0.926042 0.019792 0.025321
0 0.235937 0.942708 0.026041 0.030394
0 0.360156 0.986458 0.018756 0.022285