0 0.079687 0.020833 0.0201 0.026364
0 0.357031 0.055208 0.027056 0.034291
0 0.351562 0.0875 0.030218 0.038048
0 0.663281 0.1 0.025243 0.032454
0 0.829688 0.102083 0.026221 0.032529
0 0.275781 0.108333 0.024018 0.034278
0 0.466406 0.113542 0.021362 0.02664
0 0.379688 0.13125 0.022883 0.028677
0 0.314844 0.15 0.019574 0.023676
0 0.015625 0.163542 0.025957 0.03004
0 0.725 0.177083 0.019638 0.024534
0 0.714844 0.182292 0.020566 0.026042
0 0.764844 0.188542 0.018161 0.023679
0 0.883594 0.190625 0.023493 0.027386
0 0.43125 0.197917 0.024043 0.032841
0 0.210156 0.219792 0.021161 0.025349
0 0.658594 0.230208 0.029082 0.037672
0 0.702344 0.236458 0.021542 0.027554
0 0.289062 0.25625 0.02998 0.050669
0 0.196094 0.259375 0.031792 0.044445
0 0.819531 0.253125 0.025188 0.032253
0 0.242188 0.275 0.019638 0.024534
0 0.984375 0.285417 0.026081 0.030374
0 0.369531 0.301042 0.022861 0.04074
0 0.614844 0.303125 0.023535 0.029328
0 0.136719 0.309375 0.02466 0.031871
0 0.202344 0.310417 0.021161 0.025349
0 0.603906 0.315625 0.026011 0.035464
0 0.339062 0.320833 0.027158 0.032759
0 0.499219 0.321875 0.027905 0.034571
0 0.651563 0.325 0.02583 0.032635
0 0.688281 0.328125 0.02834 0.035716
0 0.808594 0.336458 0.027671 0.037831
0 0.7125 0.346875 0.027153 0.038853
0 0.796875 0.348958 0.022047 0.026945
0 0.88125 0.371875 0.020566 0.026042
0 0.434375 0.398958 0.033177 0.048101
0 0.253906 0.441667 0.024946 0.031337
0 0.553125 0.453125 0.02095 0.027383
0 0.757812 0.460417 0.023878 0.029636
0 0.709375 0.460417 0.0201 0.026364
0 0.635156 0.470833 0.024416 0.036121
0 0.95625 0.46875 0.018756 0.022285
0 0.609375 0.505208 0.023654 0.030791
0 0.940625 0.510417 0.02413 0.031832
0 0.008078 0.530208 0.016156 0.028155
0 0.6125 0.530208 0.020566 0.026042
0 0.421094 0.53125 0.018784 0.026311
0 0.598437 0.535417 0.026593 0.033416
0 0.022656 0.56875 0.021819 0.028356
0 0.477344 0.598958 0.028478 0.037737
0 0.389062 0.636458 0.023461 0.030231
0 0.453125 0.657292 0.028743 0.04079
0 0.108594 0.692708 0.024341 0.028597
0 0.1125 0.7125 0.021976 0.025927
0 0.505469 0.748958 0.025283 0.033934
0 0.307031 0.771875 0.031481 0.040352
0 0.920312 0.783333 0.022017 0.028277
0 0.110937 0.786458 0.023847 0.0333
0 0.171094 0.798958 0.036716 0.043106
0 0.340625 0.80625 0.03139 0.040148
0 0.232813 0.819792 0.01882 0.024173
0 0.195312 0.855208 0.022047 0.026945
0 0.464062 0.877083 0.023786 0.032659
0 0.59375 0.877083 0.026376 0.032785
0 0.0875 0.892708 0.023385 0.032449
0 0.209375 0.890625 0.025161 0.030661
0 0.273438 0.919792 0.020697 0.026524
0 0.825 0.927083 0.019792 0.025321
0 0.420312 0.935417 0.026048 0.031808
0 0.563281 0.948958 0.020395 0.028324
0 0.35 0.976042 0.020566 0.026042
0 0.598437 0.977083 0.020328 0.024087