0 0.4875 0.007824 0.019733 0.015648
0 0.708594 0.009841 0.021339 0.019681
0 0.848437 0.01875 0.022669 0.026114
0 0.691406 0.030208 0.018124 0.023544
0 0.389844 0.095833 0.018008 0.02309
0 0.442188 0.114583 0.022447 0.02875
0 0.976562 0.151042 0.021161 0.025349
0 0.732031 0.2 0.021339 0.026862
0 0.332813 0.279167 0.025006 0.026127
0 0.189062 0.325 0.044062 0.056587
0 0.467187 0.329167 0.019768 0.025593
0 0.426563 0.3625 0.020566 0.026042
0 0.021875 0.388542 0.019792 0.025321
0 0.155469 0.396875 0.021161 0.025349
0 0.410938 0.447917 0.019446 0.026546
0 0.50625 0.488542 0.020566 0.026042
0 0.374219 0.528125 0.021314 0.02663
0 0.022656 0.545833 0.02563 0.034173
0 0.038281 0.610417 0.021618 0.02791
0 0.56875 0.683333 0.028865 0.037362
0 0.123438 0.782292 0.019909 0.025929
0 0.885156 0.789583 0.028112 0.036511
0 0.704688 0.805208 0.025171 0.029147
0 0.529687 0.817708 0.019909 0.025929
0 0.675 0.833333 0.028394 0.033109
0 0.850781 0.923958 0.021479 0.027243
0 0.129688 0.947917 0.023293 0.029834