0 0.236719 0.009235 0.018939 0.018471
0 0.796094 0.029167 0.023456 0.028163
0 0.214062 0.059375 0.019638 0.024534
0 0.977344 0.070833 0.022776 0.032111
0 0.103125 0.08125 0.022971 0.028458
0 0.980469 0.144792 0.020566 0.027421
0 0.097656 0.167708 0.021701 0.028014
0 0.116406 0.172917 0.024496 0.029918
0 0.541406 0.182292 0.022916 0.027967
0 0.952344 0.210417 0.022447 0.02875
0 0.416406 0.217708 0.02143 0.027648
0 0.126562 0.240625 0.019627 0.024405
0 0.172656 0.255208 0.021314 0.02663
0 0.510156 0.25625 0.020328 0.024087
0 0.517188 0.290625 0.020134 0.027719
0 0.685937 0.309375 0.023385 0.032449
0 0.4 0.327083 0.022828 0.027821
0 0.361719 0.339583 0.017759 0.024215
0 0.251563 0.378125 0.023293 0.029834
0 0.628125 0.394792 0.019925 0.025905
0 0.828906 0.430208 0.024467 0.034451
0 0.723437 0.445833 0.019429 0.026567
0 0.0875 0.452083 0.018756 0.022285
0 0.241406 0.460417 0.021314 0.02663
0 0.979688 0.496875 0.02095 0.027383
0 0.353125 0.515625 0.01971 0.025332
0 0.350781 0.530208 0.024928 0.036255
0 0.610156 0.580208 0.02475 0.031228
0 0.725 0.576042 0.019925 0.025905
0 0.432031 0.616667 0.021161 0.025349
0 0.547656 0.638542 0.018756 0.022285
0 0.201563 0.647917 0.01971 0.025332
0 0.164062 0.648958 0.018008 0.02309
0 0.625781 0.705208 0.018939 0.024442
0 0.714063 0.853125 0.019733 0.025046
0 0.427344 0.85625 0.018008 0.02309
0 0.85 0.936458 0.020676 0.026744
0 0.463281 0.965625 0.02118 0.025185
0 0.28125 0.967708 0.018773 0.023107
0 0.492188 0.985417 0.019909 0.025929