0 0.154688 0.01078 0.018756 0.021559
0 0.128125 0.052083 0.022937 0.028155
0 0.288281 0.05 0.021243 0.027194
0 0.142969 0.061458 0.032209 0.038522
0 0.870313 0.063542 0.025611 0.031936
0 0.169531 0.067708 0.020341 0.025073
0 0.240625 0.071875 0.019733 0.025046
0 0.503906 0.090625 0.029369 0.035583
0 0.650781 0.121875 0.025086 0.031874
0 0.711719 0.1625 0.030698 0.037942
0 0.321875 0.166667 0.020529 0.025786
0 0.350781 0.2 0.026245 0.031768
0 0.021094 0.21875 0.027054 0.032892
0 0.507812 0.219792 0.01902 0.024748
0 0.142187 0.233333 0.029089 0.036562
0 0.540625 0.232292 0.023026 0.028919
0 0.169531 0.232292 0.021339 0.026862
0 0.028906 0.236458 0.018773 0.023107
0 0.895312 0.240625 0.019556 0.027142
0 0.214062 0.252083 0.018756 0.022285
0 0.251563 0.297917 0.026933 0.037088
0 0.624219 0.295833 0.026598 0.029342
0 0.184375 0.340625 0.020676 0.026744
0 0.1875 0.353125 0.025424 0.031337
0 0.129688 0.3625 0.027152 0.03818
0 0.241406 0.3875 0.027887 0.035516
0 0.2125 0.39375 0.019574 0.023676
0 0.214062 0.415625 0.02714 0.033665
0 0.132812 0.439583 0.030623 0.037449
0 0.170313 0.445833 0.018773 0.023107
0 0.56875 0.461458 0.034218 0.044094
0 0.179688 0.453125 0.019638 0.024534
0 0.703125 0.470833 0.03077 0.034855
0 0.728125 0.484375 0.020058 0.027568
0 0.702344 0.484375 0.018773 0.023107
0 0.224219 0.494792 0.021198 0.026257
0 0.516406 0.50625 0.022464 0.028723
0 0.528125 0.532292 0.019574 0.023676
0 0.648438 0.563542 0.021479 0.027243
0 0.310156 0.571875 0.027491 0.033647
0 0.973437 0.590625 0.027605 0.033962
0 0.042188 0.597917 0.022346 0.029794
0 0.95625 0.608333 0.020551 0.027917
0 0.685156 0.623958 0.018124 0.023544
0 0.665625 0.655208 0.029145 0.035766
0 0.925 0.76875 0.021902 0.027122
0 0.345313 0.769792 0.022828 0.027821
0 0.553125 0.8375 0.023097 0.028871
0 0.939063 0.846875 0.024897 0.032298
0 0.869531 0.903125 0.02925 0.044354
0 0.895312 0.91875 0.024886 0.03407
0 0.252344 0.932292 0.024733 0.030499
0 0.64375 0.965625 0.033225 0.04039
0 0.392188 0.965625 0.026729 0.035638
0 0.7625 0.963542 0.020627 0.027503
0 0.714844 0.979167 0.020328 0.024087