0 0.926562 0.026042 0.018008 0.02309
0 0.576562 0.03125 0.023476 0.030208
0 0.610156 0.039583 0.021314 0.02663
0 0.257812 0.055208 0.030288 0.039077
0 0.409375 0.06875 0.026376 0.032785
0 0.5875 0.070833 0.019627 0.024405
0 0.93125 0.080208 0.019909 0.025929
0 0.721875 0.089583 0.017658 0.024165
0 0.117188 0.10625 0.023654 0.029634
0 0.303125 0.129167 0.026 0.030914
0 0.563281 0.161458 0.021314 0.02663
0 0.575781 0.170833 0.021105 0.028403
0 0.749219 0.201042 0.021542 0.027554
0 0.286719 0.2375 0.029537 0.036103
0 0.411719 0.238542 0.032086 0.038817
0 0.3125 0.25 0.020371 0.024457
0 0.66875 0.296875 0.022883 0.028677
0 0.776563 0.335417 0.019574 0.023676
0 0.695312 0.386458 0.019992 0.026974
0 0.135156 0.422917 0.02479 0.031527
0 0.3 0.432292 0.027196 0.036515
0 0.105469 0.472917 0.028112 0.036511
0 0.219531 0.484375 0.018561 0.025359
0 0.371875 0.485417 0.020676 0.026744
0 0.358594 0.551042 0.024584 0.031012
0 0.044531 0.555208 0.021362 0.02664
0 0.467969 0.590625 0.028181 0.039371
0 0.233594 0.629167 0.018939 0.024442
0 0.109375 0.66875 0.019733 0.025046
0 0.289062 0.722917 0.02018 0.026907
0 0.061719 0.738542 0.024837 0.032478
0 0.017969 0.753125 0.025062 0.035457
0 0.360156 0.761458 0.028388 0.042933
0 0.538281 0.763542 0.020676 0.026744
0 0.251563 0.819792 0.02434 0.033657
0 0.597656 0.870833 0.02143 0.027648
0 0.277344 0.948958 0.021689 0.030701