0 0.121094 0.045833 0.020441 0.025129
0 0.085938 0.096875 0.024136 0.031823
0 0.427344 0.171875 0.024467 0.034451
0 0.160938 0.173958 0.026848 0.034118
0 0.339062 0.2 0.019792 0.025321
0 0.672656 0.226042 0.026376 0.032785
0 0.935937 0.230208 0.019792 0.025321
0 0.822656 0.254167 0.02306 0.029195
0 0.928125 0.278125 0.020566 0.026042
0 0.761719 0.304167 0.023804 0.033777
0 0.583594 0.319792 0.022758 0.030751
0 0.229687 0.360417 0.02585 0.031338
0 0.854688 0.36875 0.020058 0.027568
0 0.984375 0.379167 0.019574 0.023676
0 0.122656 0.405208 0.021542 0.029952
0 0.379688 0.417708 0.020566 0.026042
0 0.550781 0.446875 0.021239 0.025868
0 0.128125 0.465625 0.019638 0.024534
0 0.736719 0.475 0.018048 0.02325
0 0.240625 0.563542 0.026367 0.036176
0 0.619531 0.623958 0.020566 0.026042
0 0.078125 0.657292 0.019909 0.025929
0 0.824219 0.6625 0.021314 0.02663
0 0.767969 0.7125 0.019627 0.024405
0 0.882031 0.778125 0.021701 0.028014
0 0.510938 0.79375 0.018756 0.022285
0 0.452344 0.798958 0.02426 0.027326
0 0.478906 0.817708 0.020566 0.026042
0 0.757812 0.891667 0.019733 0.025046
0 0.95 0.932292 0.019925 0.025905
0 0.7375 0.95 0.019762 0.028269
0 0.448437 0.955208 0.020537 0.027934