0 0.346094 0.013999 0.023028 0.027999
0 0.248438 0.0875 0.023232 0.0323
0 0.19375 0.098958 0.020627 0.027503
0 0.382812 0.182292 0.022242 0.030281
0 0.042188 0.188542 0.020422 0.025409
0 0.833594 0.234375 0.025215 0.032495
0 0.524219 0.239583 0.018561 0.025359
0 0.909375 0.279167 0.018999 0.02628
0 0.828125 0.38125 0.019792 0.025321
0 0.846094 0.430208 0.021761 0.031624
0 0.891406 0.471875 0.018161 0.023679
0 0.734375 0.483333 0.018827 0.023629
0 0.451562 0.538542 0.021116 0.030583
0 0.765625 0.539583 0.021894 0.026105
0 0.626563 0.561458 0.023219 0.032221
0 0.797656 0.567708 0.020566 0.026042
0 0.073438 0.575 0.018756 0.022285
0 0.600781 0.688542 0.019531 0.026042
0 0.45 0.70625 0.019627 0.024405
0 0.335938 0.753125 0.018846 0.02378
0 0.471875 0.778125 0.022996 0.028271
0 0.222656 0.865625 0.021243 0.027194