0 0.814844 0.057292 0.01971 0.025332
0 0.4625 0.092708 0.019733 0.025046
0 0.607031 0.098958 0.02537 0.032683
0 0.153906 0.120833 0.024425 0.030612
0 0.292187 0.125 0.022971 0.028458
0 0.178906 0.127083 0.024341 0.028597
0 0.739062 0.127083 0.0201 0.026364
0 0.557031 0.142708 0.023538 0.032216
0 0.113281 0.15625 0.021924 0.029232
0 0.35 0.160417 0.023771 0.032677
0 0.447656 0.1875 0.021314 0.02663
0 0.010462 0.194792 0.020924 0.031871
0 0.390625 0.2 0.022861 0.027439
0 0.438281 0.220833 0.021479 0.027243
0 0.332031 0.257292 0.02537 0.032683
0 0.742188 0.259375 0.022883 0.028677
0 0.241406 0.292708 0.028454 0.039243
0 0.557031 0.289583 0.021989 0.028877
0 0.042969 0.304167 0.022729 0.02728
0 0.724219 0.325 0.025084 0.031877
0 0.414062 0.346875 0.023097 0.028871
0 0.325 0.365625 0.023319 0.029672
0 0.307812 0.375 0.023319 0.029672
0 0.414062 0.408333 0.022996 0.028271
0 0.253125 0.413542 0.01971 0.025332
0 0.792188 0.416667 0.022777 0.026557
0 0.688281 0.434375 0.024338 0.027553
0 0.186719 0.446875 0.024733 0.030499
0 0.844531 0.453125 0.028753 0.03655
0 0.703125 0.516667 0.02077 0.027051
0 0.189844 0.522917 0.024496 0.029918
0 0.558594 0.532292 0.021198 0.026257
0 0.575781 0.6 0.025543 0.032425
0 0.873437 0.60625 0.026883 0.036608
0 0.903906 0.608333 0.022758 0.030751
0 0.322656 0.626042 0.024975 0.031796
0 0.921094 0.652083 0.021819 0.028356
0 0.029687 0.694792 0.019909 0.025929
0 0.255469 0.717708 0.020938 0.027401
0 0.175 0.728125 0.019909 0.025929
0 0.348438 0.746875 0.026537 0.033111
0 0.421875 0.746875 0.023268 0.032258
0 0.789844 0.771875 0.025343 0.032814
0 0.8 0.792708 0.023219 0.032221
0 0.146094 0.802083 0.021796 0.030069
0 0.742188 0.816667 0.023557 0.030821
0 0.739844 0.89375 0.021804 0.02852
0 0.992655 0.902083 0.01469 0.024589
0 0.950781 0.935417 0.021362 0.02664
0 0.25 0.951042 0.019909 0.025929
0 0.528906 0.959375 0.024883 0.040994
0 0.988832 0.957292 0.022337 0.02679