0 0.257031 0.012325 0.02583 0.024651
0 0.836719 0.012963 0.02101 0.025926
0 0.698438 0.033333 0.023878 0.029636
0 0.398438 0.108333 0.032585 0.051109
0 0.257031 0.207292 0.058734 0.072617
0 0.091406 0.207292 0.017759 0.024215
0 0.460938 0.228125 0.018939 0.024442
0 0.883594 0.236458 0.017317 0.024011
0 0.172656 0.25 0.025934 0.031502
0 0.370312 0.25625 0.033399 0.038797
0 0.56875 0.252083 0.021198 0.026257
0 0.296875 0.304167 0.023097 0.028871
0 0.320312 0.321875 0.052459 0.045109
0 0.525781 0.346875 0.023645 0.033053
0 0.485938 0.360417 0.022731 0.029504
0 0.304688 0.36875 0.021618 0.02791
0 0.98125 0.373958 0.02217 0.02922
0 0.259375 0.373958 0.020551 0.027917
0 0.25625 0.390625 0.018991 0.026389
0 0.480469 0.396875 0.027677 0.039497
0 0.435937 0.40625 0.027111 0.035073
0 0.132812 0.40625 0.021896 0.030747
0 0.241406 0.416667 0.019429 0.026567
0 0.746875 0.425 0.024736 0.034375
0 0.635938 0.43125 0.022254 0.031093
0 0.2875 0.430208 0.024274 0.028304
0 0.020313 0.435417 0.021188 0.031523
0 0.264062 0.451042 0.02139 0.029072
0 0.389062 0.452083 0.021112 0.025088
0 0.305469 0.455208 0.017982 0.022269
0 0.296094 0.46875 0.018331 0.025253
0 0.189844 0.48125 0.019768 0.025593
0 0.016406 0.491667 0.021946 0.026299
0 0.269531 0.501042 0.020566 0.026042
0 0.532813 0.545833 0.023654 0.029634
0 0.172656 0.559375 0.022729 0.02728
0 0.348438 0.565625 0.043881 0.039377
0 0.447656 0.58125 0.02431 0.030289
0 0.459375 0.585417 0.024084 0.035848
0 0.303125 0.5875 0.017438 0.024063
0 0.392188 0.610417 0.028254 0.038776
0 0.7 0.633333 0.029089 0.036562
0 0.135937 0.703125 0.024599 0.038967
0 0.464062 0.703125 0.021145 0.028907
0 0.116406 0.70625 0.02479 0.031527
0 0.186719 0.747917 0.019909 0.025929
0 0.488281 0.772917 0.020231 0.026656
0 0.058594 0.798958 0.023319 0.029672
0 0.055469 0.821875 0.019574 0.023676
0 0.486719 0.827083 0.017301 0.024027
0 0.039844 0.865625 0.022937 0.028155
0 0.244531 0.867708 0.017301 0.024027
0 0.639062 0.886458 0.026615 0.041062
0 0.08125 0.904167 0.021999 0.028864
0 0.36875 0.904167 0.021542 0.027554
0 0.80625 0.90625 0.018008 0.02309
0 0.583594 0.921875 0.019792 0.025321
0 0.39375 0.939583 0.027358 0.043088
0 0.685937 0.942708 0.026001 0.04589
0 0.641406 0.938542 0.021885 0.028544
0 0.697656 0.944792 0.025002 0.031555
0 0.120313 0.948958 0.02828 0.039543
0 0.55625 0.945833 0.021976 0.025927
0 0.240625 0.95 0.018406 0.026178
0 0.567187 0.960417 0.025282 0.034542
0 0.654687 0.965625 0.025243 0.032454