0 0.055469 0.142708 0.022111 0.027748
0 0.776563 0.164583 0.022828 0.027821
0 0.690625 0.188542 0.021202 0.026349
0 0.45625 0.2375 0.019543 0.023126
0 0.859375 0.255208 0.022682 0.028155
0 0.272656 0.459375 0.021443 0.029582
0 0.782031 0.48125 0.021314 0.02663
0 0.085156 0.53125 0.021202 0.026349
0 0.978906 0.551042 0.024565 0.029737
0 0.616406 0.575 0.021479 0.027243
0 0.8 0.585417 0.024377 0.029518
0 0.407813 0.646875 0.019574 0.023676
0 0.710938 0.786458 0.026848 0.034118
0 0.61875 0.797917 0.01971 0.025332
0 0.542969 0.804167 0.017982 0.022269
0 0.585156 0.875 0.025957 0.03004