0 0.992054 0.111458 0.015892 0.025103
0 0.990564 0.178125 0.018872 0.031853
0 0.982812 0.18125 0.02867 0.035498
0 0.967187 0.1875 0.021923 0.025492
0 0.970313 0.195833 0.026166 0.030931
0 0.971094 0.222917 0.018406 0.026178
0 0.985156 0.222917 0.018756 0.022285
0 0.986719 0.233333 0.020328 0.024087
0 0.991202 0.261458 0.017597 0.030993
0 0.991591 0.26875 0.016818 0.023676
0 0.976562 0.291667 0.022383 0.029112
0 0.99178 0.379167 0.01644 0.02711
0 0.992553 0.410417 0.014893 0.025429
0 0.993226 0.452083 0.013548 0.025103
0 0.986719 0.465625 0.018442 0.024589
0 0.986316 0.503125 0.027368 0.037548
0 0.993141 0.521875 0.013719 0.026069
0 0.98125 0.534375 0.017337 0.025026
0 0.990925 0.538542 0.01815 0.026744
0 0.988281 0.544792 0.022689 0.028216
0 0.959375 0.546875 0.018124 0.023544
0 0.986507 0.561458 0.026986 0.038597
0 0.982812 0.58125 0.02443 0.036107
0 0.982564 0.60625 0.034873 0.066653
0 0.976562 0.603125 0.016719 0.026046
0 0.977344 0.609375 0.019542 0.02313
0 0.988281 0.628125 0.018442 0.024589
0 0.9875 0.640625 0.024232 0.030858
0 0.993545 0.65 0.01291 0.02309
0 0.984375 0.664583 0.019534 0.022292
0 0.98125 0.669792 0.018051 0.025047
0 0.989844 0.671875 0.018442 0.024589
0 0.985481 0.680208 0.029039 0.038592
0 0.980469 0.69375 0.026871 0.044922
0 0.993545 0.686458 0.01291 0.02309
0 0.980469 0.711458 0.020349 0.030234
0 0.988281 0.716667 0.020647 0.026788
0 0.932813 0.877083 0.023475 0.026349
0 0.986442 0.902083 0.027117 0.037831
0 0.932031 0.972917 0.023444 0.023751