0 0.046094 0.04375 0.021887 0.025097
0 0.142187 0.063542 0.026058 0.030642
0 0.646094 0.078125 0.022947 0.027986
0 0.623437 0.11875 0.022729 0.02728
0 0.370312 0.123958 0.018008 0.02309
0 0.376563 0.179167 0.019714 0.027305
0 0.085938 0.197917 0.020046 0.026244
0 0.952344 0.252083 0.021122 0.026093
0 0.39375 0.2625 0.020566 0.026042
0 0.028906 0.266667 0.018939 0.024442
0 0.908594 0.344792 0.021112 0.025088
0 0.374219 0.35625 0.018008 0.02309
0 0.25625 0.361458 0.020537 0.027934
0 0.382812 0.379167 0.020046 0.026244
0 0.947656 0.3875 0.018442 0.024589
0 0.221094 0.432292 0.018784 0.026311
0 0.807813 0.453125 0.019638 0.024534
0 0.305469 0.471875 0.021339 0.026862
0 0.813281 0.489583 0.01813 0.025093
0 0.967969 0.508333 0.021198 0.026257
0 0.303125 0.565625 0.024516 0.030178
0 0.015625 0.608333 0.019733 0.025046
0 0.364063 0.698958 0.020371 0.024457
0 0.019531 0.763542 0.021239 0.025868
0 0.866406 0.778125 0.021264 0.026134
0 0.874219 0.9 0.021339 0.026862
0 0.407813 0.913542 0.019053 0.030252
0 0.294531 0.928125 0.021339 0.026862
0 0.445312 0.959375 0.019909 0.025929
0 0.109375 0.984375 0.019792 0.025321
0 0.44375 0.988836 0.019925 0.022327