0 0.203906 0.036458 0.021921 0.025381
0 0.200781 0.045833 0.021788 0.030078
0 0.241406 0.094792 0.021788 0.030078
0 0.953906 0.111458 0.022186 0.028591
0 0.988281 0.182292 0.019558 0.02407
0 0.725781 0.229167 0.020697 0.026524
0 0.399219 0.2375 0.022729 0.02728
0 0.01875 0.253125 0.023821 0.030088
0 0.553906 0.271875 0.022937 0.028155
0 0.457813 0.275 0.019768 0.025593
0 0.103906 0.279167 0.020328 0.024087
0 0.046094 0.409375 0.024291 0.029293
0 0.138281 0.435417 0.021405 0.027443
0 0.983594 0.441667 0.02143 0.027648
0 0.50625 0.451042 0.030001 0.037085
0 0.808594 0.476042 0.020811 0.029482
0 0.660156 0.551042 0.024341 0.028597
0 0.759375 0.561458 0.023319 0.029672
0 0.396875 0.570833 0.035503 0.038344
0 0.384375 0.579167 0.019733 0.025046
0 0.473438 0.659375 0.029095 0.032278
0 0.802344 0.703125 0.021479 0.027243
0 0.427344 0.786458 0.024982 0.033615
0 0.249219 0.798958 0.027447 0.031709
0 0.650781 0.817708 0.02168 0.028193
0 0.822656 0.8625 0.029657 0.040052
0 0.558594 0.895833 0.021339 0.026862
0 0.503125 0.9 0.019574 0.023676
0 0.361719 0.908333 0.024652 0.030465
0 0.159375 0.94375 0.026195 0.032242
0 0.285156 0.985417 0.021921 0.025381