0 0.311719 0.020833 0.018939 0.024442
0 0.541406 0.077083 0.021648 0.029332
0 0.982812 0.090625 0.023437 0.034009
0 0.6125 0.107292 0.018999 0.02628
0 0.408594 0.119792 0.02168 0.028193
0 0.633594 0.135417 0.023456 0.028163
0 0.039844 0.141667 0.021161 0.025349
0 0.903125 0.185417 0.019638 0.024534
0 0.180469 0.2125 0.023026 0.028919
0 0.821875 0.226042 0.020676 0.026744
0 0.666406 0.267708 0.018773 0.023107
0 0.204687 0.297917 0.020945 0.028672
0 0.464844 0.325 0.021264 0.026134
0 0.692969 0.379167 0.027816 0.035248
0 0.090625 0.38125 0.022937 0.028155
0 0.89375 0.464583 0.026282 0.036968
0 0.171875 0.472917 0.020566 0.026042
0 0.454688 0.476042 0.017759 0.024215
0 0.771094 0.529167 0.026008 0.033043
0 0.400781 0.554167 0.021105 0.028403
0 0.548438 0.5625 0.023556 0.02766
0 0.094531 0.565625 0.022169 0.033669
0 0.503125 0.579167 0.028104 0.041215
0 0.724219 0.595833 0.025414 0.032846
0 0.451562 0.59375 0.021314 0.02663
0 0.467969 0.594792 0.019992 0.026974
0 0.375781 0.642708 0.025781 0.032981
0 0.815625 0.675 0.029161 0.041107
0 0.1 0.677083 0.02545 0.035034
0 0.652344 0.744792 0.032356 0.041986
0 0.866406 0.876042 0.021989 0.028877
0 0.660937 0.985216 0.026281 0.029567
0 0.682813 0.990024 0.019792 0.019952