0 0.803906 0.139583 0.021796 0.02989
0 0.182812 0.170833 0.023958 0.029808
0 0.35 0.207292 0.020328 0.024087
0 0.772656 0.307292 0.021804 0.02852
0 0.507031 0.454167 0.026987 0.033441
0 0.480469 0.453125 0.021978 0.027245
0 0.933594 0.457292 0.021243 0.027194
0 0.832812 0.494792 0.023476 0.030208
0 0.664062 0.53125 0.026862 0.034014
0 0.572656 0.590625 0.022254 0.031093
0 0.46875 0.592708 0.023319 0.029672
0 0.158594 0.719792 0.023402 0.030544
0 0.826562 0.770833 0.021524 0.031658
0 0.210938 0.813542 0.03729 0.046875
0 0.594531 0.807292 0.022227 0.031837
0 0.603125 0.834375 0.023583 0.030562
0 0.298438 0.8625 0.022911 0.031609
0 0.009139 0.871875 0.018279 0.030475
0 0.407031 0.91875 0.024565 0.029737
0 0.186719 0.941667 0.020328 0.024087