0 0.914844 0.011868 0.021645 0.023735
0 0.171094 0.025 0.025322 0.03032
0 0.9857 0.039583 0.0286 0.046045
0 0.853125 0.045833 0.023758 0.031125
0 0.192969 0.047917 0.023438 0.03125
0 0.464844 0.064583 0.02356 0.030315
0 0.335938 0.069792 0.02145 0.029128
0 0.525781 0.082292 0.025552 0.033182
0 0.467187 0.091667 0.026524 0.033859
0 0.146875 0.109375 0.021701 0.028014
0 0.523438 0.1125 0.02274 0.033763
0 0.986719 0.127083 0.026 0.030914
0 0.085156 0.138542 0.023654 0.029634
0 0.3 0.163542 0.031168 0.040657
0 0.69375 0.208333 0.023661 0.028066
0 0.546094 0.217708 0.026416 0.034181
0 0.71875 0.241667 0.025129 0.029733
0 0.826562 0.255208 0.01875 0.022917
0 0.485156 0.302083 0.029881 0.033204
0 0.507812 0.301042 0.025938 0.031646
0 0.89375 0.319792 0.022959 0.032567
0 0.075781 0.345833 0.026966 0.033171
0 0.757812 0.365625 0.022878 0.036693
0 0.825 0.380208 0.030487 0.027752
0 0.226562 0.396875 0.026389 0.034301
0 0.270313 0.404167 0.026114 0.032925
0 0.621094 0.419792 0.0223 0.033506
0 0.863281 0.416667 0.018939 0.024442
0 0.788281 0.470833 0.032828 0.039206
0 0.452344 0.482292 0.032274 0.045437
0 0.342187 0.485417 0.029089 0.036562
0 0.153906 0.486458 0.027472 0.035676
0 0.850781 0.484375 0.022438 0.032662
0 0.832031 0.501042 0.026997 0.041222
0 0.163281 0.530208 0.026709 0.037161
0 0.539844 0.547917 0.031318 0.040529
0 0.601562 0.542708 0.022017 0.028277
0 0.052344 0.584375 0.018008 0.02309
0 0.282813 0.597917 0.029567 0.038217
0 0.559375 0.628125 0.02656 0.036426
0 0.536719 0.628125 0.023645 0.033053
0 0.082031 0.641667 0.026195 0.032242
0 0.060156 0.655208 0.020371 0.024457
0 0.382031 0.736458 0.027289 0.038142
0 0.769531 0.754167 0.024182 0.034926
0 0.8125 0.773958 0.025343 0.032814
0 0.503906 0.775 0.023293 0.029834
0 0.825781 0.783333 0.021985 0.033408
0 0.10625 0.825 0.026652 0.038566
0 0.628906 0.83125 0.03364 0.04066
0 0.225 0.84375 0.020697 0.026524
0 0.685156 0.884375 0.02911 0.045308
0 0.323437 0.917708 0.024079 0.030374
0 0.271875 0.919792 0.020288 0.027694
0 0.446094 0.93125 0.028531 0.033849
0 0.392188 0.955208 0.025348 0.03196