0 0.032813 0.039583 0.020697 0.026524
0 0.913281 0.040625 0.021819 0.028356
0 0.236719 0.05 0.021198 0.026257
0 0.85625 0.065625 0.026395 0.037036
0 0.438281 0.089583 0.027648 0.034893
0 0.341406 0.121875 0.022625 0.029341
0 0.574219 0.125 0.025781 0.032981
0 0.596094 0.13125 0.021162 0.025464
0 0.528906 0.136458 0.019627 0.024405
0 0.870313 0.152083 0.022128 0.030307
0 0.951562 0.15625 0.022815 0.027608
0 0.602344 0.167708 0.021894 0.026105
0 0.647656 0.172917 0.028215 0.035868
0 0.688281 0.180208 0.022393 0.030491
0 0.442969 0.186458 0.027736 0.03412
0 0.686719 0.207292 0.034307 0.042134
0 0.955469 0.197917 0.017759 0.024215
0 0.021094 0.220833 0.020566 0.026042
0 0.660937 0.242708 0.019925 0.025905
0 0.603906 0.254167 0.026924 0.036277
0 0.634375 0.26875 0.019925 0.025905
0 0.425 0.283333 0.024584 0.031012
0 0.496094 0.302083 0.018048 0.02325
0 0.334375 0.314583 0.021122 0.026093
0 0.069531 0.31875 0.021727 0.028969
0 0.741406 0.325 0.023456 0.028163
0 0.074219 0.339583 0.02365 0.028234
0 0.644531 0.353125 0.031241 0.044575
0 0.410938 0.346875 0.023103 0.02886
0 0.985156 0.35625 0.018876 0.02557
0 0.274219 0.370833 0.022883 0.028677
0 0.078125 0.380208 0.021239 0.025868
0 0.153125 0.383333 0.025032 0.027341
0 0.638281 0.394792 0.02559 0.036981
0 0.271875 0.402083 0.01971 0.025332
0 0.16875 0.408333 0.021887 0.025097
0 0.263281 0.416667 0.025993 0.03769
0 0.125 0.419792 0.024018 0.034278
0 0.170313 0.436458 0.026048 0.031808
0 0.540625 0.479167 0.020676 0.026744
0 0.128906 0.486458 0.023707 0.030548
0 0.389844 0.483333 0.019558 0.02407
0 0.84375 0.495833 0.023583 0.030562
0 0.791406 0.498958 0.021819 0.028356
0 0.25 0.510417 0.027239 0.035748
0 0.79375 0.507292 0.023476 0.030208
0 0.1 0.536458 0.023654 0.029634
0 0.991578 0.5375 0.016845 0.024405
0 0.121094 0.548958 0.018827 0.023629
0 0.416406 0.579167 0.031102 0.047299
0 0.300781 0.583333 0.028222 0.039025
0 0.486719 0.579167 0.021314 0.02663
0 0.357031 0.586458 0.019627 0.024405
0 0.521875 0.609375 0.023026 0.028919
0 0.339062 0.613542 0.018939 0.024442
0 0.251563 0.620833 0.029185 0.036894
0 0.08125 0.620833 0.020371 0.024457
0 0.891406 0.627083 0.021314 0.02663
0 0.600781 0.641667 0.018939 0.024442
0 0.409375 0.642708 0.019792 0.025321
0 0.6 0.673958 0.019531 0.027421
0 0.157812 0.682292 0.026273 0.033081
0 0.4 0.68125 0.01971 0.025332
0 0.442188 0.6875 0.019792 0.025321
0 0.482031 0.709375 0.021819 0.028356
0 0.351562 0.719792 0.018827 0.023629
0 0.9875 0.73125 0.023894 0.035927
0 0.521875 0.733333 0.020676 0.026744
0 0.453906 0.760417 0.02499 0.039993
0 0.899219 0.770833 0.023161 0.029971
0 0.890625 0.784375 0.020231 0.026656
0 0.130469 0.792708 0.020441 0.025129
0 0.892969 0.811458 0.022495 0.030475
0 0.290625 0.816667 0.02588 0.029593
0 0.3875 0.822917 0.022613 0.03015
0 0.892969 0.840625 0.02475 0.031228
0 0.480469 0.84375 0.025161 0.030661
0 0.321875 0.852083 0.021546 0.027548
0 0.6125 0.863542 0.019627 0.024405
0 0.575 0.866667 0.020134 0.027719
0 0.303906 0.869792 0.023597 0.02855
0 0.559375 0.872917 0.020231 0.026656
0 0.976562 0.877083 0.020676 0.026744
0 0.304688 0.908333 0.022937 0.028155
0 0.357812 0.908333 0.019909 0.025929
0 0.726562 0.928125 0.020697 0.026524
0 0.521875 0.946875 0.023931 0.031351
0 0.757812 0.960417 0.023933 0.036696
0 0.358594 0.9625 0.030928 0.037737
0 0.413281 0.979167 0.020566 0.026042
0 0.065625 0.986458 0.021362 0.02664
0 0.86875 0.989874 0.019585 0.020251