0 0.991127 0.154167 0.017747 0.025663
0 0.24375 0.207292 0.018846 0.02378
0 0.382812 0.214583 0.017982 0.022269
0 0.29375 0.240625 0.02328 0.030323
0 0.1 0.24375 0.019429 0.026567
0 0.361719 0.266667 0.018773 0.023107
0 0.480469 0.295833 0.025161 0.033548
0 0.427344 0.313542 0.023607 0.028741
0 0.303906 0.408333 0.018846 0.027254
0 0.601562 0.460417 0.018991 0.026389
0 0.017969 0.519792 0.018827 0.023629
0 0.4 0.534375 0.018124 0.023544
0 0.691406 0.598958 0.028181 0.039371
0 0.392188 0.594792 0.019633 0.024542
0 0.145313 0.663542 0.018442 0.024589
0 0.444531 0.70625 0.020095 0.034426
0 0.113281 0.727083 0.021314 0.02663
0 0.239063 0.732292 0.018442 0.024589
0 0.119531 0.734375 0.019733 0.025046
0 0.397656 0.865625 0.018939 0.024442
0 0.314844 0.867708 0.021122 0.026093
0 0.951562 0.903125 0.018939 0.024442
0 0.484375 0.928125 0.022418 0.029062
0 0.602344 0.976042 0.019693 0.024852