0 0.508594 0.009693 0.021819 0.019386
0 0.390625 0.0375 0.020938 0.027401
0 0.289844 0.039583 0.02168 0.028193
0 0.040625 0.053125 0.023185 0.034666
0 0.480469 0.076042 0.022393 0.030491
0 0.245312 0.088542 0.020676 0.026744
0 0.117969 0.091667 0.021314 0.02663
0 0.586719 0.096875 0.024459 0.028776
0 0.119531 0.104167 0.020697 0.026524
0 0.7625 0.104167 0.022111 0.027748
0 0.9125 0.10625 0.023319 0.029672
0 0.728125 0.123958 0.019534 0.022292
0 0.758594 0.14375 0.021999 0.028864
0 0.05625 0.146875 0.02588 0.029593
0 0.90625 0.151042 0.019792 0.025321
0 0.375781 0.166667 0.020046 0.026244
0 0.8625 0.175 0.025905 0.030541
0 0.691406 0.173958 0.019574 0.023676
0 0.875781 0.185417 0.024496 0.029918
0 0.585156 0.189583 0.020811 0.029482
0 0.671094 0.228125 0.022758 0.030751
0 0.614062 0.229167 0.019339 0.027372
0 0.389062 0.229167 0.019574 0.023676
0 0.84375 0.269792 0.019792 0.025321
0 0.351562 0.275 0.019531 0.027421
0 0.011377 0.291667 0.022755 0.031603
0 0.698438 0.316667 0.021978 0.027245
0 0.439063 0.330208 0.020537 0.027934
0 0.825781 0.354167 0.021999 0.028864
0 0.499219 0.3625 0.021314 0.02663
0 0.251563 0.371875 0.026376 0.032785
0 0.091406 0.371875 0.023447 0.026119
0 0.465625 0.373958 0.019638 0.024534
0 0.235937 0.380208 0.020566 0.026042
0 0.617969 0.383333 0.021796 0.02989
0 0.80625 0.411458 0.019574 0.023676
0 0.764844 0.446875 0.022393 0.030491
0 0.939844 0.446875 0.021339 0.026862
0 0.38125 0.454167 0.026105 0.0312
0 0.9125 0.480208 0.023232 0.0323
0 0.185156 0.490625 0.024568 0.035303
0 0.265625 0.486458 0.022937 0.028155
0 0.24375 0.502083 0.019574 0.023676
0 0.296094 0.5125 0.025181 0.038675
0 0.313281 0.516667 0.027384 0.040692
0 0.328906 0.509375 0.020566 0.026042
0 0.798438 0.51875 0.02307 0.032944
0 0.864844 0.529167 0.024539 0.029349
0 0.161719 0.535417 0.025243 0.032454
0 0.133594 0.539583 0.020328 0.024087
0 0.955469 0.540625 0.018773 0.023107
0 0.011743 0.545833 0.023486 0.029328
0 0.025781 0.565625 0.025414 0.032846
0 0.207031 0.5875 0.024496 0.029918
0 0.375781 0.592708 0.018773 0.023107
0 0.944531 0.611458 0.018161 0.023679
0 0.146875 0.636458 0.024632 0.033338
0 0.938281 0.672917 0.018442 0.024589
0 0.910156 0.704167 0.026195 0.032242
0 0.401562 0.703125 0.019925 0.025905
0 0.747656 0.713542 0.020566 0.026042
0 0.111719 0.71875 0.022209 0.029294
0 0.176563 0.719792 0.022828 0.027821
0 0.449219 0.720833 0.024897 0.032298
0 0.4 0.734375 0.026779 0.031865
0 0.471875 0.735417 0.022911 0.031609
0 0.953125 0.735417 0.022883 0.028677
0 0.192188 0.7625 0.021976 0.025927
0 0.110156 0.78125 0.023933 0.036696
0 0.164844 0.789583 0.022376 0.031057
0 0.202344 0.797917 0.021727 0.028969
0 0.925 0.798958 0.025095 0.028633
0 0.967969 0.802083 0.025086 0.031874
0 0.35625 0.825 0.028574 0.037444
0 0.383594 0.825 0.025084 0.031877
0 0.2875 0.829167 0.025934 0.031502
0 0.060156 0.841667 0.024384 0.02969
0 0.492188 0.855208 0.020627 0.027503
0 0.142187 0.858333 0.021161 0.025349
0 0.04375 0.876042 0.029207 0.033707
0 0.020313 0.873958 0.021198 0.026257
0 0.545312 0.880208 0.023245 0.036763
0 0.675781 0.916667 0.025343 0.032814
0 0.421875 0.925 0.020154 0.028445
0 0.6375 0.928125 0.020866 0.030437
0 0.392969 0.928125 0.021902 0.027122
0 0.463281 0.930208 0.024194 0.031024
0 0.767188 0.955208 0.022876 0.031243
0 0.633594 0.961458 0.021989 0.028877
0 0.383594 0.969792 0.021362 0.02664
0 0.526563 0.979167 0.026775 0.030454
0 0.328125 0.98922 0.018756 0.021559