0 0.505469 0.039583 0.021104 0.024098
0 0.592969 0.076042 0.030119 0.042803
0 0.93125 0.089583 0.027766 0.044207
0 0.7875 0.123958 0.019992 0.026974
0 0.969531 0.147917 0.019627 0.024405
0 0.21875 0.154167 0.026195 0.032242
0 0.072656 0.1625 0.020676 0.026744
0 0.585938 0.222917 0.027813 0.040001
0 0.894531 0.23125 0.021542 0.027554
0 0.65 0.269792 0.025865 0.032349
0 0.360938 0.301042 0.021479 0.027243
0 0.573438 0.314583 0.033773 0.042342
0 0.1625 0.314583 0.022937 0.028155
0 0.84375 0.323958 0.023026 0.035721
0 0.934375 0.338542 0.019792 0.025321
0 0.89375 0.360417 0.022815 0.027608
0 0.884375 0.376042 0.019574 0.023676
0 0.128125 0.425 0.018756 0.022285
0 0.654687 0.488542 0.02095 0.027383
0 0.260937 0.560417 0.018756 0.022285
0 0.451562 0.569792 0.028262 0.03619
0 0.723437 0.601042 0.020566 0.026042
0 0.360938 0.613542 0.027239 0.033549
0 0.259375 0.625 0.0201 0.026364
0 0.282031 0.629167 0.029815 0.032942
0 0.385937 0.642708 0.018442 0.024589
0 0.670312 0.6625 0.020537 0.027934
0 0.389062 0.710417 0.026299 0.033348
0 0.2375 0.73125 0.024309 0.031325
0 0.89375 0.795833 0.023778 0.030992
0 0.748437 0.794792 0.019429 0.026567
0 0.894531 0.81875 0.021648 0.029332
0 0.707031 0.836458 0.024565 0.029737
0 0.109375 0.878125 0.020566 0.026042
0 0.155469 0.89375 0.021314 0.02663
0 0.071094 0.894792 0.021314 0.02663
0 0.032031 0.917708 0.025513 0.033411
0 0.102344 0.978125 0.023878 0.029636