0 0.280469 0.026042 0.024641 0.032044
0 0.641406 0.027083 0.021658 0.029319
0 0.097656 0.038542 0.029555 0.037371
0 0.304688 0.061458 0.029307 0.034742
0 0.289062 0.110417 0.026689 0.03168
0 0.372656 0.140625 0.021243 0.027194
0 0.280469 0.147917 0.025211 0.033309
0 0.660156 0.15 0.019531 0.026042
0 0.829688 0.178125 0.019543 0.023126
0 0.064844 0.226042 0.024291 0.029293
0 0.222656 0.263542 0.028606 0.036385
0 0.209375 0.266667 0.022828 0.027821
0 0.680469 0.271875 0.025685 0.036465
0 0.575781 0.279167 0.024635 0.033885
0 0.633594 0.33125 0.018008 0.02309
0 0.896094 0.346875 0.02466 0.031871
0 0.63125 0.373958 0.022729 0.02728
0 0.135937 0.498958 0.020479 0.026286
0 0.04375 0.511458 0.027411 0.037546
0 0.670312 0.510417 0.029083 0.033854
0 0.838281 0.508333 0.02168 0.028193
0 0.357031 0.515625 0.021976 0.025927
0 0.990286 0.519792 0.019429 0.0323
0 0.088281 0.520833 0.021131 0.02449
0 0.647656 0.576042 0.026195 0.032242
0 0.81875 0.621875 0.017759 0.024215
0 0.667969 0.6875 0.021479 0.027243
0 0.646094 0.715625 0.025541 0.033198
0 0.603906 0.760417 0.02537 0.032683
0 0.117969 0.78125 0.022209 0.029294
0 0.960938 0.822917 0.023778 0.030992
0 0.489063 0.826042 0.026105 0.0312
0 0.736719 0.826042 0.019638 0.024534
0 0.925781 0.870833 0.021112 0.025088
0 0.26875 0.90625 0.019893 0.027596
0 0.742188 0.926042 0.022815 0.027608
0 0.40625 0.935417 0.029009 0.033698
0 0.869531 0.936458 0.024938 0.031451
0 0.646094 0.970833 0.025002 0.031555
0 0.750781 0.983333 0.025084 0.031877
0 0.867188 0.982292 0.020676 0.026744