0 0.411719 0.121875 0.018773 0.023107
0 0.925781 0.126042 0.022254 0.031093
0 0.729688 0.1375 0.029457 0.036717
0 0.9912 0.136458 0.0176 0.023676
0 0.539844 0.165625 0.026245 0.031768
0 0.148438 0.209375 0.023796 0.029832
0 0.048438 0.220833 0.026724 0.034099
0 0.096094 0.232292 0.026447 0.036358
0 0.108594 0.260417 0.018008 0.02309
0 0.217969 0.292708 0.027753 0.034375
0 0.955469 0.326042 0.018442 0.024589
0 0.010223 0.338542 0.020447 0.027371
0 0.863281 0.348958 0.022418 0.029062
0 0.265625 0.3625 0.028215 0.035868
0 0.359375 0.377083 0.026221 0.032529
0 0.953906 0.397917 0.021508 0.03051
0 0.492969 0.407292 0.022111 0.027748
0 0.0375 0.432292 0.0211 0.027734
0 0.699219 0.441667 0.029488 0.037858
0 0.427344 0.442708 0.018008 0.02309
0 0.313281 0.467708 0.02479 0.031527
0 0.607031 0.471875 0.030827 0.038244
0 0.664062 0.476042 0.018442 0.024589
0 0.49375 0.509375 0.019638 0.024534
0 0.613281 0.5125 0.021999 0.028864
0 0.614062 0.553125 0.020566 0.026042
0 0.746875 0.5625 0.01902 0.024748
0 0.503906 0.571875 0.018756 0.022285
0 0.585938 0.583333 0.026221 0.032529
0 0.557813 0.588542 0.02393 0.031906
0 0.021094 0.59375 0.020566 0.026042
0 0.401562 0.611458 0.024818 0.032596
0 0.171094 0.622917 0.020341 0.025073
0 0.420312 0.65 0.027409 0.033398
0 0.327344 0.66875 0.027883 0.036135
0 0.461719 0.717708 0.024494 0.031715
0 0.284375 0.760417 0.027255 0.036849
0 0.253906 0.771875 0.017982 0.022269
0 0.05625 0.782292 0.025086 0.031874
0 0.707031 0.809375 0.018008 0.02309
0 0.254688 0.810417 0.018008 0.02309
0 0.542188 0.836458 0.022996 0.028271
0 0.7875 0.845833 0.021247 0.027272
0 0.461719 0.847917 0.021701 0.028014
0 0.369531 0.854167 0.021656 0.028229
0 0.742969 0.902083 0.020566 0.026042
0 0.43125 0.917708 0.022729 0.02728
0 0.36875 0.920833 0.021247 0.027272
0 0.644531 0.921875 0.023654 0.029634
0 0.375781 0.945833 0.027905 0.034571
0 0.324219 0.971875 0.025243 0.032454
0 0.269531 0.976042 0.021314 0.02663
0 0.80625 0.986458 0.019909 0.025929
0 0.198437 0.990568 0.0197 0.018864