0 0.482812 0.017708 0.028066 0.034824
0 0.00743 0.014583 0.014861 0.026311
0 0.49375 0.016667 0.018008 0.02309
0 0.670312 0.017708 0.017301 0.024027
0 0.871094 0.030208 0.021198 0.026257
0 0.640625 0.030208 0.018756 0.022285
0 0.55 0.038542 0.018342 0.027161
0 0.508594 0.048958 0.019733 0.025046
0 0.230469 0.059375 0.019119 0.025492
0 0.285938 0.067708 0.017438 0.024063
0 0.446875 0.101042 0.025611 0.031936
0 0.682031 0.105208 0.016714 0.025008
0 0.763281 0.136458 0.021243 0.027194
0 0.632812 0.14375 0.019558 0.02407
0 0.235156 0.230208 0.039669 0.050568
0 0.392969 0.229167 0.024371 0.028101
0 0.39375 0.235417 0.018756 0.022285
0 0.672656 0.236458 0.01802 0.023067
0 0.546875 0.245833 0.020566 0.026042
0 0.207031 0.258333 0.025048 0.026775
0 0.203125 0.271875 0.019531 0.027421
0 0.858594 0.28125 0.027516 0.034627
0 0.84375 0.28125 0.0197 0.025227
0 0.876563 0.282292 0.019574 0.023676
0 0.103906 0.288542 0.019178 0.025168
0 0.89375 0.345833 0.026221 0.032529
0 0.410156 0.380208 0.025072 0.030368
0 0.51875 0.396875 0.019925 0.025905
0 0.501563 0.426042 0.03156 0.048275
0 0.836719 0.417708 0.024282 0.026836
0 0.311719 0.426042 0.018442 0.024589
0 0.428906 0.470833 0.020811 0.029482
0 0.241406 0.541667 0.024083 0.030368
0 0.457813 0.539583 0.018331 0.025253
0 0.400781 0.5875 0.017759 0.024215
0 0.329688 0.619792 0.019119 0.025492
0 0.2 0.625 0.019683 0.026728
0 0.685937 0.647917 0.019119 0.025492
0 0.360938 0.665625 0.018331 0.025253
0 0.453906 0.667708 0.021479 0.027243
0 0.274219 0.813542 0.021362 0.02664
0 0.346875 0.823958 0.017658 0.024165
0 0.290625 0.828125 0.019925 0.025905
0 0.392188 0.841667 0.017337 0.025026
0 0.491406 0.851042 0.022111 0.027748
0 0.178125 0.898958 0.023103 0.02886
0 0.489844 0.969792 0.018939 0.024442