0 0.169531 0.0625 0.024565 0.029737
0 0.65 0.145833 0.024818 0.032596
0 0.641406 0.155208 0.021701 0.028014
0 0.275781 0.220833 0.024707 0.033327
0 0.660937 0.278125 0.024516 0.030178
0 0.671094 0.347917 0.025857 0.028661
0 0.11875 0.35 0.023922 0.031467
0 0.86875 0.409375 0.017658 0.024165
0 0.164062 0.416667 0.02743 0.037292
0 0.077344 0.425 0.02537 0.032683
0 0.714063 0.429167 0.026124 0.031426
0 0.460156 0.445833 0.028748 0.036349
0 0.95625 0.660417 0.023556 0.02766
0 0.019531 0.769792 0.021761 0.031624
0 0.950781 0.802083 0.018939 0.024442
0 0.25625 0.811458 0.026268 0.03569
0 0.628125 0.829167 0.020537 0.027934
0 0.500781 0.989138 0.021999 0.021724