0 0.660156 0.007134 0.018756 0.014267
0 0.528906 0.017708 0.025511 0.032143
0 0.85625 0.033333 0.02687 0.033711
0 0.502344 0.051042 0.034196 0.042633
0 0.332813 0.051042 0.026585 0.035972
0 0.560156 0.048958 0.018331 0.025253
0 0.771875 0.053125 0.019733 0.025046
0 0.047656 0.057292 0.018773 0.023107
0 0.524219 0.057292 0.018773 0.023107
0 0.6125 0.063542 0.029113 0.034806
0 0.642188 0.0625 0.019792 0.025321
0 0.8 0.065625 0.025161 0.030661
0 0.220312 0.073958 0.021978 0.027245
0 0.042188 0.075 0.020046 0.026244
0 0.357031 0.08125 0.028856 0.037473
0 0.569531 0.079167 0.026008 0.033043
0 0.283594 0.09375 0.028262 0.03619
0 0.169531 0.098958 0.025171 0.029147
0 0.335156 0.121875 0.021542 0.027554
0 0.205469 0.141667 0.018773 0.023107
0 0.078125 0.145833 0.024083 0.030368
0 0.910156 0.165625 0.030126 0.041653
0 0.777344 0.166667 0.034564 0.04058
0 0.760156 0.16875 0.027468 0.032673
0 0.445312 0.170833 0.025243 0.032454
0 0.292187 0.18125 0.019792 0.025321
0 0.634375 0.185417 0.02924 0.03539
0 0.827344 0.183333 0.01957 0.028162
0 0.645312 0.1875 0.019638 0.024534
0 0.397656 0.188542 0.018161 0.023679
0 0.302344 0.197917 0.034011 0.036807
0 0.530469 0.223958 0.034407 0.044079
0 0.163281 0.216667 0.024307 0.027625
0 0.475781 0.223958 0.029082 0.037672
0 0.988477 0.233333 0.023047 0.037105
0 0.896875 0.236458 0.021198 0.026257
0 0.29375 0.236458 0.019531 0.026042
0 0.491406 0.24375 0.018161 0.023679
0 0.74375 0.245833 0.018161 0.023679
0 0.825 0.251042 0.023476 0.030208
0 0.510938 0.264583 0.033138 0.041232
0 0.397656 0.267708 0.018008 0.02309
0 0.892188 0.269792 0.020046 0.026244
0 0.350781 0.272917 0.019531 0.026042
0 0.58125 0.275 0.020566 0.026042
0 0.402344 0.28125 0.021038 0.029672
0 0.013164 0.289583 0.026328 0.037684
0 0.296875 0.284375 0.020479 0.026286
0 0.228125 0.295833 0.021104 0.024098
0 0.221094 0.298958 0.021479 0.027243
0 0.3125 0.301042 0.020676 0.026744
0 0.011719 0.303125 0.018773 0.023107
0 0.721875 0.305208 0.019925 0.025905
0 0.916406 0.31875 0.021339 0.026862
0 0.210156 0.322917 0.021701 0.028014
0 0.241406 0.330208 0.021796 0.030069
0 0.767969 0.339583 0.017438 0.024063
0 0.396094 0.348958 0.018773 0.023107
0 0.682031 0.358333 0.02143 0.027648
0 0.554688 0.363542 0.019574 0.023676
0 0.0875 0.375 0.029064 0.036668
0 0.651563 0.378125 0.029796 0.038479
0 0.283594 0.378125 0.021989 0.028877
0 0.499219 0.379167 0.021819 0.028356
0 0.060937 0.382292 0.018561 0.025359
0 0.707812 0.388542 0.02892 0.034392
0 0.046094 0.385417 0.017759 0.024215
0 0.960156 0.398958 0.030501 0.039855
0 0.553125 0.39375 0.020676 0.026744
0 0.277344 0.404167 0.021727 0.028969
0 0.764062 0.420833 0.033689 0.050706
0 0.248438 0.417708 0.020416 0.025301
0 0.575 0.426042 0.030104 0.038186
0 0.147656 0.422917 0.021819 0.028356
0 0.110156 0.440625 0.018161 0.023679
0 0.222656 0.461458 0.022918 0.028188
0 0.239063 0.460417 0.019792 0.025321
0 0.015625 0.465625 0.020422 0.025409
0 0.984375 0.467708 0.020134 0.027719
0 0.138281 0.477083 0.021339 0.026862
0 0.854688 0.483333 0.019574 0.023676
0 0.29375 0.49375 0.028027 0.037662
0 0.233594 0.490625 0.017438 0.024063
0 0.55625 0.501042 0.018999 0.02628
0 0.178906 0.504167 0.021479 0.027243
0 0.390625 0.503125 0.019574 0.023676
0 0.217188 0.508333 0.020529 0.025786
0 0.345313 0.509375 0.022729 0.02728
0 0.291406 0.509375 0.021314 0.02663
0 0.992773 0.513542 0.014453 0.027421
0 0.432812 0.526042 0.019574 0.023676
0 0.199219 0.526042 0.017658 0.024165
0 0.214062 0.529167 0.018161 0.023679
0 0.285938 0.538542 0.028409 0.039503
0 0.274219 0.533333 0.020341 0.025073
0 0.904687 0.535417 0.020058 0.027568
0 0.328125 0.54375 0.018161 0.023679
0 0.434375 0.551042 0.028742 0.037634
0 0.279687 0.545833 0.019558 0.02407
0 0.394531 0.547917 0.021999 0.028864
0 0.467187 0.557292 0.031224 0.03815
0 0.699219 0.55625 0.024496 0.029918
0 0.188281 0.559375 0.018008 0.02309
0 0.572656 0.573958 0.032569 0.046106
0 0.597656 0.565625 0.018939 0.024442
0 0.045312 0.56875 0.01971 0.025332
0 0.432031 0.570833 0.022152 0.027355
0 0.511719 0.571875 0.021701 0.028014
0 0.426563 0.58125 0.019065 0.031282
0 0.053125 0.59375 0.021989 0.028877
0 0.600781 0.6 0.027761 0.038348
0 0.125 0.597917 0.019768 0.025593
0 0.466406 0.598958 0.021239 0.025868
0 0.495312 0.60625 0.020046 0.026244
0 0.892188 0.60625 0.019925 0.025905
0 0.396875 0.608333 0.02203 0.026707
0 0.161719 0.607292 0.018008 0.02309
0 0.963281 0.614583 0.03468 0.037985
0 0.727344 0.616667 0.02168 0.028193
0 0.260156 0.620833 0.020801 0.028133
0 0.413281 0.635417 0.02834 0.035716
0 0.441406 0.6375 0.029211 0.037291
0 0.860156 0.632292 0.018008 0.02309
0 0.289062 0.644792 0.019531 0.026042
0 0.121094 0.646875 0.018756 0.022285
0 0.613281 0.646875 0.019638 0.024534
0 0.978125 0.663542 0.023758 0.031125
0 0.336719 0.66875 0.021701 0.028014
0 0.783594 0.672917 0.02765 0.031959
0 0.654687 0.678125 0.029185 0.036894
0 0.630469 0.679167 0.02594 0.03332
0 0.975781 0.691667 0.020811 0.029482
0 0.722656 0.704167 0.025 0.036354
0 0.321094 0.703125 0.018773 0.023107
0 0.307031 0.70625 0.02198 0.027324
0 0.490625 0.7125 0.019733 0.025046
0 0.185156 0.722917 0.019574 0.023676
0 0.765625 0.732292 0.0299 0.037009
0 0.298438 0.7375 0.022849 0.032869
0 0.714844 0.735417 0.018876 0.02557
0 0.030469 0.748958 0.017982 0.022269
0 0.582031 0.755208 0.028606 0.036385
0 0.550781 0.751042 0.018442 0.024589
0 0.347656 0.759375 0.021618 0.02791
0 0.960938 0.765625 0.023778 0.030992
0 0.223438 0.772917 0.026277 0.040268
0 0.326562 0.770833 0.023644 0.029463
0 0.784375 0.771875 0.026114 0.032925
0 0.257031 0.771875 0.025006 0.026127
0 0.122656 0.780208 0.029233 0.033659
0 0.75625 0.784375 0.033544 0.041191
0 0.367188 0.783333 0.029345 0.037191
0 0.722656 0.790625 0.019925 0.025905
0 0.458594 0.797917 0.018354 0.025228
0 0.65 0.797917 0.01882 0.024173
0 0.911719 0.8 0.01894 0.025253
0 0.176563 0.803125 0.02217 0.02922
0 0.666406 0.810417 0.021264 0.026134
0 0.846094 0.811458 0.020441 0.025129
0 0.419531 0.8125 0.019558 0.02407
0 0.176563 0.821875 0.023319 0.029672
0 0.271094 0.820833 0.020551 0.027917
0 0.539062 0.823958 0.018939 0.024442
0 0.93125 0.835417 0.027563 0.031327
0 0.401562 0.844792 0.023521 0.026804
0 0.7375 0.844792 0.019429 0.026567
0 0.5 0.85 0.026175 0.03679
0 0.378906 0.845833 0.018773 0.023107
0 0.68125 0.860417 0.026729 0.035638
0 0.364844 0.880208 0.019638 0.024534
0 0.303906 0.888542 0.020566 0.026042
0 0.342187 0.891667 0.020134 0.027719
0 0.539062 0.898958 0.027736 0.03412
0 0.297656 0.895833 0.022551 0.029062
0 0.822656 0.898958 0.021796 0.030069
0 0.414062 0.905208 0.020627 0.027503
0 0.442188 0.91875 0.02732 0.035414
0 0.759375 0.939583 0.0201 0.026364
0 0.689063 0.952083 0.030134 0.039147
0 0.919531 0.951042 0.018773 0.023107
0 0.820312 0.957292 0.019792 0.025321
0 0.29375 0.977083 0.0201 0.026364
0 0.828906 0.987571 0.027586 0.024858