0 0.846094 0.010138 0.022254 0.020275
0 0.727344 0.014583 0.020566 0.026042
0 0.147656 0.020833 0.021161 0.025349
0 0.776563 0.030208 0.022242 0.030281
0 0.564844 0.035417 0.019909 0.025929
0 0.885938 0.044792 0.023161 0.029971
0 0.25 0.047917 0.021887 0.025097
0 0.59375 0.051042 0.018442 0.024589
0 0.100781 0.083333 0.018153 0.026097
0 0.913281 0.089583 0.020134 0.027719
0 0.151562 0.101042 0.01882 0.024173
0 0.430469 0.11875 0.023821 0.030088
0 0.375 0.115625 0.01971 0.025332
0 0.232031 0.128125 0.01902 0.024748
0 0.479687 0.196875 0.022209 0.029294
0 0.830469 0.205208 0.022226 0.031538
0 0.245312 0.208333 0.019401 0.028319
0 0.303906 0.214583 0.025552 0.033182
0 0.227344 0.24375 0.021819 0.028356
0 0.861719 0.261458 0.021701 0.028014
0 0.444531 0.267708 0.025088 0.031317
0 0.073438 0.280208 0.021804 0.02852
0 0.359375 0.327083 0.021198 0.026257
0 0.205469 0.344792 0.019733 0.025046
0 0.908594 0.357292 0.020537 0.027934
0 0.948438 0.357292 0.02466 0.031871
0 0.408594 0.360417 0.018756 0.022285
0 0.401562 0.371875 0.033071 0.039125
0 0.375 0.36875 0.021819 0.028356
0 0.78125 0.44375 0.023026 0.028919
0 0.961719 0.455208 0.022995 0.033548
0 0.864062 0.503125 0.02475 0.031228
0 0.988983 0.514583 0.022034 0.042167
0 0.510938 0.511458 0.023654 0.029634
0 0.413281 0.520833 0.027696 0.037411
0 0.013281 0.514583 0.019574 0.023676
0 0.741406 0.523958 0.023319 0.029672
0 0.196094 0.527083 0.021161 0.025349
0 0.932813 0.532292 0.022254 0.031093
0 0.475781 0.544792 0.021479 0.027243
0 0.788281 0.553125 0.020566 0.026042
0 0.303906 0.577083 0.021999 0.028864
0 0.742969 0.657292 0.020134 0.027719
0 0.585156 0.672917 0.021999 0.028864
0 0.414844 0.702083 0.019792 0.025321
0 0.444531 0.794792 0.024847 0.031127
0 0.59375 0.797917 0.019925 0.025905
0 0.379688 0.80625 0.028188 0.036368
0 0.515625 0.801042 0.020676 0.026744
0 0.950781 0.8125 0.019574 0.023676
0 0.602344 0.81875 0.020801 0.028133
0 0.453125 0.827083 0.023103 0.02886
0 0.522656 0.847917 0.022551 0.029062
0 0.330469 0.857292 0.02306 0.029195
0 0.625 0.854167 0.021701 0.028014
0 0.736719 0.865625 0.021412 0.031463
0 0.645312 0.875 0.026474 0.032764
0 0.335156 0.884375 0.025957 0.03004
0 0.538281 0.886458 0.03249 0.038076
0 0.082812 0.889583 0.027196 0.036515
0 0.321094 0.895833 0.029009 0.033698
0 0.5 0.910417 0.018331 0.025253
0 0.680469 0.922917 0.028806 0.038856
0 0.854688 0.922917 0.025636 0.035222
0 0.515625 0.9375 0.02732 0.035414