0 0.340625 0.060417 0.020676 0.026744
0 0.764844 0.073958 0.024459 0.028776
0 0.373437 0.085417 0.01882 0.024173
0 0.414062 0.115625 0.022815 0.027608
0 0.490625 0.128125 0.020046 0.026244
0 0.90625 0.133333 0.022734 0.033428
0 0.375781 0.160417 0.021946 0.026299
0 0.495312 0.172917 0.022781 0.038576
0 0.173437 0.173958 0.027611 0.031073
0 0.321875 0.185417 0.019925 0.025905
0 0.332031 0.194792 0.021479 0.027243
0 0.400781 0.208333 0.021819 0.028356
0 0.363281 0.255208 0.026061 0.032032
0 0.503125 0.272917 0.020416 0.025301
0 0.759375 0.296875 0.022815 0.027608
0 0.580469 0.305208 0.021198 0.026257
0 0.150781 0.338542 0.021542 0.027554
0 0.829688 0.344792 0.018008 0.02309
0 0.032813 0.359375 0.019792 0.025321
0 0.336719 0.377083 0.024341 0.028597
0 0.477344 0.389583 0.025211 0.033309
0 0.819531 0.388542 0.021542 0.027554
0 0.407031 0.396875 0.020566 0.026042
0 0.639844 0.425 0.018939 0.024442
0 0.035156 0.425 0.018827 0.023629
0 0.53125 0.4375 0.019925 0.025905
0 0.191406 0.440625 0.018442 0.024589
0 0.138281 0.446875 0.019178 0.025168
0 0.283594 0.479167 0.023161 0.029971
0 0.789844 0.525 0.02426 0.027326
0 0.802344 0.542708 0.024975 0.031796
0 0.146875 0.54375 0.023227 0.029506
0 0.039844 0.5625 0.032595 0.03691
0 0.453906 0.565625 0.023503 0.033898
0 0.757812 0.607292 0.022707 0.026328
0 0.214062 0.6125 0.02306 0.029195
0 0.182031 0.65 0.021314 0.02663
0 0.728125 0.648958 0.018048 0.02325
0 0.116406 0.653125 0.018561 0.025359
0 0.45625 0.655208 0.023796 0.029832
0 0.982812 0.669792 0.019733 0.025046
0 0.71875 0.689583 0.023493 0.032412
0 0.2625 0.728125 0.023778 0.030992
0 0.444531 0.761458 0.023834 0.037873
0 0.538281 0.759375 0.018161 0.023679
0 0.742188 0.769792 0.019574 0.023676
0 0.563281 0.780208 0.02306 0.029195
0 0.675 0.7875 0.01971 0.025332
0 0.696094 0.8125 0.019574 0.023676
0 0.666406 0.8375 0.021161 0.025349
0 0.475781 0.841667 0.021239 0.025868
0 0.273438 0.878125 0.018756 0.022285
0 0.270313 0.9125 0.019792 0.025321
0 0.372656 0.917708 0.021989 0.028877
0 0.832031 0.9375 0.019714 0.027305
0 0.336719 0.95 0.021198 0.026257
0 0.310156 0.973958 0.021259 0.028345
0 0.0125 0.978125 0.022883 0.028677
0 0.760938 0.988315 0.019925 0.023369