0 0.196094 0.008941 0.021161 0.017883
0 0.325 0.05625 0.018773 0.023107
0 0.526563 0.065625 0.027349 0.034246
0 0.191406 0.076042 0.023718 0.029015
0 0.858594 0.08125 0.0211 0.027734
0 0.663281 0.088542 0.018939 0.024442
0 0.70625 0.108333 0.020422 0.025409
0 0.671094 0.119792 0.024837 0.032478
0 0.413281 0.138542 0.025685 0.036465
0 0.847656 0.140625 0.024975 0.031796
0 0.314063 0.147917 0.018939 0.024442
0 0.652344 0.153125 0.021479 0.027243
0 0.267969 0.164583 0.027522 0.031911
0 0.325 0.170833 0.023583 0.030562
0 0.945312 0.172917 0.022929 0.030009
0 0.513281 0.182292 0.019574 0.023676
0 0.50625 0.197917 0.028556 0.04266
0 0.975781 0.194792 0.025452 0.03652
0 0.570312 0.236458 0.02095 0.027383
0 0.51875 0.240625 0.019574 0.023676
0 0.613281 0.242708 0.018773 0.023107
0 0.505469 0.251042 0.018029 0.025068
0 0.1875 0.254167 0.021894 0.026105
0 0.374219 0.255208 0.018773 0.023107
0 0.649219 0.259375 0.021618 0.02791
0 0.472656 0.263542 0.021198 0.026257
0 0.703906 0.267708 0.025208 0.034751
0 0.739844 0.279167 0.022664 0.023745
0 0.910156 0.28125 0.022828 0.030437
0 0.7375 0.283333 0.018331 0.025253
0 0.072656 0.319792 0.024383 0.028296
0 0.719531 0.320833 0.019574 0.023676
0 0.752344 0.323958 0.021479 0.027243
0 0.317188 0.326042 0.018442 0.024589
0 0.5625 0.33125 0.0197 0.025227
0 0.664844 0.332292 0.021819 0.028356
0 0.691406 0.345833 0.021145 0.028907
0 0.214062 0.35 0.026987 0.033441
0 0.627344 0.352083 0.019574 0.023676
0 0.991734 0.360417 0.016533 0.030307
0 0.335156 0.375 0.028773 0.036623
0 0.357812 0.371875 0.023293 0.029834
0 0.607031 0.378125 0.025002 0.031555
0 0.822656 0.38125 0.028247 0.034847
0 0.867969 0.378125 0.020566 0.026042
0 0.154688 0.389583 0.022447 0.02875
0 0.41875 0.389583 0.022729 0.02728
0 0.579688 0.445833 0.026848 0.034118
0 0.871094 0.446875 0.025718 0.036075
0 0.377344 0.452083 0.019574 0.023676
0 0.679688 0.460417 0.019531 0.027421
0 0.560156 0.480208 0.024635 0.033885
0 0.265625 0.479167 0.018756 0.022285
0 0.325 0.485417 0.019909 0.025929
0 0.480469 0.490625 0.028506 0.035084
0 0.396094 0.49375 0.022094 0.027539
0 0.716406 0.496875 0.021701 0.028014
0 0.633594 0.502083 0.021999 0.028864
0 0.228906 0.504167 0.025424 0.031337
0 0.636719 0.51875 0.025875 0.034086
0 0.742969 0.51875 0.026124 0.031426
0 0.792188 0.51875 0.020058 0.027568
0 0.9125 0.522917 0.019792 0.025321
0 0.601562 0.54375 0.018773 0.023107
0 0.696094 0.55625 0.030134 0.039147
0 0.566406 0.56875 0.019627 0.024405
0 0.05625 0.5875 0.026072 0.037828
0 0.75625 0.5875 0.023731 0.033941
0 0.869531 0.588542 0.027816 0.035248
0 0.897656 0.591667 0.019627 0.024405
0 0.178125 0.595833 0.019574 0.023676
0 0.008425 0.604167 0.01685 0.024534
0 0.716406 0.615625 0.02834 0.035716
0 0.885156 0.619792 0.021105 0.028403
0 0.475 0.629167 0.029328 0.036983
0 0.853125 0.629167 0.023192 0.02956
0 0.480469 0.647917 0.019574 0.023676
0 0.676562 0.654167 0.026932 0.035136
0 0.795312 0.65625 0.02732 0.035414
0 0.203906 0.659375 0.026524 0.033859
0 0.987225 0.670833 0.02555 0.031935
0 0.665625 0.680208 0.019925 0.025905
0 0.578125 0.705208 0.029385 0.03693
0 0.230469 0.721875 0.018827 0.023629
0 0.472656 0.740625 0.018773 0.023107
0 0.182031 0.76875 0.026107 0.033377
0 0.978906 0.782292 0.02168 0.028193
0 0.609375 0.795833 0.023583 0.030562
0 0.970313 0.79375 0.020801 0.028133
0 0.364844 0.796875 0.021339 0.026862
0 0.523438 0.798958 0.02317 0.029214
0 0.08125 0.80625 0.022815 0.027608
0 0.291406 0.810417 0.025726 0.035186
0 0.240625 0.821875 0.023103 0.02886
0 0.541406 0.834375 0.018773 0.023107
0 0.171094 0.847917 0.024847 0.031127
0 0.742969 0.860417 0.019627 0.024405
0 0.692969 0.863542 0.019925 0.025905
0 0.959375 0.86875 0.02306 0.029195
0 0.416406 0.870833 0.021701 0.028014
0 0.634375 0.876042 0.024232 0.030858
0 0.871875 0.903125 0.022906 0.03454
0 0.974219 0.90625 0.025002 0.031555
0 0.039844 0.9125 0.026621 0.033198
0 0.355469 0.928125 0.018773 0.023107
0 0.686719 0.957292 0.02168 0.028193
0 0.967187 0.965625 0.025541 0.033198
0 0.666406 0.970833 0.019627 0.024405
0 0.48125 0.979167 0.026918 0.037888
0 0.896875 0.981443 0.034619 0.037114
0 0.124219 0.982286 0.030701 0.035427
0 0.524219 0.981199 0.03354 0.037603
0 0.667969 0.990253 0.019627 0.019494