0 0.084375 0.029167 0.021479 0.027243
0 0.767188 0.130208 0.024492 0.034303
0 0.335938 0.195833 0.025032 0.034809
0 0.271094 0.223958 0.018756 0.022285
0 0.325 0.229167 0.023432 0.030501
0 0.839063 0.245833 0.023796 0.029832
0 0.574219 0.2625 0.020938 0.027401
0 0.333594 0.278125 0.024291 0.029293
0 0.158594 0.309375 0.02186 0.033562
0 0.226562 0.316667 0.030069 0.035424
0 0.114844 0.3375 0.021796 0.02989
0 0.434375 0.380208 0.01971 0.025332
0 0.228906 0.385417 0.024436 0.029089
0 0.304688 0.3875 0.018773 0.023107
0 0.54375 0.457292 0.022776 0.032111
0 0.207031 0.469792 0.021618 0.02791
0 0.246875 0.5 0.027465 0.03254
0 0.042969 0.504167 0.019574 0.023676
0 0.057813 0.63125 0.020537 0.027934
0 0.964844 0.641667 0.022937 0.028155
0 0.222656 0.678125 0.023346 0.037801
0 0.439063 0.679167 0.024039 0.030661
0 0.719531 0.698958 0.021259 0.029733
0 0.041406 0.703125 0.028215 0.035868
0 0.217188 0.716667 0.018773 0.023107
0 0.214062 0.807292 0.023821 0.030088
0 0.560937 0.8125 0.028865 0.041187
0 0.163281 0.809375 0.021701 0.028014
0 0.989844 0.832292 0.018773 0.023107
0 0.9 0.8375 0.019925 0.025905
0 0.780469 0.876042 0.020938 0.027401
0 0.734375 0.939583 0.020551 0.027917
0 0.089063 0.958333 0.025011 0.028174
0 0.180469 0.965625 0.022489 0.033625
0 0.316406 0.978087 0.026935 0.043826
0 0.726562 0.989272 0.020046 0.021455