0 0.438281 0.052083 0.021999 0.028864
0 0.439063 0.08125 0.023592 0.030549
0 0.170313 0.084375 0.024225 0.030977
0 0.217188 0.119792 0.025086 0.031874
0 0.923438 0.117708 0.022828 0.027821
0 0.040625 0.130208 0.020566 0.026042
0 0.196094 0.170833 0.033762 0.047063
0 0.210938 0.165625 0.023293 0.029834
0 0.117969 0.3375 0.023491 0.027306
0 0.414844 0.348958 0.018769 0.023116
0 0.628906 0.367708 0.017658 0.024165
0 0.703906 0.40625 0.020676 0.026744
0 0.401562 0.438542 0.01971 0.025332
0 0.410938 0.441667 0.018756 0.022285
0 0.840625 0.466667 0.019251 0.027293
0 0.279687 0.471875 0.023026 0.028919
0 0.494531 0.484375 0.020154 0.028445
0 0.104688 0.566667 0.0184 0.026183
0 0.970313 0.605208 0.017757 0.026099
0 0.973437 0.609375 0.017759 0.024215
0 0.973437 0.621875 0.018939 0.024442
0 0.310156 0.642708 0.021239 0.025868
0 0.155469 0.697917 0.0305 0.028234
0 0.035937 0.701042 0.01875 0.023958
0 0.45 0.704167 0.018773 0.023107
0 0.1625 0.7125 0.021946 0.026299
0 0.202344 0.7375 0.024847 0.031127
0 0.376563 0.741667 0.022996 0.028271
0 0.427344 0.773958 0.017438 0.024063
0 0.632812 0.783333 0.01802 0.023067
0 0.816406 0.901042 0.019574 0.023676
0 0.354687 0.910417 0.018124 0.023544
0 0.357812 0.930208 0.018096 0.024127
0 0.35625 0.946875 0.019401 0.028319
0 0.645312 0.981977 0.02501 0.036047