0 0.084375 0.010038 0.025129 0.020075
0 0.596875 0.028125 0.032137 0.053012
0 0.079687 0.025 0.024182 0.034926
0 0.632031 0.078125 0.029106 0.037508
0 0.501563 0.080208 0.022937 0.028155
0 0.35 0.096875 0.02502 0.040636
0 0.814063 0.119792 0.024631 0.032058
0 0.846875 0.116667 0.019792 0.025321
0 0.989319 0.123958 0.021362 0.03509
0 0.5875 0.128125 0.020537 0.027934
0 0.486719 0.151042 0.025289 0.031092
0 0.204687 0.171875 0.020566 0.026042
0 0.40625 0.175 0.024456 0.029374
0 0.649219 0.182292 0.027003 0.034726
0 0.75 0.186458 0.028247 0.033675
0 0.867969 0.204167 0.018921 0.024472
0 0.550781 0.2125 0.021239 0.025868
0 0.813281 0.225 0.018939 0.024442
0 0.310156 0.245833 0.027003 0.034726
0 0.859375 0.255208 0.022995 0.032052
0 0.761719 0.25625 0.021727 0.028969
0 0.471094 0.266667 0.024975 0.031796
0 0.690625 0.295833 0.029009 0.033698
0 0.951562 0.301042 0.030735 0.033375
0 0.465625 0.314583 0.022883 0.028677
0 0.197656 0.319792 0.02168 0.028193
0 0.178125 0.322917 0.0201 0.026364
0 0.765625 0.322917 0.017982 0.022269
0 0.642188 0.336458 0.02393 0.031906
0 0.242969 0.347917 0.025507 0.03125
0 0.095312 0.346875 0.019925 0.025905
0 0.027344 0.355208 0.022766 0.03074
0 0.790625 0.35625 0.023476 0.030208
0 0.339062 0.3625 0.022815 0.027608
0 0.146094 0.363542 0.019574 0.023676
0 0.988798 0.372917 0.022404 0.029918
0 0.416406 0.377083 0.020441 0.025129
0 0.45625 0.3875 0.019574 0.023676
0 0.169531 0.390625 0.024418 0.030455
0 0.248438 0.390625 0.019909 0.025929
0 0.417187 0.395833 0.027099 0.03509
0 0.757031 0.401042 0.025086 0.031874
0 0.911719 0.4 0.02466 0.031871
0 0.382031 0.4 0.021161 0.025349
0 0.742969 0.407292 0.028686 0.042546
0 0.710156 0.40625 0.018008 0.02309
0 0.314844 0.41875 0.025511 0.032143
0 0.153125 0.426042 0.028021 0.035684
0 0.395313 0.420833 0.0201 0.026364
0 0.675 0.420833 0.018773 0.023107
0 0.234375 0.428125 0.02648 0.033546
0 0.53125 0.43125 0.022558 0.029051
0 0.451562 0.436458 0.027905 0.034571
0 0.410938 0.445833 0.023493 0.032412
0 0.8875 0.448958 0.020537 0.027934
0 0.424219 0.448958 0.019574 0.023676
0 0.855469 0.454167 0.025156 0.030503
0 0.950781 0.459375 0.018939 0.024442
0 0.469531 0.466667 0.018331 0.025253
0 0.609375 0.473958 0.021116 0.030583
0 0.694531 0.477083 0.025543 0.032425
0 0.10625 0.476042 0.019909 0.025929
0 0.325781 0.479167 0.02466 0.031871
0 0.063281 0.488542 0.022254 0.02805
0 0.685937 0.503125 0.023293 0.029834
0 0.375781 0.521875 0.020328 0.024087
0 0.386719 0.533333 0.037169 0.039191
0 0.945312 0.54375 0.023476 0.030208
0 0.507031 0.552083 0.025998 0.03813
0 0.989062 0.563542 0.01971 0.025332
0 0.079687 0.570833 0.026 0.030914
0 0.298438 0.575 0.018773 0.023107
0 0.751563 0.580208 0.026621 0.033198
0 0.692969 0.586458 0.024377 0.029518
0 0.789844 0.586458 0.021542 0.027554
0 0.360156 0.598958 0.026341 0.03252
0 0.134375 0.61875 0.018161 0.023679
0 0.6 0.625 0.0201 0.026364
0 0.049219 0.625 0.018939 0.024442
0 0.366406 0.630208 0.024847 0.031127
0 0.190625 0.640625 0.026195 0.032242
0 0.882031 0.661458 0.026189 0.036773
0 0.2875 0.676042 0.020627 0.027503
0 0.328906 0.676042 0.01733 0.02503
0 0.383594 0.685417 0.029956 0.037903
0 0.333594 0.682292 0.021701 0.028014
0 0.614844 0.698958 0.028343 0.03779
0 0.883594 0.701042 0.024976 0.033622
0 0.844531 0.701042 0.021339 0.026862
0 0.09375 0.705208 0.021701 0.028014
0 0.517188 0.732292 0.021161 0.025349
0 0.692969 0.7375 0.020341 0.025073
0 0.904687 0.759375 0.018939 0.024442
0 0.802344 0.76875 0.028806 0.038856
0 0.907031 0.773958 0.025002 0.031555
0 0.984375 0.771875 0.019574 0.023676
0 0.829688 0.790625 0.021176 0.031534
0 0.889844 0.79375 0.026848 0.034118
0 0.478125 0.796875 0.023964 0.032621
0 0.707812 0.8 0.026848 0.034118
0 0.167969 0.816667 0.024652 0.030465
0 0.910156 0.820833 0.023028 0.030998
0 0.746875 0.854167 0.027142 0.034874
0 0.705469 0.85625 0.019531 0.026042
0 0.339844 0.863542 0.021161 0.025349
0 0.499219 0.882292 0.021339 0.026862
0 0.297656 0.892708 0.024282 0.026836
0 0.644531 0.907292 0.017438 0.024063
0 0.271094 0.925 0.022393 0.030491
0 0.419531 0.944792 0.018756 0.022285
0 0.070312 0.954167 0.029222 0.037857
0 0.1125 0.948958 0.019627 0.024405
0 0.096875 0.963542 0.030605 0.03968
0 0.494531 0.955208 0.018161 0.023679
0 0.051562 0.967708 0.036897 0.035734
0 0.069531 0.9885 0.019178 0.023001
0 0.169531 0.989019 0.018008 0.021962