0 0.596094 0.010377 0.025289 0.020755
0 0.883594 0.010062 0.022111 0.020124
0 0.892969 0.009235 0.018939 0.018471
0 0.390625 0.021875 0.022656 0.031302
0 0.094531 0.028125 0.024847 0.031127
0 0.024219 0.083333 0.028308 0.031376
0 0.357812 0.092708 0.023964 0.032621
0 0.482812 0.098958 0.026008 0.033043
0 0.811719 0.105208 0.021999 0.028864
0 0.879687 0.116667 0.018773 0.023107
0 0.357812 0.132292 0.02087 0.028194
0 0.152344 0.135417 0.026621 0.033198
0 0.311719 0.144792 0.018773 0.023107
0 0.88125 0.167708 0.019638 0.024534
0 0.257031 0.196875 0.030187 0.051427
0 0.919531 0.186458 0.026008 0.033043
0 0.265625 0.190625 0.020046 0.026244
0 0.877344 0.197917 0.024496 0.029918
0 0.422656 0.207292 0.025345 0.030561
0 0.79375 0.239583 0.018161 0.023679
0 0.727344 0.24375 0.021999 0.028864
0 0.407031 0.247917 0.025289 0.031092
0 0.454688 0.25625 0.026195 0.031352
0 0.485156 0.297917 0.028179 0.033411
0 0.097656 0.313542 0.027558 0.032833
0 0.220312 0.3125 0.020416 0.025301
0 0.372656 0.323958 0.021243 0.027194
0 0.851562 0.333333 0.022883 0.028677
0 0.214844 0.340625 0.020371 0.024457
0 0.557813 0.341667 0.019733 0.025046
0 0.234375 0.35625 0.023878 0.029636
0 0.552344 0.371875 0.028453 0.034189
0 0.325 0.372917 0.023227 0.029506
0 0.258594 0.377083 0.024782 0.034677
0 0.440625 0.372917 0.018773 0.023107
0 0.348438 0.376042 0.022828 0.027821
0 0.684375 0.39375 0.021894 0.026105
0 0.466406 0.41875 0.021915 0.02956
0 0.640625 0.420833 0.018773 0.023107
0 0.483594 0.433333 0.017759 0.024215
0 0.788281 0.479167 0.019627 0.024405
0 0.425781 0.491667 0.021339 0.026862
0 0.069531 0.496875 0.027091 0.032554
0 0.320312 0.497917 0.020697 0.026524
0 0.95 0.501042 0.023592 0.030549
0 0.35 0.503125 0.022828 0.027821
0 0.033594 0.505208 0.023597 0.02855
0 0.167187 0.508333 0.022937 0.028155
0 0.310156 0.513542 0.020566 0.026042
0 0.55625 0.542708 0.021727 0.028969
0 0.342969 0.547917 0.021339 0.026862
0 0.867969 0.560417 0.021648 0.029332
0 0.553125 0.567708 0.026963 0.035543
0 0.25625 0.575 0.023026 0.028919
0 0.225 0.585417 0.030084 0.035656
0 0.286719 0.586458 0.026779 0.031865
0 0.703125 0.59375 0.023821 0.030088
0 0.415625 0.604167 0.027235 0.034462
0 0.24375 0.607292 0.022111 0.027748
0 0.666406 0.645833 0.020441 0.025129
0 0.9 0.653125 0.024652 0.030465
0 0.110156 0.665625 0.024847 0.031127
0 0.66875 0.666667 0.01971 0.025332
0 0.108594 0.676042 0.023576 0.027289
0 0.46875 0.688542 0.01971 0.025332
0 0.826562 0.696875 0.025636 0.035222
0 0.405469 0.696875 0.021362 0.02664
0 0.578906 0.75 0.021314 0.02663
0 0.016406 0.783333 0.027448 0.028968
0 0.753906 0.803125 0.026571 0.034874
0 0.578906 0.894792 0.021405 0.027443
0 0.515625 0.93125 0.023557 0.030821
0 0.141406 0.946875 0.022325 0.028159
0 0.492969 0.944792 0.018939 0.024442
0 0.565625 0.954167 0.019574 0.023676
0 0.126562 0.967708 0.023592 0.030549
0 0.6875 0.983333 0.020551 0.027917