0 0.635938 0.015226 0.022725 0.030451
0 0.598437 0.063542 0.019627 0.024405
0 0.380469 0.097917 0.021989 0.028877
0 0.205469 0.140625 0.021131 0.02449
0 0.314063 0.171875 0.021302 0.02814
0 0.35 0.207292 0.02095 0.027383
0 0.586719 0.364583 0.024348 0.028789
0 0.504687 0.392708 0.020676 0.026744
0 0.625 0.466667 0.02317 0.029214
0 0.617969 0.620833 0.018876 0.02557
0 0.114844 0.639583 0.018442 0.024589
0 0.5375 0.679167 0.022828 0.027821
0 0.3625 0.682292 0.018939 0.024442
0 0.083594 0.691667 0.021701 0.028014
0 0.396875 0.716667 0.019925 0.025905
0 0.041406 0.71875 0.019542 0.02313
0 0.038281 0.80625 0.021542 0.029952