0 0.017188 0.013127 0.025428 0.026253
0 0.341406 0.01875 0.020328 0.024087
0 0.602344 0.019792 0.018756 0.022285
0 0.828125 0.052083 0.029269 0.03763
0 0.646875 0.055208 0.026299 0.033348
0 0.521094 0.077083 0.024982 0.033615
0 0.585938 0.117708 0.026048 0.031808
0 0.370312 0.153125 0.019531 0.026042
0 0.820312 0.161458 0.029276 0.03606
0 0.107031 0.203125 0.02466 0.031871
0 0.170313 0.261458 0.026689 0.03168
0 0.574219 0.271875 0.021796 0.030069
0 0.48125 0.307292 0.019733 0.025046
0 0.328906 0.319792 0.03404 0.039938
0 0.177344 0.351042 0.031317 0.041367
0 0.26875 0.35625 0.029761 0.046574
0 0.619531 0.357292 0.027678 0.033246
0 0.196094 0.367708 0.029089 0.036562
0 0.621875 0.419792 0.026757 0.035038
0 0.160156 0.420833 0.020313 0.022917
0 0.921094 0.459375 0.02591 0.030699
0 0.634375 0.511458 0.031134 0.040923
0 0.915625 0.536458 0.022883 0.028677
0 0.392188 0.542708 0.02606 0.030638
0 0.227344 0.557292 0.027164 0.038103
0 0.092188 0.569792 0.031179 0.042748
0 0.535156 0.561458 0.01882 0.024173
0 0.260937 0.573958 0.029004 0.037096
0 0.544531 0.577083 0.019627 0.024405
0 0.497656 0.578125 0.018773 0.023107
0 0.675781 0.592708 0.028606 0.036385
0 0.110937 0.602083 0.029113 0.034806
0 0.592969 0.611458 0.029151 0.035937
0 0.769531 0.611458 0.027003 0.034726
0 0.696875 0.647917 0.019638 0.024534
0 0.107031 0.66875 0.025541 0.033198
0 0.910937 0.672917 0.020537 0.027934
0 0.391406 0.744792 0.027605 0.033962
0 0.776563 0.775 0.028853 0.03738
0 0.119531 0.784375 0.031862 0.043987
0 0.503906 0.794792 0.021479 0.027243
0 0.55 0.817708 0.029798 0.036174
0 0.012902 0.845833 0.025805 0.041096
0 0.550781 0.848958 0.025611 0.031936
0 0.51875 0.858333 0.0201 0.026364
0 0.332813 0.929167 0.036317 0.04168
0 0.057813 0.966667 0.025826 0.029329