0 0.357812 0.011587 0.020916 0.023174
0 0.25625 0.01875 0.01971 0.025332
0 0.203906 0.044792 0.022006 0.030167
0 0.197656 0.084375 0.018773 0.023107
0 0.201563 0.108333 0.020058 0.027568
0 0.650781 0.159375 0.02376 0.035586
0 0.375 0.163542 0.028167 0.04066
0 0.802344 0.15625 0.018756 0.022285
0 0.842969 0.197917 0.020328 0.024087
0 0.044531 0.198958 0.018331 0.025253
0 0.879687 0.234375 0.018773 0.023107
0 0.825781 0.25 0.018939 0.024442
0 0.357031 0.253125 0.024496 0.029918
0 0.203125 0.261458 0.020441 0.025129
0 0.772656 0.296875 0.021131 0.02449
0 0.315625 0.329167 0.029258 0.040195
0 0.242969 0.344792 0.021788 0.030078
0 0.982031 0.344792 0.01998 0.028483
0 0.965625 0.345833 0.019613 0.024433
0 0.725 0.352083 0.021882 0.024105
0 0.657813 0.360417 0.035942 0.04078
0 0.607812 0.358333 0.024341 0.028597
0 0.389844 0.383333 0.01882 0.024173
0 0.111719 0.389583 0.023093 0.031538
0 0.082031 0.401042 0.0197 0.025227
0 0.189844 0.409375 0.024943 0.034642
0 0.244531 0.435417 0.021049 0.031547
0 0.665625 0.447917 0.019574 0.023676
0 0.605469 0.460417 0.01892 0.026267
0 0.603906 0.469792 0.018406 0.026178
0 0.054688 0.475 0.024359 0.033115
0 0.079687 0.479167 0.020566 0.026042
0 0.478125 0.48125 0.023097 0.028871
0 0.697656 0.504167 0.02537 0.032683
0 0.583594 0.511458 0.018827 0.023629
0 0.988446 0.532292 0.023108 0.028597
0 0.717187 0.5375 0.020801 0.028133
0 0.119531 0.582292 0.018827 0.023629
0 0.717187 0.584375 0.022689 0.025403
0 0.721875 0.60625 0.020046 0.026244
0 0.530469 0.6125 0.021999 0.028864
0 0.975781 0.635417 0.021239 0.025868
0 0.975781 0.64375 0.020811 0.029482
0 0.507031 0.641667 0.018827 0.023629
0 0.932813 0.684375 0.02306 0.029195
0 0.485938 0.688542 0.019792 0.025321
0 0.578125 0.776042 0.023461 0.030231
0 0.026562 0.788542 0.019638 0.024534
0 0.795312 0.802083 0.030828 0.050209
0 0.765625 0.815625 0.023778 0.030992
0 0.923438 0.816667 0.025837 0.030331
0 0.692969 0.83125 0.018939 0.024442
0 0.883594 0.84375 0.021339 0.026862
0 0.810156 0.88125 0.021459 0.027275
0 0.428125 0.963542 0.019574 0.023676