0 0.424219 0.039583 0.020328 0.024087
0 0.367969 0.054167 0.027558 0.032833
0 0.876563 0.052083 0.023771 0.032677
0 0.90625 0.076042 0.022828 0.027821
0 0.728125 0.092708 0.023293 0.029834
0 0.821875 0.105208 0.022111 0.027748
0 0.410938 0.108333 0.023248 0.030703
0 0.133594 0.115625 0.027597 0.033767
0 0.164062 0.135417 0.024847 0.031127
0 0.253125 0.138542 0.019792 0.025321
0 0.329688 0.144792 0.027605 0.033962
0 0.914062 0.153125 0.02143 0.027648
0 0.158594 0.158333 0.021727 0.028969
0 0.691406 0.171875 0.021618 0.02791
0 0.2625 0.179167 0.026608 0.034667
0 0.814063 0.186458 0.027422 0.038785
0 0.266406 0.205208 0.021161 0.025349
0 0.80625 0.205208 0.020341 0.025073
0 0.452344 0.217708 0.027409 0.033398
0 0.555469 0.219792 0.024975 0.031796
0 0.521094 0.23125 0.022729 0.02728
0 0.06875 0.239583 0.024384 0.02969
0 0.610156 0.258333 0.029369 0.035583
0 0.622656 0.255208 0.018561 0.025359
0 0.220312 0.280208 0.019531 0.026042
0 0.878125 0.320833 0.022758 0.030751
0 0.744531 0.340625 0.026665 0.036981
0 0.228125 0.355208 0.026848 0.034118
0 0.103906 0.41875 0.027678 0.033246
0 0.375 0.4375 0.026156 0.035428
0 0.080469 0.458333 0.028263 0.044889
0 0.039844 0.459375 0.028567 0.042069
0 0.911719 0.465625 0.02537 0.032683
0 0.025 0.46875 0.027468 0.032673
0 0.244531 0.476042 0.024496 0.029918
0 0.09375 0.48125 0.026275 0.033933
0 0.413281 0.513542 0.027421 0.034456
0 0.726562 0.520833 0.028251 0.04839
0 0.405469 0.517708 0.020566 0.026042
0 0.976562 0.535417 0.029133 0.033161
0 0.224219 0.579167 0.025796 0.030239
0 0.94375 0.595833 0.021978 0.027245
0 0.403125 0.603125 0.023988 0.030346
0 0.560937 0.61875 0.022731 0.029504
0 0.744531 0.636458 0.020566 0.026042
0 0.971875 0.665625 0.029798 0.036174
0 0.511719 0.669792 0.018773 0.023107
0 0.755469 0.671875 0.021161 0.025349
0 0.517969 0.675 0.024508 0.031695
0 0.529687 0.677083 0.021701 0.028014
0 0.1375 0.703125 0.026376 0.032785
0 0.020313 0.723958 0.023607 0.028741
0 0.3375 0.733333 0.030003 0.036118
0 0.279687 0.744792 0.019909 0.025929
0 0.385156 0.765625 0.028404 0.033308
0 0.578906 0.761458 0.018773 0.023107
0 0.764062 0.763542 0.019574 0.023676
0 0.296094 0.766667 0.021479 0.027243
0 0.626563 0.76875 0.024359 0.033115
0 0.282813 0.778125 0.02413 0.031832
0 0.248438 0.777083 0.021339 0.026862
0 0.54375 0.782292 0.023438 0.03125
0 0.9625 0.798958 0.024136 0.031823
0 0.728906 0.830208 0.024641 0.032044
0 0.676562 0.84375 0.023758 0.031125
0 0.642188 0.869792 0.021243 0.027194
0 0.224219 0.875 0.018442 0.024589
0 0.251563 0.889583 0.026724 0.034099
0 0.319531 0.91875 0.020566 0.026042
0 0.710156 0.940625 0.024837 0.032478
0 0.560937 0.94375 0.023103 0.02886
0 0.611719 0.948958 0.021989 0.028877
0 0.961719 0.95 0.025086 0.031874
0 0.670312 0.95625 0.023778 0.030992
0 0.80625 0.964583 0.023103 0.02886
0 0.823438 0.9625 0.018773 0.023107
0 0.078125 0.975 0.02317 0.029214
0 0.442969 0.975 0.020697 0.026524
0 0.329688 0.980208 0.032941 0.034243
0 0.401562 0.986446 0.02317 0.027107