0 0.684375 0.020833 0.0201 0.026364
0 0.364063 0.025 0.023055 0.028598
0 0.411719 0.033333 0.024459 0.028776
0 0.442969 0.073958 0.024467 0.031654
0 0.054688 0.090625 0.025129 0.029733
0 0.808594 0.110417 0.021339 0.026862
0 0.509375 0.148958 0.024847 0.031127
0 0.282813 0.148958 0.020676 0.026744
0 0.215625 0.154167 0.024079 0.030374
0 0.305469 0.153125 0.019574 0.023676
0 0.954688 0.160417 0.020627 0.027503
0 0.039062 0.163542 0.01902 0.024748
0 0.641406 0.170833 0.019429 0.026567
0 0.423438 0.194792 0.019909 0.025929
0 0.383594 0.269792 0.018756 0.022285
0 0.025781 0.275 0.024341 0.028597
0 0.04375 0.280208 0.024496 0.029918
0 0.90625 0.278125 0.023103 0.02886
0 0.307031 0.279167 0.021112 0.025088
0 0.124219 0.285417 0.021105 0.028403
0 0.032031 0.308333 0.021161 0.025349
0 0.513281 0.319792 0.020566 0.026042
0 0.825 0.3375 0.020866 0.027821
0 0.509375 0.344792 0.024225 0.030977
0 0.213281 0.352083 0.021239 0.025868
0 0.242969 0.363542 0.023511 0.028281
0 0.660156 0.370833 0.021408 0.02918
0 0.372656 0.382292 0.024565 0.029737
0 0.200781 0.384375 0.019574 0.023676
0 0.857812 0.430208 0.023556 0.02766
0 0.067187 0.442708 0.022815 0.027608
0 0.783594 0.475 0.024508 0.031695
0 0.502344 0.5 0.02274 0.033763
0 0.535937 0.526042 0.0197 0.025227
0 0.414844 0.542708 0.021542 0.027554
0 0.367188 0.558333 0.025957 0.03004
0 0.710938 0.58125 0.025905 0.030541
0 0.535937 0.671875 0.019768 0.025593
0 0.473438 0.708333 0.022464 0.028723
0 0.644531 0.761458 0.018561 0.025359
0 0.872656 0.7875 0.021796 0.030069
0 0.990727 0.822917 0.018545 0.030998
0 0.867969 0.889583 0.02426 0.027326
0 0.028125 0.916667 0.025984 0.029621
0 0.864844 0.948958 0.021479 0.027243
0 0.555469 0.988653 0.021362 0.022695