0 0.538281 0.0375 0.020579 0.030481
0 0.322656 0.091667 0.022922 0.031445
0 0.160938 0.15 0.021658 0.029319
0 0.192188 0.152083 0.021946 0.026299
0 0.23125 0.190625 0.025341 0.035687
0 0.301563 0.198958 0.018096 0.024127
0 0.639062 0.205208 0.018561 0.025359
0 0.086719 0.270833 0.032087 0.029733
0 0.736719 0.286458 0.027624 0.03239
0 0.078125 0.315625 0.021145 0.028907
0 0.659375 0.357292 0.024211 0.032811
0 0.66875 0.354167 0.018756 0.022285
0 0.107031 0.364583 0.023127 0.02972
0 0.013281 0.371875 0.019792 0.025321
0 0.717187 0.389583 0.017982 0.022269
0 0.041406 0.40625 0.035352 0.040052
0 0.288281 0.408333 0.022129 0.030969
0 0.50625 0.435417 0.023741 0.031149
0 0.530469 0.438542 0.019531 0.027421
0 0.451562 0.453125 0.024804 0.032617
0 0.527344 0.465625 0.02018 0.026907
0 0.386719 0.470833 0.023293 0.029834
0 0.713281 0.490625 0.018442 0.024589
0 0.522656 0.505208 0.020774 0.032412
0 0.7625 0.521875 0.021145 0.028907
0 0.130469 0.548958 0.021267 0.029091
0 0.850781 0.564583 0.0201 0.026364
0 0.5625 0.585417 0.018999 0.02628
0 0.275781 0.627083 0.019909 0.025929
0 0.178125 0.667708 0.021645 0.030804
0 0.554688 0.666667 0.022495 0.030475
0 0.871875 0.692708 0.023421 0.033
0 0.086719 0.715625 0.023597 0.02855
0 0.095312 0.723958 0.02101 0.028935
0 0.407031 0.832292 0.018442 0.024589
0 0.1625 0.866667 0.021459 0.027275
0 0.432031 0.895833 0.020627 0.027503
0 0.389062 0.90625 0.020479 0.026286
0 0.344531 0.955208 0.019925 0.025905
0 0.478125 0.96875 0.018354 0.025228
0 0.771875 0.972917 0.021508 0.03051