0 0.703125 0.009651 0.021894 0.019303
0 0.685156 0.017708 0.019178 0.025168
0 0.300781 0.034375 0.021264 0.026134
0 0.654687 0.042708 0.023771 0.032677
0 0.607031 0.052083 0.021408 0.02918
0 0.766406 0.2875 0.021999 0.028864
0 0.528906 0.326042 0.018939 0.024442
0 0.65 0.390625 0.024492 0.034303
0 0.446875 0.396875 0.020697 0.026524
0 0.95625 0.5 0.023183 0.031878
0 0.786719 0.502083 0.024348 0.028789
0 0.811719 0.613542 0.021119 0.029767
0 0.225 0.721875 0.022828 0.027821
0 0.164844 0.785417 0.024847 0.031127
0 0.582812 0.842708 0.021302 0.02814
0 0.400781 0.846875 0.024975 0.031796
0 0.864844 0.859375 0.018827 0.023629
0 0.277344 0.876042 0.020811 0.029482
0 0.515625 0.888542 0.026086 0.035954
0 0.769531 0.953125 0.021915 0.02956
0 0.260937 0.986596 0.026376 0.026809