0 0.649219 0.013542 0.017438 0.024063
0 0.248438 0.025 0.025837 0.030331
0 0.357031 0.0375 0.025161 0.033548
0 0.526563 0.045833 0.026273 0.033081
0 0.755469 0.086458 0.02118 0.025185
0 0.803125 0.121875 0.030739 0.036168
0 0.921094 0.135417 0.026515 0.035142
0 0.166406 0.145833 0.021999 0.028864
0 0.066406 0.154167 0.020328 0.024087
0 0.071875 0.209375 0.025636 0.035222
0 0.228906 0.205208 0.018773 0.023107
0 0.388281 0.207292 0.018939 0.024442
0 0.821875 0.254167 0.019925 0.025905
0 0.597656 0.260417 0.022828 0.027821
0 0.375 0.3625 0.020676 0.026744
0 0.904687 0.446875 0.029811 0.03855
0 0.335156 0.442708 0.021701 0.028014
0 0.173437 0.444792 0.020676 0.026744
0 0.514062 0.464583 0.023597 0.02855
0 0.910937 0.507292 0.022707 0.026328
0 0.851562 0.515625 0.026156 0.035428
0 0.324219 0.530208 0.026657 0.034439
0 0.089844 0.544792 0.024736 0.034375
0 0.392969 0.555208 0.021479 0.027243
0 0.491406 0.675 0.02426 0.027326
0 0.424219 0.761458 0.018939 0.024442
0 0.134375 0.789583 0.018442 0.024589
0 0.980469 0.8 0.021239 0.025868
0 0.913281 0.826042 0.03124 0.040168
0 0.389062 0.86875 0.019638 0.024534
0 0.157812 0.903125 0.021247 0.027272
0 0.320312 0.904167 0.02426 0.027326
0 0.353906 0.9125 0.027597 0.033767
0 0.43125 0.91875 0.026571 0.034874