0 0.398438 0.012705 0.025219 0.025409
0 0.961719 0.014155 0.029747 0.028311
0 0.332031 0.019792 0.020371 0.024457
0 0.919531 0.044792 0.018756 0.022285
0 0.613281 0.048958 0.020364 0.024472
0 0.865625 0.070833 0.018773 0.023107
0 0.335156 0.105208 0.021618 0.02791
0 0.508594 0.115625 0.020811 0.029482
0 0.951562 0.11875 0.019909 0.025929
0 0.386719 0.123958 0.024652 0.030465
0 0.289844 0.136458 0.019178 0.025168
0 0.963281 0.148958 0.021999 0.028864
0 0.764062 0.158333 0.027815 0.039999
0 0.907031 0.157292 0.018442 0.024589
0 0.815625 0.164583 0.01971 0.025332
0 0.492969 0.180208 0.021804 0.02852
0 0.725781 0.192708 0.021667 0.027913
0 0.392969 0.2 0.024818 0.032596
0 0.084375 0.246875 0.025197 0.031603
0 0.16875 0.255208 0.025838 0.032623
0 0.492188 0.258333 0.021496 0.034476
0 0.664062 0.2625 0.026176 0.035402
0 0.141406 0.272917 0.021727 0.028969
0 0.646875 0.302083 0.019574 0.023676
0 0.591406 0.309375 0.021648 0.029332
0 0.765625 0.309375 0.019792 0.025321
0 0.496875 0.314583 0.019627 0.024405
0 0.934375 0.316667 0.02111 0.023724
0 0.259375 0.322917 0.020046 0.026244
0 0.698438 0.323958 0.023821 0.030088
0 0.271094 0.329167 0.021542 0.027554
0 0.44375 0.328125 0.02273 0.025968
0 0.832812 0.33125 0.021921 0.025381
0 0.984375 0.336458 0.018756 0.022285
0 0.282031 0.340625 0.02198 0.027324
0 0.053125 0.347917 0.020058 0.027568
0 0.482031 0.354167 0.021999 0.028864
0 0.139063 0.359375 0.020566 0.026042
0 0.064062 0.365625 0.023583 0.030562
0 0.546094 0.364583 0.021161 0.025349
0 0.632031 0.366667 0.020454 0.02833
0 0.36875 0.398958 0.019178 0.025168
0 0.366406 0.409375 0.020566 0.026042
0 0.636719 0.417708 0.018939 0.024442
0 0.773438 0.416667 0.018756 0.022285
0 0.692969 0.425 0.019178 0.025168
0 0.766406 0.444792 0.021463 0.035497
0 0.807031 0.442708 0.018921 0.024472
0 0.063281 0.4625 0.021618 0.02791
0 0.735938 0.490625 0.020134 0.027719
0 0.188281 0.492708 0.023654 0.029634
0 0.6 0.490625 0.019909 0.025929
0 0.624219 0.510417 0.024496 0.029918
0 0.928906 0.508333 0.019543 0.023126
0 0.159375 0.526042 0.023385 0.032449
0 0.374219 0.563542 0.029535 0.044882
0 0.217969 0.5625 0.022111 0.027748
0 0.114062 0.565625 0.018561 0.025359
0 0.05625 0.56875 0.022464 0.028723
0 0.110937 0.590625 0.024095 0.033396
0 0.546875 0.597917 0.018773 0.023107
0 0.403906 0.620833 0.023592 0.030549
0 0.208594 0.623958 0.020328 0.024087
0 0.203125 0.625 0.019638 0.024534
0 0.740625 0.653125 0.033607 0.041673
0 0.655469 0.645833 0.017759 0.024215
0 0.077344 0.65625 0.019925 0.025905
0 0.48125 0.660417 0.018773 0.023107
0 0.066406 0.666667 0.024899 0.034055
0 0.523438 0.66875 0.026281 0.032051
0 0.986719 0.666667 0.02168 0.028193
0 0.45625 0.673958 0.019792 0.025321
0 0.601562 0.678125 0.023026 0.028919
0 0.158594 0.692708 0.018008 0.02309
0 0.278906 0.702083 0.018008 0.02309
0 0.304688 0.711458 0.021727 0.028969
0 0.396094 0.715625 0.024679 0.030191
0 0.559375 0.7125 0.018756 0.022285
0 0.286719 0.720833 0.021701 0.028014
0 0.21875 0.732292 0.021479 0.027243
0 0.164062 0.753125 0.02393 0.031906
0 0.784375 0.753125 0.019574 0.023676
0 0.182812 0.769792 0.019574 0.023676
0 0.28125 0.773958 0.019992 0.026974
0 0.149219 0.78125 0.027753 0.032981
0 0.590625 0.777083 0.019909 0.025929
0 0.11875 0.791667 0.030711 0.054637
0 0.177344 0.790625 0.030911 0.037472
0 0.098437 0.7875 0.023592 0.027503
0 0.751563 0.789583 0.023461 0.030231
0 0.05625 0.794792 0.01813 0.025093
0 0.376563 0.796875 0.020551 0.027917
0 0.105469 0.819792 0.018008 0.02309
0 0.359375 0.820833 0.0201 0.026364
0 0.392188 0.83125 0.019909 0.025929
0 0.247656 0.8375 0.024309 0.027699
0 0.872656 0.8625 0.02486 0.031
0 0.386719 0.8625 0.021701 0.028014
0 0.282031 0.877083 0.026583 0.027362
0 0.020313 0.885417 0.018008 0.02309
0 0.507031 0.89375 0.022094 0.027539
0 0.349219 0.898958 0.022111 0.027748
0 0.857812 0.922917 0.035452 0.037301
0 0.3125 0.947917 0.018773 0.023107
0 0.922656 0.955208 0.021989 0.028877
0 0.321094 0.978125 0.02505 0.02686
0 0.580469 0.978125 0.021701 0.028014
0 0.520312 0.98125 0.022918 0.028188