0 0.055469 0.24375 0.02897 0.039181
0 0.070312 0.247917 0.023493 0.032412
0 0.63125 0.265625 0.018876 0.02557
0 0.560937 0.304167 0.030366 0.040487
0 0.982812 0.315625 0.018008 0.02309
0 0.942187 0.365625 0.019792 0.025321
0 0.782031 0.452083 0.021122 0.026093
0 0.782813 0.552083 0.024679 0.030191
0 0.239063 0.642708 0.022937 0.028155
0 0.301563 0.655208 0.020422 0.025409
0 0.280469 0.678125 0.019574 0.023676
0 0.785937 0.758333 0.018773 0.023107
0 0.495312 0.834375 0.019909 0.025929
0 0.56875 0.932292 0.019429 0.026567