0 0.13125 0.015625 0.018939 0.024442
0 0.209375 0.159375 0.019925 0.025905
0 0.163281 0.1875 0.019574 0.023676
0 0.336719 0.205208 0.024679 0.030191
0 0.152344 0.208333 0.018756 0.022285
0 0.221875 0.23125 0.025322 0.03032
0 0.251563 0.261458 0.019638 0.024534
0 0.221094 0.289583 0.018773 0.023107
0 0.215625 0.311458 0.019925 0.025905
0 0.128125 0.373958 0.02269 0.029686
0 0.607031 0.377083 0.018773 0.023107
0 0.092969 0.394792 0.021508 0.03051
0 0.272656 0.401042 0.018442 0.024589
0 0.169531 0.470833 0.021362 0.02664
0 0.672656 0.475 0.021804 0.02852
0 0.574219 0.475 0.018008 0.02309
0 0.45625 0.48125 0.019627 0.024405
0 0.314844 0.489583 0.021459 0.027275
0 0.011928 0.516667 0.023855 0.027678
0 0.910937 0.532292 0.020416 0.025301
0 0.434375 0.532292 0.019531 0.026042
0 0.664844 0.5375 0.018008 0.02309
0 0.232031 0.596875 0.023977 0.034121
0 0.629687 0.645833 0.018773 0.023107
0 0.511719 0.647917 0.02127 0.026124
0 0.015625 0.648958 0.019792 0.025321
0 0.347656 0.676042 0.020826 0.029466
0 0.209375 0.767708 0.02507 0.027729
0 0.617188 0.830208 0.021929 0.025115
0 0.470313 0.846875 0.022971 0.028458
0 0.883594 0.85625 0.01971 0.025332
0 0.830469 0.8875 0.018048 0.02325
0 0.6 0.891667 0.019574 0.023676
0 0.901563 0.916667 0.0197 0.025227
0 0.379688 0.960417 0.018773 0.023107
0 0.846094 0.970833 0.017759 0.024215
0 0.846094 0.977083 0.018161 0.023679
0 0.376563 0.982292 0.019925 0.025905
0 0.492969 0.986458 0.018939 0.024442