0 0.896875 0.008414 0.019792 0.016827
0 0.859375 0.021875 0.019638 0.024534
0 0.228906 0.025 0.029008 0.031068
0 0.214062 0.064583 0.025843 0.042052
0 0.764062 0.117708 0.019574 0.023676
0 0.474219 0.130208 0.019574 0.023676
0 0.871094 0.132292 0.020341 0.025073
0 0.384375 0.159375 0.019638 0.024534
0 0.132031 0.161458 0.018773 0.023107
0 0.919531 0.167708 0.021314 0.02663
0 0.703906 0.179167 0.019574 0.023676
0 0.597656 0.198958 0.018773 0.023107
0 0.414844 0.203125 0.020328 0.024087
0 0.475781 0.238542 0.019178 0.025168
0 0.358594 0.285417 0.021202 0.026349
0 0.25 0.305208 0.024668 0.03021
0 0.146094 0.323958 0.019574 0.023676
0 0.921094 0.328125 0.021339 0.026862
0 0.499219 0.330208 0.021239 0.025868
0 0.052344 0.404167 0.02393 0.036
0 0.866406 0.44375 0.026228 0.036624
0 0.171875 0.445833 0.028606 0.036385
0 0.529687 0.448958 0.019534 0.022292
0 0.223438 0.495833 0.019638 0.024534
0 0.015625 0.513542 0.020789 0.026845
0 0.023438 0.516667 0.020058 0.027568
0 0.799219 0.540625 0.021796 0.030069
0 0.539062 0.554167 0.018773 0.023107
0 0.98125 0.572917 0.019792 0.025321
0 0.025 0.582292 0.019638 0.024534
0 0.891406 0.586458 0.018827 0.023629
0 0.353906 0.66875 0.02032 0.023137
0 0.170313 0.676042 0.020741 0.033425
0 0.133594 0.691667 0.018939 0.024442
0 0.357031 0.714583 0.031523 0.044286
0 0.88125 0.75 0.030696 0.039199
0 0.11875 0.78125 0.022828 0.027821
0 0.042969 0.801042 0.018939 0.024442
0 0.914062 0.803125 0.023461 0.030231
0 0.2375 0.820833 0.023778 0.030992
0 0.800781 0.84375 0.019627 0.024405
0 0.242969 0.848958 0.024496 0.029918
0 0.810156 0.846875 0.018331 0.025253
0 0.404687 0.851042 0.019585 0.023836
0 0.686719 0.935417 0.02499 0.039993
0 0.942187 0.939583 0.023298 0.029827
0 0.241406 0.959375 0.020441 0.025129