0 0.178906 0.011198 0.020566 0.022396
0 0.872656 0.011601 0.018876 0.023202
0 0.339844 0.016374 0.027349 0.032748
0 0.167187 0.021875 0.030264 0.041974
0 0.5375 0.028125 0.036969 0.041367
0 0.777344 0.020833 0.021929 0.025115
0 0.183594 0.026042 0.021264 0.026134
0 0.774219 0.026042 0.016719 0.026046
0 0.832031 0.023958 0.018756 0.022285
0 0.25625 0.029167 0.020537 0.027934
0 0.661719 0.032292 0.021198 0.026257
0 0.039062 0.0375 0.020416 0.025301
0 0.917188 0.039583 0.0201 0.026364
0 0.685937 0.044792 0.017301 0.024027
0 0.335938 0.047917 0.020441 0.025129
0 0.410938 0.059375 0.037188 0.046353
0 0.3 0.059375 0.03253 0.038688
0 0.69375 0.057292 0.027609 0.04078
0 0.728125 0.054167 0.019574 0.023676
0 0.777344 0.067708 0.032227 0.044088
0 0.242969 0.058333 0.01902 0.024748
0 0.252344 0.061458 0.01882 0.024173
0 0.075781 0.067708 0.018161 0.023679
0 0.099219 0.072917 0.026833 0.03299
0 0.449219 0.069792 0.018756 0.022285
0 0.929688 0.071875 0.024039 0.030661
0 0.714063 0.075 0.019683 0.026728
0 0.235937 0.079167 0.026195 0.032242
0 0.632031 0.085417 0.018939 0.024442
0 0.21875 0.092708 0.027829 0.038542
0 0.275781 0.098958 0.033188 0.0506
0 0.14375 0.092708 0.027399 0.032381
0 0.132812 0.090625 0.01971 0.025332
0 0.889062 0.105208 0.027415 0.041725
0 0.741406 0.1 0.020697 0.026524
0 0.902344 0.1 0.018096 0.024127
0 0.525781 0.101042 0.019534 0.022292
0 0.570312 0.1 0.018008 0.02309
0 0.828906 0.102083 0.021161 0.025349
0 0.633594 0.103125 0.018773 0.023107
0 0.488281 0.104167 0.017438 0.024063
0 0.521094 0.104167 0.021161 0.025349
0 0.98125 0.136458 0.03432 0.082498
0 0.763281 0.1125 0.026268 0.03569
0 0.710938 0.11875 0.03022 0.037662
0 0.471094 0.113542 0.020566 0.026042
0 0.015625 0.11875 0.023476 0.030208
0 0.085938 0.116667 0.020371 0.024457
0 0.31875 0.127083 0.024598 0.033805
0 0.582812 0.123958 0.023796 0.029832
0 0.400781 0.140625 0.03485 0.050469
0 0.092969 0.130208 0.018756 0.022285
0 0.183594 0.144792 0.023821 0.030088
0 0.430469 0.152083 0.031001 0.038592
0 0.067187 0.147917 0.018999 0.02628
0 0.539844 0.15 0.025273 0.030852
0 0.778906 0.155208 0.018756 0.022285
0 0.552344 0.159375 0.018773 0.023107
0 0.7 0.1625 0.023654 0.029634
0 0.470313 0.160417 0.01902 0.024748
0 0.245312 0.176042 0.047035 0.050361
0 0.165625 0.165625 0.02032 0.023137
0 0.752344 0.175 0.020328 0.024087
0 0.551562 0.177083 0.019792 0.025321
0 0.933594 0.179167 0.021161 0.025349
0 0.186719 0.18125 0.018921 0.024472
0 0.421094 0.185417 0.027 0.031907
0 0.813281 0.185417 0.025443 0.03485
0 0.335156 0.192708 0.031664 0.046445
0 0.989844 0.188542 0.018008 0.02309
0 0.651563 0.190625 0.020422 0.025409
0 0.082812 0.203125 0.02892 0.037994
0 0.452344 0.198958 0.018773 0.023107
0 0.110937 0.20625 0.018161 0.023679
0 0.522656 0.20625 0.018769 0.023116
0 0.183594 0.216667 0.032324 0.039147
0 0.217969 0.215625 0.030694 0.037789
0 0.485156 0.208333 0.02032 0.023137
0 0.771094 0.208333 0.017759 0.024215
0 0.873437 0.21875 0.022758 0.030751
0 0.920312 0.217708 0.019925 0.025905
0 0.78125 0.21875 0.018773 0.023107
0 0.334375 0.230208 0.03598 0.043777
0 0.577344 0.223958 0.025086 0.031874
0 0.803906 0.220833 0.02032 0.023137
0 0.26875 0.223958 0.022937 0.028155
0 0.603906 0.222917 0.021479 0.027243
0 0.379688 0.229167 0.029919 0.036775
0 0.535937 0.229167 0.032316 0.036477
0 0.228125 0.232292 0.020566 0.026042
0 0.555469 0.234375 0.021339 0.026862
0 0.354687 0.233333 0.018008 0.02309
0 0.948438 0.24375 0.020537 0.027934
0 0.235937 0.25 0.028976 0.031606
0 0.582812 0.254167 0.030383 0.037827
0 0.621094 0.252083 0.02486 0.031
0 0.599219 0.253125 0.019119 0.025492
0 0.484375 0.25625 0.019119 0.025492
0 0.457031 0.257292 0.018756 0.022285
0 0.247656 0.260417 0.018827 0.023629
0 0.410156 0.2625 0.020479 0.026286
0 0.394531 0.2625 0.018827 0.023629
0 0.486719 0.263542 0.018161 0.023679
0 0.641406 0.267708 0.02591 0.029014
0 0.063281 0.270833 0.025086 0.031874
0 0.544531 0.272917 0.026008 0.033043
0 0.400781 0.269792 0.018008 0.02309
0 0.377344 0.284375 0.029216 0.040662
0 0.321094 0.282292 0.02851 0.03727
0 0.891406 0.278125 0.018161 0.023679
0 0.575781 0.288542 0.027016 0.037416
0 0.044531 0.294792 0.022418 0.029062
0 0.219531 0.296875 0.018442 0.024589
0 0.376563 0.296875 0.018921 0.024472
0 0.278125 0.301042 0.021198 0.026257
0 0.509375 0.311458 0.028149 0.043393
0 0.803125 0.303125 0.019925 0.025905
0 0.523438 0.314583 0.029891 0.040668
0 0.575781 0.31875 0.040544 0.047465
0 0.378906 0.321875 0.031471 0.046658
0 0.60625 0.313542 0.019627 0.024405
0 0.992572 0.319792 0.014855 0.023107
0 0.546094 0.330208 0.029928 0.043388
0 0.29375 0.322917 0.017317 0.024011
0 0.089063 0.329167 0.026966 0.033171
0 0.590625 0.327083 0.018773 0.023107
0 0.775781 0.334375 0.018331 0.025253
0 0.198437 0.348958 0.032382 0.049245
0 0.449219 0.3375 0.021978 0.027245
0 0.502344 0.35 0.030118 0.046132
0 0.2625 0.361458 0.040408 0.05869
0 0.473438 0.346875 0.020341 0.025073
0 0.81875 0.35625 0.035938 0.043679
0 0.766406 0.351042 0.018756 0.022285
0 0.467969 0.354167 0.022051 0.026939
0 0.664844 0.363542 0.030739 0.036168
0 0.302344 0.367708 0.03404 0.039938
0 0.707812 0.367708 0.038968 0.042136
0 0.654687 0.36875 0.019339 0.027372
0 0.864844 0.375 0.022017 0.028277
0 0.582812 0.373958 0.019613 0.024433
0 0.488281 0.375 0.018124 0.023544
0 0.285156 0.384375 0.030751 0.034619
0 0.354687 0.377083 0.017982 0.022269
0 0.923438 0.379167 0.019585 0.023836
0 0.205469 0.38125 0.020441 0.025129
0 0.536719 0.38125 0.019925 0.025905
0 0.84375 0.388542 0.030366 0.043271
0 0.596875 0.382292 0.019574 0.023676
0 0.442188 0.389583 0.025838 0.032623
0 0.496875 0.39375 0.029667 0.041846
0 0.164844 0.388542 0.019792 0.025321
0 0.915625 0.395833 0.027826 0.033764
0 0.583594 0.394792 0.019119 0.025492
0 0.358594 0.395833 0.021727 0.028969
0 0.745313 0.409375 0.030515 0.046995
0 0.205469 0.408333 0.029726 0.03343
0 0.510938 0.404167 0.018331 0.025253
0 0.9375 0.40625 0.020676 0.026744
0 0.371875 0.420833 0.031407 0.049053
0 0.525781 0.407292 0.018773 0.023107
0 0.228906 0.421875 0.04242 0.044784
0 0.717187 0.411458 0.018876 0.02557
0 0.578906 0.415625 0.021976 0.025927
0 0.834375 0.426042 0.034471 0.044152
0 0.4125 0.41875 0.023511 0.028281
0 0.567969 0.420833 0.022625 0.029341
0 0.794531 0.426042 0.028405 0.031779
0 0.270313 0.429167 0.025072 0.030368
0 0.349219 0.427083 0.018769 0.023116
0 0.380469 0.432292 0.022674 0.02453
0 0.245312 0.4375 0.019574 0.023676
0 0.339844 0.4375 0.018008 0.02309
0 0.407813 0.44375 0.023958 0.029808
0 0.732031 0.44375 0.018846 0.02378
0 0.360156 0.445833 0.021198 0.026257
0 0.492969 0.452083 0.036436 0.040636
0 0.099219 0.447917 0.01902 0.024748
0 0.333594 0.447917 0.01902 0.024748
0 0.585938 0.45 0.020676 0.026744
0 0.058594 0.451042 0.018304 0.026169
0 0.513281 0.452083 0.016702 0.023976
0 0.545312 0.45625 0.020328 0.024087
0 0.358594 0.464583 0.034381 0.03648
0 0.192188 0.460417 0.021902 0.027122
0 0.508594 0.4625 0.019627 0.024405
0 0.221094 0.478125 0.027202 0.052177
0 0.291406 0.472917 0.026738 0.039457
0 0.576562 0.469792 0.021479 0.027243
0 0.783594 0.473958 0.018124 0.023544
0 0.088281 0.475 0.018939 0.024442
0 0.175781 0.479167 0.021819 0.028356
0 0.572656 0.48125 0.023922 0.031467
0 0.236719 0.480208 0.019992 0.026974
0 0.460156 0.485417 0.025219 0.029986
0 0.480469 0.485417 0.021819 0.028356
0 0.691406 0.494792 0.034713 0.043369
0 0.172656 0.492708 0.02539 0.038778
0 0.538281 0.490625 0.024837 0.032478
0 0.392188 0.490625 0.021198 0.026257
0 0.285938 0.507292 0.032107 0.047633
0 0.653906 0.494792 0.018161 0.023679
0 0.572656 0.497917 0.022051 0.026939
0 0.217969 0.504167 0.023556 0.02766
0 0.604688 0.50625 0.02434 0.033657
0 0.1875 0.505208 0.022111 0.027748
0 0.571875 0.505208 0.017658 0.024165
0 0.246875 0.508333 0.019638 0.024534
0 0.228906 0.5125 0.01902 0.024748
0 0.205469 0.51875 0.019543 0.023126
0 0.453125 0.525 0.026297 0.034785
0 0.876563 0.523958 0.022729 0.02728
0 0.329688 0.534375 0.038557 0.047481
0 0.550781 0.540625 0.041636 0.051585
0 0.616406 0.53125 0.018939 0.024442
0 0.392969 0.545833 0.029185 0.036894
0 0.176563 0.561458 0.03716 0.063033
0 0.754687 0.552083 0.034313 0.046871
0 0.984375 0.551042 0.025244 0.038977
0 0.03125 0.551042 0.026979 0.035446
0 0.294531 0.566667 0.033789 0.049559
0 0.858594 0.559375 0.024447 0.033091
0 0.871094 0.55625 0.021161 0.025349
0 0.560156 0.559375 0.018773 0.023107
0 0.528125 0.569792 0.025833 0.035722
0 0.442188 0.570833 0.02143 0.027648
0 0.632031 0.569792 0.018161 0.023679
0 0.095312 0.572917 0.018008 0.02309
0 0.416406 0.584375 0.029771 0.039295
0 0.364844 0.594792 0.030822 0.043812
0 0.570312 0.592708 0.020058 0.027568
0 0.495312 0.595833 0.018561 0.025359
0 0.921875 0.598958 0.026376 0.032785
0 0.621875 0.602083 0.024307 0.027625
0 0.792188 0.605208 0.024982 0.033615
0 0.289062 0.607292 0.02679 0.030196
0 0.647656 0.605208 0.018756 0.022285
0 0.43125 0.609375 0.01971 0.025332
0 0.6625 0.616667 0.023026 0.028919
0 0.178906 0.630208 0.036072 0.048096
0 0.703125 0.619792 0.020422 0.025409
0 0.888281 0.626042 0.028303 0.037971
0 0.978125 0.619792 0.019792 0.025321
0 0.604688 0.625 0.018756 0.022285
0 0.139844 0.642708 0.028606 0.036385
0 0.369531 0.636458 0.018756 0.022285
0 0.571875 0.645833 0.02817 0.039674
0 0.751563 0.647917 0.027143 0.037683
0 0.642969 0.652083 0.030668 0.039358
0 0.786719 0.646875 0.018561 0.025359
0 0.485156 0.65625 0.024447 0.033091
0 0.553906 0.665625 0.03396 0.045112
0 0.104688 0.661458 0.022152 0.027355
0 0.782813 0.678125 0.022883 0.028677
0 0.014063 0.679167 0.020479 0.026286
0 0.190625 0.679167 0.019574 0.023676
0 0.148438 0.682292 0.023878 0.029636
0 0.252344 0.683333 0.024225 0.030977
0 0.082812 0.683333 0.020566 0.026042
0 0.7625 0.685417 0.022868 0.029857
0 0.85 0.686458 0.019683 0.026728
0 0.727344 0.698958 0.032541 0.039904
0 0.697656 0.704167 0.027422 0.038785
0 0.91875 0.7 0.022971 0.028458
0 0.426563 0.705208 0.021161 0.025349
0 0.266406 0.705208 0.017757 0.026099
0 0.804688 0.707292 0.0184 0.026183
0 0.654687 0.710417 0.020566 0.026042
0 0.554688 0.7125 0.022152 0.027355
0 0.564063 0.7125 0.021894 0.026105
0 0.535937 0.714583 0.017301 0.024027
0 0.570312 0.721875 0.019531 0.026042
0 0.009408 0.736458 0.018816 0.034832
0 0.457813 0.73125 0.020566 0.026042
0 0.49375 0.741667 0.036971 0.042966
0 0.336719 0.74375 0.035581 0.042422
0 0.435156 0.742708 0.018773 0.023107
0 0.524219 0.754167 0.037619 0.04742
0 0.458594 0.753125 0.022995 0.032052
0 0.424219 0.752083 0.019925 0.025905
0 0.751563 0.757292 0.022067 0.026726
0 0.610938 0.794792 0.04079 0.087755
0 0.939063 0.773958 0.029345 0.037191
0 0.546875 0.779167 0.031706 0.03965
0 0.870313 0.780208 0.029951 0.038596
0 0.360156 0.777083 0.019574 0.023676
0 0.636719 0.777083 0.019534 0.022292
0 0.040625 0.786458 0.022906 0.03454
0 0.953125 0.791667 0.021989 0.028877
0 0.35 0.790625 0.022707 0.026328
0 0.617188 0.796875 0.018561 0.025359
0 0.879687 0.8 0.024359 0.033115
0 0.496094 0.803125 0.018921 0.024472
0 0.724219 0.805208 0.024309 0.031325
0 0.1 0.815625 0.018561 0.025359
0 0.79375 0.816667 0.018756 0.022285
0 0.490625 0.819792 0.020566 0.026042
0 0.936719 0.819792 0.021479 0.027243
0 0.5875 0.821875 0.021302 0.02814
0 0.535937 0.822917 0.020537 0.027934
0 0.296875 0.823958 0.019178 0.025168
0 0.798438 0.839583 0.035216 0.054799
0 0.401562 0.830208 0.023597 0.02855
0 0.777344 0.836458 0.031379 0.0349
0 0.460938 0.833333 0.020566 0.026042
0 0.592187 0.832292 0.01971 0.025332
0 0.035937 0.8375 0.0197 0.025227
0 0.515625 0.841667 0.022325 0.028159
0 0.696875 0.847917 0.025552 0.033182
0 0.676562 0.845833 0.018008 0.02309
0 0.738281 0.852083 0.026709 0.037161
0 0.130469 0.859375 0.033132 0.041054
0 0.035156 0.85625 0.024847 0.031127
0 0.657813 0.8625 0.025846 0.036313
0 0.011719 0.858333 0.019627 0.024405
0 0.578906 0.864583 0.027003 0.034726
0 0.445312 0.863542 0.025826 0.029329
0 0.485156 0.865625 0.018048 0.02325
0 0.491406 0.86875 0.021259 0.028345
0 0.466406 0.871875 0.022883 0.028677
0 0.875 0.878125 0.033075 0.041565
0 0.919531 0.870833 0.018008 0.02309
0 0.157031 0.876042 0.023718 0.029015
0 0.485156 0.873958 0.018008 0.02309
0 0.248438 0.879167 0.021198 0.026257
0 0.825 0.880208 0.020627 0.027503
0 0.655469 0.889583 0.021479 0.027243
0 0.498437 0.901042 0.037576 0.043786
0 0.732812 0.898958 0.026918 0.037888
0 0.532031 0.901042 0.029395 0.038118
0 0.601562 0.901042 0.02867 0.035498
0 0.707812 0.898958 0.024043 0.032841
0 0.801562 0.90625 0.037864 0.041317
0 0.963281 0.911458 0.026136 0.037662
0 0.136719 0.9125 0.025507 0.03125
0 0.782813 0.914583 0.019574 0.023676
0 0.851562 0.921875 0.02563 0.034173
0 0.830469 0.93125 0.033876 0.046545
0 0.075 0.923958 0.022152 0.027355
0 0.651563 0.920833 0.018756 0.022285
0 0.308594 0.926042 0.019574 0.023676
0 0.5375 0.936458 0.034806 0.043897
0 0.870313 0.929167 0.019733 0.025046
0 0.009048 0.944792 0.018095 0.026042
0 0.611719 0.952083 0.034781 0.042603
0 0.630469 0.95 0.021479 0.027243
0 0.421875 0.953125 0.025129 0.029733
0 0.078906 0.95625 0.029772 0.033594
0 0.553125 0.951042 0.01882 0.024173
0 0.663281 0.963542 0.025086 0.031874
0 0.815625 0.9625 0.018773 0.023107
0 0.453906 0.963542 0.020046 0.026244
0 0.408594 0.969792 0.028217 0.035048
0 0.729688 0.973958 0.025161 0.030661
0 0.285938 0.975 0.020422 0.025409
0 0.225781 0.978125 0.018939 0.024442
0 0.557813 0.986458 0.020479 0.026286
0 0.980469 0.987979 0.019178 0.024043
0 0.053906 0.988605 0.01902 0.02279