0 0.160156 0.017708 0.021161 0.025349
0 0.784375 0.021875 0.031573 0.035013
0 0.957812 0.027083 0.026665 0.036981
0 0.6125 0.026042 0.022729 0.02728
0 0.057813 0.032292 0.01971 0.025332
0 0.46875 0.044792 0.029369 0.035583
0 0.221875 0.061458 0.029578 0.043608
0 0.434375 0.0625 0.022067 0.026726
0 0.824219 0.066667 0.020341 0.025073
0 0.289062 0.069792 0.022111 0.027748
0 0.8125 0.085417 0.041476 0.049778
0 0.176563 0.073958 0.022152 0.027355
0 0.129688 0.073958 0.020441 0.025129
0 0.167187 0.082292 0.020566 0.026042
0 0.11875 0.0875 0.018561 0.025359
0 0.291406 0.09375 0.017301 0.024027
0 0.476562 0.098958 0.024219 0.030208
0 0.786719 0.119792 0.024565 0.029737
0 0.929688 0.138542 0.026221 0.032529
0 0.519531 0.144792 0.029142 0.038408
0 0.573438 0.139583 0.020058 0.027568
0 0.599219 0.144792 0.019558 0.02407
0 0.671094 0.15625 0.030981 0.036824
0 0.379688 0.186458 0.027513 0.038402
0 0.221875 0.182292 0.01802 0.023067
0 0.767188 0.1875 0.019574 0.023676
0 0.572656 0.190625 0.02143 0.027648
0 0.604688 0.2125 0.023644 0.029463
0 0.554688 0.213542 0.023958 0.029808
0 0.530469 0.211458 0.019574 0.023676
0 0.403125 0.230208 0.019531 0.026042
0 0.592187 0.234375 0.018442 0.024589
0 0.039062 0.252083 0.020371 0.024457
0 0.127344 0.25625 0.025866 0.032394
0 0.3375 0.257292 0.017982 0.022269
0 0.811719 0.26875 0.020416 0.025301
0 0.15625 0.26875 0.019693 0.024852
0 0.721875 0.273958 0.025969 0.032604
0 0.790625 0.271875 0.019792 0.025321
0 0.878125 0.301042 0.02891 0.044191
0 0.338281 0.295833 0.019909 0.025929
0 0.586719 0.296875 0.018048 0.02325
0 0.276562 0.30625 0.027266 0.033333
0 0.560937 0.309375 0.018442 0.024589
0 0.503125 0.338542 0.037839 0.049748
0 0.8 0.332292 0.019574 0.023676
0 0.629687 0.336458 0.02095 0.027383
0 0.401562 0.345833 0.033165 0.045875
0 0.611719 0.347917 0.037946 0.044304
0 0.142187 0.344792 0.018939 0.024442
0 0.140625 0.377083 0.028371 0.034763
0 0.708594 0.375 0.02217 0.02922
0 0.341406 0.376042 0.01902 0.024748
0 0.70625 0.394792 0.022883 0.028677
0 0.435156 0.4 0.018331 0.025253
0 0.555469 0.411458 0.025197 0.031603
0 0.021094 0.415625 0.029572 0.040987
0 0.441406 0.415625 0.030004 0.041358
0 0.829688 0.414583 0.023654 0.029634
0 0.515625 0.433333 0.039015 0.050764
0 0.301563 0.425 0.023476 0.030208
0 0.278906 0.425 0.02123 0.025887
0 0.619531 0.436458 0.034351 0.044529
0 0.239844 0.447917 0.028441 0.041428
0 0.530469 0.439583 0.018769 0.023116
0 0.479687 0.453125 0.032044 0.044866
0 0.817969 0.44375 0.017317 0.024011
0 0.814844 0.460417 0.029339 0.040205
0 0.710156 0.454167 0.016702 0.023976
0 0.987156 0.458333 0.025688 0.032785
0 0.533594 0.464583 0.030896 0.040596
0 0.289844 0.458333 0.019638 0.024534
0 0.378906 0.473958 0.036238 0.050895
0 0.224219 0.49375 0.037955 0.061325
0 0.0375 0.479167 0.018827 0.023629
0 0.123438 0.484375 0.026114 0.032925
0 0.775 0.482292 0.020566 0.027421
0 0.817969 0.49375 0.021999 0.028864
0 0.894531 0.496875 0.026624 0.038226
0 0.64375 0.496875 0.017982 0.022269
0 0.642969 0.508333 0.018991 0.026389
0 0.805469 0.539583 0.029089 0.036562
0 0.648438 0.547917 0.043643 0.04662
0 0.925781 0.544792 0.02376 0.035586
0 0.332813 0.55 0.026692 0.039737
0 0.223438 0.561458 0.034504 0.054249
0 0.964844 0.547917 0.021362 0.02664
0 0.608594 0.554167 0.029623 0.036902
0 0.15625 0.584375 0.018773 0.023107
0 0.942187 0.596875 0.022937 0.028155
0 0.827344 0.604167 0.026994 0.038084
0 0.083594 0.614583 0.035683 0.049604
0 0.676562 0.60625 0.021978 0.027245
0 0.275781 0.616667 0.032437 0.042331
0 0.025 0.629167 0.023597 0.02855
0 0.012991 0.640625 0.025983 0.033171
0 0.111719 0.641667 0.0184 0.026183
0 0.025781 0.64375 0.019543 0.023126
0 0.041406 0.657292 0.030041 0.039597
0 0.613281 0.664583 0.044747 0.046782
0 0.871094 0.6625 0.026008 0.033043
0 0.651563 0.672917 0.026 0.035478
0 0.930469 0.684375 0.025084 0.031877
0 0.242969 0.685417 0.024377 0.029518
0 0.810156 0.701042 0.029014 0.035575
0 0.910156 0.709375 0.021819 0.028356
0 0.519531 0.719792 0.02431 0.030289
0 0.8625 0.719792 0.020046 0.026244
0 0.510156 0.721875 0.01902 0.024748
0 0.973437 0.73125 0.021894 0.026105
0 0.564063 0.733333 0.022707 0.026328
0 0.289062 0.748958 0.023654 0.029634
0 0.649219 0.758333 0.021314 0.02663
0 0.686719 0.765625 0.021239 0.025868
0 0.098437 0.771875 0.023666 0.033336
0 0.047656 0.778125 0.024291 0.029293
0 0.553906 0.783333 0.02537 0.030289
0 0.728906 0.797917 0.023592 0.027504
0 0.960156 0.814583 0.026157 0.036188
0 0.361719 0.816667 0.019558 0.02407
0 0.185938 0.828125 0.023227 0.029506
0 0.207813 0.828125 0.019638 0.024534
0 0.758594 0.832292 0.023607 0.028741
0 0.175 0.840625 0.018769 0.023116
0 0.872656 0.84375 0.021618 0.02791
0 0.184375 0.886458 0.024377 0.029518
0 0.303125 0.922917 0.021701 0.028014
0 0.834375 0.989025 0.01802 0.02195