0 0.407813 0.060417 0.019558 0.02407
0 0.874219 0.273958 0.024348 0.028789
0 0.380469 0.298958 0.021314 0.02663
0 0.271875 0.317708 0.023786 0.032659
0 0.5 0.396875 0.019992 0.026974
0 0.153906 0.4375 0.018008 0.02309
0 0.453906 0.4625 0.020811 0.029482
0 0.763281 0.470833 0.021804 0.02852
0 0.009562 0.496875 0.019124 0.034253
0 0.291406 0.720833 0.019531 0.026042
0 0.503125 0.727083 0.019733 0.025046
0 0.741406 0.772917 0.021546 0.027548
0 0.65625 0.803125 0.019909 0.025929
0 0.566406 0.902083 0.021161 0.025349