0 0.869531 0.047917 0.018939 0.024442
0 0.353906 0.061458 0.028506 0.035084
0 0.192188 0.065625 0.025853 0.032508
0 0.079687 0.067708 0.020058 0.027568
0 0.946875 0.076042 0.019543 0.023126
0 0.811719 0.116667 0.018939 0.024442
0 0.575781 0.129167 0.030777 0.037099
0 0.452344 0.146875 0.020371 0.024457
0 0.696094 0.153125 0.021105 0.028403
0 0.576562 0.15625 0.018008 0.02309
0 0.820312 0.1625 0.0201 0.026364
0 0.376563 0.167708 0.019925 0.025905
0 0.460156 0.202083 0.021479 0.027243
0 0.075781 0.219792 0.024623 0.030229
0 0.792969 0.226042 0.018773 0.023107
0 0.042969 0.238542 0.0223 0.028345
0 0.021875 0.34375 0.026593 0.034331
0 0.316406 0.344792 0.02537 0.030289
0 0.491406 0.347917 0.026195 0.032242
0 0.309375 0.386458 0.019693 0.028264
0 0.780469 0.392708 0.021999 0.028864
0 0.9875 0.432292 0.01902 0.024748
0 0.376563 0.452083 0.018756 0.022285
0 0.555469 0.516667 0.021542 0.027554
0 0.85 0.536458 0.023778 0.030992
0 0.014844 0.553125 0.021796 0.030069
0 0.542188 0.563542 0.019531 0.027421
0 0.483594 0.592708 0.018773 0.023107
0 0.330469 0.613542 0.025032 0.034809
0 0.521094 0.619792 0.018756 0.022285
0 0.230469 0.639583 0.02203 0.026707
0 0.485938 0.652083 0.026389 0.034301
0 0.064844 0.658333 0.021796 0.030069
0 0.180469 0.666667 0.021788 0.030078
0 0.514844 0.685417 0.018939 0.024442
0 0.207031 0.691667 0.021701 0.028014
0 0.603125 0.717708 0.021701 0.028014
0 0.938281 0.739583 0.024394 0.028127
0 0.954688 0.754167 0.02276 0.031984
0 0.982031 0.765625 0.018773 0.023107
0 0.014063 0.770833 0.026886 0.032112
0 0.897656 0.773958 0.027905 0.034571
0 0.457031 0.773958 0.018999 0.02628
0 0.669531 0.844792 0.018756 0.022285
0 0.882031 0.848958 0.021804 0.02852
0 0.802344 0.870833 0.024535 0.029481
0 0.784375 0.882292 0.026376 0.032785
0 0.492188 0.889583 0.029009 0.033698
0 0.826562 0.885417 0.020134 0.027719
0 0.559375 0.895833 0.018124 0.023544
0 0.136719 0.920833 0.021989 0.028877
0 0.749219 0.940625 0.025282 0.034542
0 0.144531 0.953125 0.020441 0.025129
0 0.396094 0.955208 0.018442 0.024589
0 0.797656 0.988748 0.01882 0.022503