0 0.063281 0.077083 0.023493 0.032412
0 0.209375 0.120833 0.020697 0.026524
0 0.275781 0.192708 0.025907 0.03371
0 0.644531 0.246875 0.027736 0.03412
0 0.829688 0.295833 0.026932 0.035136
0 0.184375 0.30625 0.025685 0.036465
0 0.717969 0.369792 0.025054 0.032952
0 0.307812 0.378125 0.020422 0.025409
0 0.309375 0.417708 0.022128 0.030307
0 0.314063 0.438542 0.026585 0.035972
0 0.126562 0.478125 0.019925 0.025905
0 0.302344 0.489583 0.023661 0.028066
0 0.707031 0.519792 0.02479 0.031527
0 0.807031 0.530208 0.025042 0.032134
0 0.219531 0.552083 0.020537 0.027934
0 0.878125 0.692708 0.026963 0.035543
0 0.410938 0.702083 0.019683 0.026728
0 0.565625 0.73125 0.023026 0.028919
0 0.483594 0.766667 0.024652 0.030465
0 0.452344 0.785417 0.018008 0.02309
0 0.810937 0.801042 0.023183 0.031878
0 0.940625 0.819792 0.022613 0.03763
0 0.791406 0.914583 0.029426 0.042129
0 0.134375 0.929167 0.027698 0.03918
0 0.253125 0.980208 0.02479 0.031527