0 0.202344 0.084375 0.028981 0.044672
0 0.335938 0.105208 0.022729 0.02728
0 0.767969 0.111458 0.021819 0.028356
0 0.875781 0.158333 0.021804 0.02852
0 0.747656 0.321875 0.021112 0.025088
0 0.884375 0.346875 0.020566 0.026042
0 0.629687 0.35 0.02306 0.029195
0 0.044531 0.377083 0.022169 0.033669
0 0.702344 0.408333 0.021701 0.028014
0 0.695312 0.409375 0.019543 0.023126
0 0.839844 0.426042 0.018124 0.023544
0 0.936719 0.453125 0.018939 0.024442
0 0.309375 0.467708 0.022883 0.028677
0 0.664844 0.519792 0.018161 0.023679
0 0.845313 0.573958 0.019574 0.023676
0 0.324219 0.716667 0.021701 0.028014
0 0.402344 0.961458 0.023768 0.032356