0 0.740625 0.015959 0.032221 0.031919
0 0.8625 0.04375 0.027172 0.035363
0 0.265625 0.092708 0.019792 0.025321
0 0.649219 0.104167 0.027091 0.032554
0 0.111719 0.1375 0.027648 0.034893
0 0.507031 0.201042 0.024166 0.030959
0 0.310937 0.228125 0.026011 0.035464
0 0.161719 0.280208 0.018442 0.024589
0 0.357812 0.295833 0.026101 0.032719
0 0.419531 0.34375 0.019558 0.02407
0 0.245312 0.359375 0.019574 0.023676
0 0.263281 0.364583 0.021701 0.028014
0 0.1625 0.375 0.023026 0.028919
0 0.367969 0.411458 0.019574 0.023676
0 0.0375 0.425 0.024174 0.037799
0 0.65625 0.479167 0.023227 0.029506
0 0.463281 0.509375 0.018773 0.023107
0 0.349219 0.548958 0.027468 0.032673
0 0.955469 0.553125 0.029603 0.038446
0 0.28125 0.621875 0.0197 0.025227
0 0.904687 0.666667 0.018773 0.023107
0 0.453125 0.695833 0.033071 0.039125
0 0.850781 0.8 0.029709 0.041272
0 0.603906 0.814583 0.027467 0.038364
0 0.236719 0.8125 0.018442 0.024589
0 0.089844 0.88125 0.025208 0.034751
0 0.296094 0.909375 0.024436 0.029089
0 0.328906 0.955208 0.029789 0.034704
0 0.08125 0.977083 0.022128 0.030307