0 0.620313 0.075 0.028975 0.031557
0 0.310156 0.172917 0.022227 0.031837
0 0.782031 0.189583 0.020058 0.027568
0 0.521094 0.201042 0.01882 0.024173
0 0.607031 0.251042 0.019178 0.025168
0 0.2625 0.26875 0.022937 0.028155
0 0.033594 0.375 0.021475 0.03346
0 0.061719 0.409375 0.025095 0.028633
0 0.371875 0.508333 0.022995 0.032052
0 0.589063 0.527083 0.023386 0.031971
0 0.4125 0.551042 0.025095 0.028633
0 0.829688 0.55625 0.024381 0.03447
0 0.271094 0.6875 0.024975 0.031796
0 0.660156 0.705208 0.025984 0.029621
0 0.208594 0.826042 0.022026 0.030025
0 0.157031 0.834375 0.020566 0.026042
0 0.849219 0.865625 0.022118 0.031853
0 0.891406 0.964583 0.022766 0.03074
0 0.30625 0.967708 0.019792 0.025321
0 0.401562 0.984375 0.022937 0.028155