0 0.709375 0.06875 0.022729 0.02728
0 0.453906 0.072917 0.021796 0.030069
0 0.770312 0.164583 0.020801 0.028133
0 0.627344 0.204167 0.021796 0.02989
0 0.03125 0.204167 0.022111 0.027748
0 0.279687 0.229167 0.02306 0.029195
0 0.65625 0.267708 0.02551 0.035817
0 0.417969 0.267708 0.02143 0.027648
0 0.834375 0.269792 0.020676 0.026744
0 0.551562 0.298958 0.027816 0.03591
0 0.579688 0.314583 0.023293 0.029834
0 0.371875 0.366667 0.027349 0.034246
0 0.857031 0.398958 0.021999 0.028864
0 0.169531 0.4125 0.021976 0.025927
0 0.532813 0.419792 0.026273 0.033081
0 0.760938 0.476042 0.023583 0.030562
0 0.421875 0.494792 0.022729 0.02728
0 0.88125 0.498958 0.024162 0.031385
0 0.911719 0.502083 0.02168 0.028193
0 0.135937 0.590625 0.025611 0.031936
0 0.128906 0.596875 0.018161 0.023679
0 0.704688 0.610417 0.023293 0.029834
0 0.475781 0.615625 0.021819 0.028356
0 0.853906 0.625 0.024652 0.030465
0 0.221875 0.684375 0.022828 0.027821
0 0.296875 0.704167 0.026865 0.034809
0 0.93125 0.83125 0.023952 0.034149
0 0.73125 0.83125 0.022883 0.028677
0 0.2375 0.925 0.023055 0.028598