0 0.095312 0.013062 0.021648 0.026124
0 0.260937 0.012792 0.022756 0.025583
0 0.785937 0.015625 0.01902 0.024748
0 0.114062 0.016667 0.017982 0.022269
0 0.146875 0.03125 0.021546 0.027548
0 0.721094 0.047917 0.0211 0.027734
0 0.332813 0.047917 0.018048 0.02325
0 0.233594 0.059375 0.023298 0.029827
0 0.726562 0.082292 0.022017 0.028277
0 0.682031 0.107292 0.022758 0.028319
0 0.100781 0.108333 0.020627 0.027503
0 0.24375 0.130208 0.017658 0.024165
0 0.871094 0.1375 0.019773 0.0268
0 0.492969 0.139583 0.019446 0.026546
0 0.289844 0.142708 0.022756 0.02825
0 0.307812 0.155208 0.028364 0.043298
0 0.783594 0.152083 0.018999 0.02628
0 0.775 0.172917 0.021999 0.028864
0 0.834375 0.20625 0.020566 0.026042
0 0.621875 0.230208 0.018442 0.024589
0 0.667188 0.24375 0.021653 0.030795
0 0.764062 0.255208 0.01902 0.024748
0 0.309375 0.265625 0.021116 0.030583
0 0.653125 0.265625 0.025217 0.033302
0 0.072656 0.266667 0.024136 0.031823
0 0.764844 0.283333 0.018991 0.026389
0 0.296875 0.286458 0.0223 0.028345
0 0.353906 0.285417 0.019925 0.025905
0 0.592969 0.309375 0.023451 0.027139
0 0.448437 0.327083 0.027876 0.038048
0 0.692969 0.322917 0.018773 0.023107
0 0.078125 0.326042 0.020666 0.028723
0 0.065625 0.367708 0.02101 0.028935
0 0.739844 0.382292 0.017317 0.024011
0 0.720313 0.396875 0.018939 0.024442
0 0.3375 0.404167 0.021203 0.030662
0 0.010937 0.407292 0.01902 0.024748
0 0.117188 0.426042 0.018836 0.029238
0 0.088281 0.432292 0.018639 0.026258
0 0.710938 0.435417 0.021949 0.026392
0 0.272656 0.460417 0.019925 0.025905
0 0.598437 0.492708 0.021701 0.028014
0 0.648438 0.496875 0.024229 0.024547
0 0.097656 0.496875 0.019627 0.024405
0 0.351562 0.520833 0.018331 0.025253
0 0.389844 0.523958 0.019792 0.025321
0 0.904687 0.545833 0.027522 0.031911
0 0.675 0.565625 0.020666 0.028723
0 0.367188 0.576042 0.022216 0.029845
0 0.603906 0.585417 0.023569 0.034832
0 0.655469 0.586458 0.023462 0.02542
0 0.694531 0.594792 0.019972 0.028419
0 0.257812 0.616667 0.024565 0.029737
0 0.248438 0.630208 0.02461 0.03379
0 0.5 0.626042 0.018442 0.024589
0 0.027344 0.632292 0.02143 0.027648
0 0.121875 0.657292 0.023668 0.036768
0 0.253906 0.68125 0.01733 0.02503
0 0.778125 0.695833 0.01733 0.02503
0 0.764844 0.705208 0.019627 0.024405
0 0.832812 0.710417 0.022996 0.028271
0 0.457031 0.719792 0.023432 0.030159
0 0.099219 0.728125 0.024886 0.03407
0 0.442969 0.745833 0.022856 0.029993
0 0.614844 0.770833 0.02018 0.026907
0 0.532813 0.772917 0.020789 0.026845
0 0.078906 0.79375 0.019909 0.025929
0 0.491406 0.814583 0.019756 0.027258
0 0.146875 0.815625 0.021479 0.027243
0 0.080469 0.840625 0.023192 0.02956
0 0.527344 0.853125 0.017438 0.024063
0 0.36875 0.872917 0.024494 0.031715
0 0.134375 0.888542 0.018161 0.023679
0 0.461719 0.894792 0.01998 0.028483
0 0.84375 0.917708 0.023097 0.028871
0 0.014063 0.934375 0.021896 0.030747
0 0.379688 0.945833 0.018124 0.023544
0 0.289844 0.95625 0.022143 0.027371
0 0.051562 0.958333 0.021949 0.026392
0 0.802344 0.971875 0.017301 0.024027
0 0.021875 0.985135 0.020127 0.02973
0 0.092969 0.990221 0.019638 0.019559