0 0.685937 0.008738 0.019638 0.017475
0 0.654687 0.086458 0.022828 0.027821
0 0.360938 0.1375 0.022883 0.028677
0 0.301563 0.219792 0.020328 0.024087
0 0.653125 0.314583 0.019627 0.024405
0 0.599219 0.326042 0.02203 0.026707
0 0.904687 0.332292 0.026195 0.032242
0 0.010503 0.338542 0.021007 0.028014
0 0.879687 0.341667 0.022828 0.027821
0 0.450781 0.398958 0.024394 0.028127
0 0.533594 0.409375 0.020371 0.024457
0 0.361719 0.4875 0.018939 0.024442
0 0.30625 0.523958 0.019638 0.024534
0 0.164062 0.54375 0.022768 0.026762
0 0.775781 0.571875 0.02749 0.031005
0 0.327344 0.609375 0.018773 0.023107
0 0.963281 0.632292 0.030956 0.035561
0 0.316406 0.63125 0.021362 0.02664
0 0.290625 0.6625 0.019574 0.023676
0 0.957031 0.697917 0.021362 0.02664
0 0.873437 0.73125 0.0197 0.025227
0 0.784375 0.747917 0.018756 0.022285
0 0.113281 0.783333 0.021727 0.028969
0 0.725 0.785417 0.018773 0.023107
0 0.467969 0.809375 0.018827 0.023629
0 0.111719 0.825 0.018773 0.023107
0 0.551562 0.830208 0.023103 0.02886
0 0.799219 0.857292 0.023103 0.02886
0 0.134375 0.860417 0.02903 0.030582
0 0.374219 0.891667 0.019119 0.025492
0 0.220312 0.947917 0.020416 0.025301