0 0.98125 0.014121 0.029593 0.028242
0 0.808594 0.017708 0.01882 0.024173
0 0.2625 0.035417 0.023718 0.029015
0 0.942969 0.044792 0.033013 0.047281
0 0.089844 0.063542 0.021819 0.028356
0 0.164062 0.066667 0.025636 0.035222
0 0.51875 0.078125 0.027478 0.034165
0 0.601562 0.104167 0.034117 0.04585
0 0.346875 0.105208 0.026768 0.035024
0 0.121875 0.113542 0.033373 0.040759
0 0.235937 0.110417 0.025472 0.034539
0 0.778906 0.14375 0.021145 0.028907
0 0.328125 0.157292 0.025671 0.033745
0 0.28125 0.180208 0.02692 0.036212
0 0.3375 0.182292 0.019909 0.025929
0 0.925781 0.191667 0.021188 0.030341
0 0.189844 0.207292 0.029105 0.041958
0 0.926562 0.209375 0.023319 0.029672
0 0.641406 0.211458 0.021116 0.030583
0 0.113281 0.259375 0.021999 0.028864
0 0.31875 0.265625 0.021978 0.027245
0 0.141406 0.271875 0.025781 0.032981
0 0.65625 0.283333 0.023583 0.030562
0 0.477344 0.298958 0.027816 0.03591
0 0.830469 0.3 0.023161 0.029971
0 0.355469 0.332292 0.026593 0.033416
0 0.249219 0.35 0.019574 0.023676
0 0.402344 0.355208 0.022111 0.027748
0 0.089063 0.370833 0.01971 0.025332
0 0.541406 0.371875 0.018756 0.022285
0 0.671875 0.373958 0.01971 0.025332
0 0.639062 0.402083 0.023493 0.032412
0 0.420312 0.407292 0.019178 0.025168
0 0.5875 0.452083 0.018773 0.023107
0 0.935937 0.453125 0.018561 0.025359
0 0.504687 0.475 0.031144 0.038767
0 0.947656 0.472917 0.024733 0.030499
0 0.792188 0.494792 0.027141 0.034876
0 0.658594 0.505208 0.021796 0.030069
0 0.785937 0.511458 0.019893 0.027596
0 0.399219 0.515625 0.018756 0.022285
0 0.570312 0.523958 0.024584 0.031012
0 0.346094 0.535417 0.020328 0.024087
0 0.419531 0.573958 0.018756 0.022285
0 0.780469 0.583333 0.019574 0.023676
0 0.297656 0.595833 0.024083 0.030368
0 0.911719 0.602083 0.021161 0.025349
0 0.196875 0.611458 0.029537 0.036103
0 0.485156 0.63125 0.024182 0.034926
0 0.832812 0.6375 0.023319 0.029672
0 0.3 0.65625 0.030495 0.037556
0 0.715625 0.655208 0.02393 0.031906
0 0.446094 0.665625 0.026608 0.034667
0 0.413281 0.672917 0.03139 0.040148
0 0.464062 0.703125 0.028378 0.036954
0 0.330469 0.732292 0.028106 0.035108
0 0.389844 0.742708 0.028993 0.039474
0 0.849219 0.740625 0.024975 0.031796
0 0.664844 0.760417 0.022758 0.030751
0 0.55625 0.772917 0.023293 0.029834
0 0.988046 0.78125 0.023907 0.03332
0 0.714063 0.8 0.023432 0.030501
0 0.322656 0.813542 0.01882 0.024173
0 0.102344 0.817708 0.021339 0.026862
0 0.560156 0.821875 0.023535 0.029328
0 0.849219 0.838542 0.029017 0.038018
0 0.096875 0.846875 0.026417 0.032442
0 0.394531 0.857292 0.018756 0.022285
0 0.567969 0.867708 0.02656 0.036426
0 0.389062 0.876042 0.020627 0.027503
0 0.426563 0.884375 0.019627 0.024405
0 0.448437 0.895833 0.021819 0.028356
0 0.528906 0.896875 0.022111 0.027748
0 0.688281 0.971875 0.021618 0.02791
0 0.228906 0.971875 0.020441 0.025129
0 0.125 0.98125 0.023103 0.02886