0 0.046875 0.036458 0.019531 0.026042
0 0.114844 0.060417 0.024496 0.029918
0 0.340625 0.096875 0.023026 0.028919
0 0.936719 0.117708 0.02486 0.031
0 0.658594 0.136458 0.023385 0.032449
0 0.346875 0.141667 0.018756 0.022285
0 0.623437 0.167708 0.028192 0.030563
0 0.717187 0.209375 0.019178 0.025168
0 0.853125 0.266667 0.018773 0.023107
0 0.2875 0.275 0.028218 0.029985
0 0.054688 0.29375 0.024436 0.029089
0 0.1875 0.354167 0.024225 0.030977
0 0.405469 0.369792 0.029625 0.0353
0 0.664062 0.427083 0.026742 0.040111
0 0.772656 0.426042 0.025219 0.029986
0 0.457031 0.435417 0.020811 0.029482
0 0.25625 0.454167 0.025639 0.031693
0 0.163281 0.473958 0.029696 0.032321
0 0.867969 0.532292 0.018773 0.023107
0 0.857031 0.59375 0.024946 0.031337
0 0.066406 0.627083 0.024083 0.030368
0 0.633594 0.629167 0.020697 0.026524
0 0.622656 0.633333 0.023493 0.032412
0 0.709375 0.64375 0.023493 0.032412
0 0.9375 0.682292 0.021247 0.027272
0 0.817187 0.70625 0.024318 0.031312
0 0.492969 0.713542 0.022656 0.031302
0 0.210938 0.714583 0.023908 0.03091
0 0.984375 0.748958 0.022876 0.031243
0 0.858594 0.772917 0.024318 0.031312
0 0.164844 0.783333 0.022707 0.026328
0 0.238281 0.796875 0.018773 0.023107
0 0.572656 0.846875 0.019429 0.026567
0 0.36875 0.914583 0.026779 0.031865
0 0.90625 0.980208 0.023461 0.030231
0 0.850781 0.983333 0.024425 0.030612