0 0.599219 0.009141 0.017438 0.018282
0 0.489063 0.095833 0.023645 0.033053
0 0.006282 0.108333 0.012563 0.02557
0 0.757031 0.113542 0.018442 0.024589
0 0.844531 0.120833 0.022067 0.026726
0 0.93125 0.129167 0.019574 0.023676
0 0.509375 0.172917 0.020088 0.030344
0 0.455469 0.210417 0.021443 0.029582
0 0.932813 0.209375 0.019714 0.027305
0 0.521875 0.258333 0.01971 0.025332
0 0.471875 0.26875 0.026724 0.034099
0 0.458594 0.280208 0.019762 0.028269
0 0.521094 0.302083 0.019195 0.026357
0 0.091406 0.365625 0.018756 0.022285
0 0.282813 0.385417 0.026608 0.030345
0 0.649219 0.384375 0.024274 0.028304
0 0.104688 0.390625 0.023535 0.029328
0 0.424219 0.39375 0.019762 0.0313
0 0.725 0.410417 0.020416 0.025301
0 0.139844 0.427083 0.023556 0.02766
0 0.902344 0.434375 0.018773 0.023107
0 0.285938 0.445833 0.025474 0.037404
0 0.969531 0.442708 0.021479 0.027243
0 0.605469 0.455208 0.019714 0.027305
0 0.707812 0.463542 0.019627 0.024405
0 0.401562 0.497917 0.030262 0.044632
0 0.141406 0.494792 0.018991 0.026389
0 0.290625 0.49375 0.018161 0.023679
0 0.828906 0.496875 0.018331 0.025253
0 0.358594 0.505208 0.023933 0.036696
0 0.274219 0.5125 0.019531 0.027421
0 0.872656 0.516667 0.018048 0.02325
0 0.757812 0.55 0.021207 0.029356
0 0.285938 0.553125 0.022479 0.030881
0 0.757031 0.584375 0.019925 0.025905
0 0.394531 0.586458 0.01802 0.023067
0 0.032813 0.592708 0.018827 0.023629
0 0.461719 0.611458 0.018331 0.025253
0 0.825781 0.627083 0.02393 0.031906
0 0.585156 0.6625 0.030827 0.038244
0 0.604688 0.663542 0.022883 0.028677
0 0.533594 0.676042 0.037556 0.052753
0 0.098437 0.68125 0.022828 0.027821
0 0.700781 0.722917 0.028644 0.039937
0 0.626563 0.769792 0.036754 0.058428
0 0.911719 0.758333 0.0201 0.026364
0 0.739844 0.76875 0.017982 0.022269
0 0.5 0.788542 0.026195 0.032242
0 0.573438 0.816667 0.036944 0.040414
0 0.561719 0.823958 0.019693 0.024852
0 0.507031 0.83125 0.02838 0.035433
0 0.760156 0.829167 0.021999 0.028864
0 0.511719 0.875 0.01875 0.023958
0 0.232813 0.89375 0.027937 0.038034
0 0.675 0.915625 0.01733 0.02503
0 0.452344 0.929167 0.019832 0.026443
0 0.560156 0.985321 0.029774 0.029359