0 0.491406 0.051042 0.023476 0.030208
0 0.303906 0.059375 0.022128 0.030307
0 0.160938 0.097917 0.022883 0.028677
0 0.477344 0.134375 0.023461 0.030231
0 0.057813 0.163542 0.02426 0.027326
0 0.064844 0.198958 0.021804 0.02852
0 0.323437 0.461458 0.024383 0.028296
0 0.419531 0.514583 0.02393 0.036
0 0.805469 0.535417 0.023521 0.026804
0 0.982031 0.5625 0.024107 0.034015
0 0.627344 0.652083 0.025636 0.035222
0 0.328125 0.68125 0.023592 0.030549
0 0.546875 0.794792 0.02198 0.027324
0 0.147656 0.865625 0.021701 0.028014
0 0.140625 0.928125 0.023232 0.0323
0 0.153906 0.955208 0.022143 0.027371
0 0.40625 0.967708 0.019558 0.02407