0 0.2 0.014583 0.022971 0.028458
0 0.58125 0.029167 0.027054 0.032892
0 0.382031 0.035417 0.02306 0.029195
0 0.43125 0.1 0.027468 0.034971
0 0.953125 0.114583 0.019925 0.025905
0 0.169531 0.127083 0.027736 0.03412
0 0.067187 0.123958 0.018773 0.023107
0 0.236719 0.133333 0.02143 0.027648
0 0.251563 0.15 0.026593 0.033416
0 0.985938 0.196875 0.024878 0.035954
0 0.703906 0.20625 0.023856 0.034731
0 0.096094 0.207292 0.023476 0.030208
0 0.489063 0.208333 0.022828 0.027821
0 0.069531 0.235417 0.026613 0.03321
0 0.289844 0.248958 0.021894 0.026105
0 0.734375 0.270833 0.018756 0.022285
0 0.372656 0.277083 0.028761 0.037014
0 0.598437 0.304167 0.024801 0.034654
0 0.525781 0.321875 0.021339 0.026862
0 0.185938 0.336458 0.026585 0.035972
0 0.750781 0.342708 0.025513 0.033411
0 0.278125 0.3625 0.021946 0.026299
0 0.385937 0.397917 0.020566 0.026042
0 0.782031 0.415625 0.027491 0.033647
0 0.174219 0.41875 0.020566 0.026042
0 0.552344 0.423958 0.028394 0.033109
0 0.085156 0.427083 0.024847 0.031127
0 0.014844 0.432292 0.021239 0.025868
0 0.45625 0.447917 0.022912 0.031456
0 0.971094 0.445833 0.02168 0.028193
0 0.242969 0.465625 0.025837 0.030331
0 0.775781 0.461458 0.019638 0.024534
0 0.484375 0.464583 0.020627 0.027503
0 0.735156 0.467708 0.019178 0.025168
0 0.089063 0.494792 0.023607 0.028741
0 0.320312 0.49375 0.022937 0.028155
0 0.935937 0.5125 0.025464 0.030955
0 0.207813 0.513542 0.02591 0.030699
0 0.609375 0.516667 0.023654 0.029634
0 0.303906 0.522917 0.025837 0.030331
0 0.240625 0.53125 0.024516 0.030178
0 0.482031 0.534375 0.024652 0.030465
0 0.71875 0.538542 0.024531 0.036972
0 0.555469 0.554167 0.021339 0.026862
0 0.735156 0.557292 0.02217 0.02922
0 0.341406 0.561458 0.018008 0.02309
0 0.385156 0.564583 0.018773 0.023107
0 0.829688 0.582292 0.022983 0.028439
0 0.246875 0.58125 0.019574 0.023676
0 0.355469 0.583333 0.018827 0.023629
0 0.259375 0.6 0.018773 0.023107
0 0.20625 0.60625 0.018773 0.023107
0 0.660156 0.625 0.020328 0.024087
0 0.388281 0.635417 0.019558 0.02407
0 0.799219 0.6375 0.023535 0.029328
0 0.248438 0.641667 0.023319 0.029672
0 0.546875 0.640625 0.01902 0.024748
0 0.460938 0.663542 0.01971 0.025332
0 0.985938 0.666667 0.02537 0.030289
0 0.602344 0.679167 0.026156 0.035428
0 0.544531 0.675 0.021198 0.026257
0 0.804688 0.690625 0.028518 0.040115
0 0.236719 0.698958 0.02095 0.027383
0 0.650781 0.698958 0.018773 0.023107
0 0.983594 0.711458 0.023462 0.02919
0 0.825 0.716667 0.019792 0.025321
0 0.469531 0.720833 0.021105 0.028403
0 0.930469 0.73125 0.028131 0.04613
0 0.103125 0.746875 0.027344 0.036458
0 0.524219 0.74375 0.021999 0.028864
0 0.628125 0.777083 0.023293 0.029834
0 0.45 0.792708 0.020697 0.026524
0 0.255469 0.8 0.0292 0.038047
0 0.33125 0.841667 0.029509 0.035827
0 0.258594 0.846875 0.026757 0.035038
0 0.608594 0.866667 0.021999 0.028864
0 0.585156 0.86875 0.024847 0.031127
0 0.469531 0.890625 0.022393 0.030491
0 0.986719 0.903125 0.023786 0.032659
0 0.350781 0.922917 0.025905 0.033963
0 0.55 0.91875 0.018773 0.023107
0 0.492188 0.932292 0.02688 0.033904
0 0.822656 0.969792 0.021339 0.026862
0 0.809375 0.978125 0.018561 0.025359