0 0.057031 0.009258 0.019638 0.018517
0 0.404687 0.061458 0.020416 0.025301
0 0.154688 0.121875 0.019909 0.025929
0 0.984375 0.126042 0.019543 0.023126
0 0.1625 0.1625 0.022828 0.027821
0 0.114062 0.179167 0.019627 0.024405
0 0.732812 0.190625 0.019925 0.025905
0 0.136719 0.2375 0.031168 0.045554
0 0.751563 0.239583 0.019714 0.027305
0 0.34375 0.286458 0.019909 0.025929
0 0.307812 0.294792 0.019733 0.025046
0 0.492969 0.319792 0.021796 0.030069
0 0.738281 0.364583 0.021999 0.028864
0 0.642969 0.372917 0.018008 0.02309
0 0.7375 0.394792 0.022937 0.028155
0 0.675781 0.402083 0.021796 0.030069
0 0.577344 0.404167 0.01882 0.024173
0 0.465625 0.407292 0.019733 0.025046
0 0.558594 0.44375 0.018124 0.023544
0 0.388281 0.45625 0.021479 0.027243
0 0.645312 0.464583 0.018773 0.023107
0 0.617969 0.490625 0.018561 0.025359
0 0.171875 0.520833 0.023438 0.03125
0 0.89375 0.536458 0.020676 0.026744
0 0.953906 0.542708 0.021542 0.027554
0 0.788281 0.570833 0.018939 0.024442
0 0.725781 0.633333 0.017759 0.024215
0 0.014062 0.641667 0.026376 0.032785
0 0.516406 0.654167 0.021542 0.027554
0 0.109375 0.659375 0.020058 0.027568
0 0.457813 0.672917 0.019531 0.027421
0 0.873437 0.679167 0.02585 0.031338
0 0.319531 0.688542 0.021542 0.027554
0 0.225 0.74375 0.022883 0.028677
0 0.096094 0.775 0.019792 0.025321
0 0.782813 0.820833 0.018773 0.023107
0 0.388281 0.858333 0.021804 0.02852
0 0.508594 0.8875 0.019178 0.025168
0 0.040625 0.953125 0.026124 0.031426
0 0.951562 0.975 0.023583 0.030562