0 0.721875 0.157292 0.023592 0.030549
0 0.947656 0.1625 0.028914 0.031284
0 0.489844 0.169792 0.018846 0.02378
0 0.346875 0.198958 0.020371 0.024457
0 0.352344 0.288542 0.01971 0.025332
0 0.240625 0.358333 0.028149 0.043393
0 0.38125 0.367708 0.018124 0.023544
0 0.321875 0.454167 0.028199 0.03549
0 0.411719 0.451042 0.019714 0.027305
0 0.45 0.469792 0.018939 0.024442
0 0.457813 0.478125 0.019558 0.02407
0 0.45 0.482292 0.023592 0.030549
0 0.13125 0.5 0.019119 0.025492
0 0.651563 0.534375 0.018846 0.02378
0 0.291406 0.592708 0.017317 0.024011
0 0.305469 0.633333 0.035647 0.04961
0 0.173437 0.721875 0.021116 0.030583
0 0.1625 0.836458 0.021949 0.026392
0 0.821875 0.845833 0.022815 0.027608
0 0.43125 0.977083 0.021949 0.026392