0 0.698438 0.013236 0.022776 0.026472
0 0.13125 0.015424 0.026221 0.030848
0 0.882812 0.116667 0.022971 0.028458
0 0.849219 0.13125 0.024162 0.031385
0 0.240625 0.211458 0.023055 0.030355
0 0.603125 0.438542 0.023026 0.028919
0 0.896875 0.472917 0.020058 0.027568
0 0.29375 0.522917 0.023931 0.031351
0 0.71875 0.571875 0.019531 0.027421
0 0.471875 0.602083 0.028378 0.036954
0 0.75 0.638542 0.02253 0.034609
0 0.44375 0.647917 0.024365 0.032238
0 0.816406 0.708333 0.024496 0.029918
0 0.613281 0.928125 0.020566 0.026042
0 0.882812 0.983498 0.029521 0.033003