0 0.867188 0.036458 0.021161 0.025349
0 0.160156 0.064583 0.019638 0.024534
0 0.482812 0.10625 0.023293 0.029834
0 0.449219 0.113542 0.021542 0.027554
0 0.017969 0.120833 0.021819 0.028356
0 0.485938 0.121875 0.0211 0.027734
0 0.510938 0.139583 0.023216 0.033951
0 0.849219 0.198958 0.018442 0.024589
0 0.478906 0.20625 0.028453 0.034189
0 0.596875 0.220833 0.023476 0.030208
0 0.127344 0.234375 0.02198 0.027324
0 0.378906 0.239583 0.019627 0.024405
0 0.442969 0.247917 0.022489 0.033625
0 0.578906 0.254167 0.021479 0.027243
0 0.710156 0.25625 0.021727 0.028969
0 0.03125 0.275 0.022828 0.027821
0 0.144531 0.286458 0.021701 0.028014
0 0.120313 0.286458 0.019792 0.025321
0 0.160938 0.327083 0.021894 0.026105
0 0.6875 0.33125 0.021105 0.028403
0 0.617188 0.361458 0.019531 0.027421
0 0.936719 0.3625 0.026474 0.032764
0 0.653906 0.385417 0.022209 0.029294
0 0.445312 0.411458 0.024083 0.030368
0 0.710156 0.438542 0.021339 0.026862
0 0.78125 0.448958 0.028642 0.041229
0 0.563281 0.448958 0.02687 0.033711
0 0.435937 0.45 0.022945 0.029561
0 0.278125 0.448958 0.020416 0.025301
0 0.2125 0.521875 0.026417 0.032442
0 0.565625 0.523958 0.020676 0.026744
0 0.915625 0.567708 0.020676 0.026744
0 0.338281 0.661458 0.024467 0.034451
0 0.327344 0.770833 0.021989 0.028877
0 0.26875 0.777083 0.02032 0.023137
0 0.407031 0.8 0.022393 0.030491
0 0.521875 0.958333 0.032948 0.039564