0 0.027344 0.032292 0.032768 0.038921
0 0.732031 0.032292 0.023514 0.031908
0 0.282813 0.038542 0.023623 0.035791
0 0.7875 0.046875 0.024242 0.035869
0 0.364844 0.057292 0.025695 0.03914
0 0.705469 0.067708 0.027826 0.033764
0 0.688281 0.063542 0.018442 0.024589
0 0.932031 0.063542 0.018773 0.023107
0 0.260156 0.082292 0.032296 0.041943
0 0.589063 0.083333 0.025833 0.035722
0 0.572656 0.09375 0.031422 0.039932
0 0.235937 0.104167 0.026114 0.032925
0 0.240625 0.125 0.026124 0.031426
0 0.021094 0.134375 0.024908 0.035484
0 0.609375 0.134375 0.02681 0.037759
0 0.191406 0.135417 0.027349 0.034246
0 0.747656 0.141667 0.01971 0.025332
0 0.771875 0.16875 0.024229 0.034403
0 0.617188 0.169792 0.022566 0.031762
0 0.920312 0.177083 0.022438 0.032662
0 0.699219 0.192708 0.020058 0.027568
0 0.661719 0.201042 0.029105 0.041958
0 0.939063 0.2 0.018756 0.022285
0 0.700781 0.227083 0.021259 0.029733
0 0.65 0.252083 0.02434 0.033657
0 0.315625 0.260417 0.026862 0.034014
0 0.803125 0.260417 0.018773 0.023107
0 0.397656 0.270833 0.031892 0.041417
0 0.7375 0.271875 0.027422 0.038785
0 0.435156 0.270833 0.02397 0.033798
0 0.489063 0.2875 0.028507 0.038546
0 0.095312 0.326042 0.026662 0.033778
0 0.571094 0.33125 0.025718 0.036075
0 0.0375 0.33125 0.026966 0.033171
0 0.384375 0.361458 0.052385 0.057411
0 0.467187 0.391667 0.030692 0.041511
0 0.521875 0.394792 0.02836 0.032447
0 0.708594 0.413542 0.031948 0.045994
0 0.971875 0.405208 0.021198 0.026257
0 0.36875 0.411458 0.025217 0.033302
0 0.435937 0.414583 0.029328 0.036983
0 0.746094 0.43125 0.022995 0.032052
0 0.175 0.436458 0.021701 0.028014
0 0.948438 0.448958 0.028948 0.044841
0 0.607031 0.445833 0.020328 0.024087
0 0.84375 0.45625 0.024416 0.036121
0 0.41875 0.463542 0.025795 0.036718
0 0.477344 0.475 0.018442 0.024589
0 0.741406 0.482292 0.023952 0.034149
0 0.771875 0.489583 0.02466 0.031871
0 0.963281 0.492708 0.022128 0.030307
0 0.678125 0.504167 0.028726 0.039257
0 0.255469 0.511458 0.025528 0.036047
0 0.389844 0.520833 0.030119 0.042803
0 0.146094 0.532292 0.029796 0.038479
0 0.391406 0.551042 0.032058 0.045275
0 0.105469 0.554167 0.031892 0.039969
0 0.721094 0.548958 0.021796 0.030069
0 0.282813 0.555208 0.026901 0.032323
0 0.314063 0.55625 0.026 0.030914
0 0.410938 0.567708 0.022883 0.028677
0 0.748437 0.578125 0.034907 0.049792
0 0.071875 0.586458 0.026195 0.032242
0 0.322656 0.5875 0.024635 0.033885
0 0.682031 0.589583 0.029442 0.038301
0 0.014063 0.621875 0.025804 0.048963
0 0.564844 0.622917 0.021116 0.030243
0 0.364844 0.632292 0.02325 0.033147
0 0.904687 0.639583 0.023964 0.032621
0 0.025781 0.666667 0.028924 0.035536
0 0.5 0.667708 0.027289 0.038142
0 0.183594 0.679167 0.030619 0.034873
0 0.948438 0.686458 0.024033 0.032854
0 0.433594 0.716667 0.029717 0.039974
0 0.359375 0.713542 0.026376 0.032785
0 0.8375 0.720833 0.026317 0.036132
0 0.203125 0.723958 0.02817 0.032393
0 0.940625 0.735417 0.029519 0.044785
0 0.372656 0.739583 0.028404 0.039509
0 0.457031 0.759375 0.024847 0.031127
0 0.61875 0.765625 0.026045 0.036005
0 0.03125 0.802083 0.029661 0.044977
0 0.810937 0.8 0.02984 0.037433
0 0.660937 0.804167 0.028301 0.041815
0 0.882031 0.802083 0.022828 0.030437
0 0.496094 0.810417 0.022758 0.030751
0 0.073438 0.836458 0.031261 0.036474
0 0.282031 0.855208 0.022551 0.029062
0 0.017188 0.86875 0.027558 0.032833
0 0.144531 0.88125 0.029951 0.038596
0 0.817187 0.914583 0.018999 0.02628
0 0.08125 0.936458 0.029537 0.036103
0 0.839844 0.951042 0.028567 0.043453
0 0.69375 0.957292 0.035938 0.043679
0 0.729688 0.953125 0.032213 0.041698
0 0.921875 0.955208 0.024934 0.036904
0 0.628906 0.959375 0.024625 0.036744
0 0.113281 0.965625 0.029025 0.035484
0 0.372656 0.975 0.034579 0.043425
0 0.355469 0.982658 0.024467 0.034683