0 0.302344 0.017708 0.025611 0.031936
0 0.80625 0.023958 0.022883 0.028677
0 0.621094 0.033333 0.021198 0.026257
0 0.86875 0.035417 0.018756 0.022285
0 0.308594 0.069792 0.022937 0.028155
0 0.598437 0.0875 0.023758 0.031125
0 0.302344 0.1125 0.021999 0.028864
0 0.711719 0.133333 0.027597 0.033767
0 0.553125 0.15 0.026376 0.032785
0 0.978906 0.148958 0.018561 0.025359
0 0.0125 0.177083 0.023758 0.031125
0 0.821875 0.185417 0.024232 0.035439
0 0.244531 0.183333 0.018773 0.023107
0 0.522656 0.220833 0.021645 0.030804
0 0.346875 0.234375 0.023476 0.030208
0 0.908594 0.239583 0.022679 0.034394
0 0.666406 0.245833 0.021119 0.029767
0 0.353125 0.26875 0.031789 0.040263
0 0.611719 0.289583 0.021701 0.028014
0 0.683594 0.346875 0.020811 0.029482
0 0.882031 0.388542 0.021989 0.028877
0 0.651563 0.4125 0.032865 0.040681
0 0.455469 0.4125 0.029567 0.038217
0 0.316406 0.408333 0.021479 0.027243
0 0.323437 0.427083 0.021112 0.025088
0 0.335938 0.43125 0.020377 0.02459
0 0.79375 0.458333 0.026156 0.035428
0 0.017969 0.460417 0.018773 0.023107
0 0.953906 0.475 0.023804 0.033777
0 0.09375 0.478125 0.019909 0.025929
0 0.441406 0.492708 0.026281 0.032051
0 0.067187 0.519792 0.027831 0.036524
0 0.590625 0.526042 0.028021 0.035684
0 0.075781 0.53125 0.019773 0.0268
0 0.027344 0.571875 0.029641 0.038909
0 0.0625 0.577083 0.022876 0.031243
0 0.94375 0.58125 0.023432 0.030501
0 0.622656 0.584375 0.028217 0.035048
0 0.908594 0.5875 0.022128 0.030307
0 0.230469 0.59375 0.028563 0.035992
0 0.03125 0.592708 0.022047 0.026945
0 0.660937 0.59375 0.022828 0.027821
0 0.88125 0.60625 0.026273 0.033081
0 0.2125 0.608333 0.021894 0.026105
0 0.104688 0.611458 0.021243 0.027194
0 0.657813 0.6125 0.019633 0.024542
0 0.807813 0.65 0.029276 0.041554
0 0.327344 0.658333 0.0236 0.031896
0 0.053906 0.666667 0.023511 0.028281
0 0.707812 0.690625 0.02563 0.031709
0 0.375 0.701042 0.026114 0.032925
0 0.342187 0.717708 0.028393 0.039318
0 0.501563 0.715625 0.018939 0.024442
0 0.434375 0.7375 0.018773 0.023107
0 0.114844 0.75 0.019909 0.025929
0 0.366406 0.748958 0.018756 0.022285
0 0.303906 0.759375 0.025161 0.030661
0 0.144531 0.760417 0.021239 0.025868
0 0.102344 0.771875 0.021198 0.026257
0 0.358594 0.788542 0.017438 0.024063
0 0.317969 0.803125 0.018773 0.023107
0 0.158594 0.808333 0.021989 0.028877
0 0.775781 0.848958 0.026376 0.032785
0 0.419531 0.863542 0.024436 0.029089
0 0.766406 0.867708 0.021989 0.028877
0 0.797656 0.867708 0.022393 0.030491
0 0.875 0.870833 0.021894 0.026105
0 0.820312 0.888542 0.027035 0.034038
0 0.903125 0.913542 0.031433 0.037808
0 0.365625 0.917708 0.018096 0.024127
0 0.609375 0.933333 0.026823 0.032782
0 0.135156 0.933333 0.026048 0.031808
0 0.009652 0.944792 0.019303 0.033377
0 0.646875 0.95 0.023644 0.029463
0 0.603906 0.955208 0.020328 0.024087
0 0.564063 0.978125 0.019627 0.024405
0 0.341406 0.98954 0.018008 0.02092
0 0.5875 0.988987 0.020416 0.022026