0 0.560937 0.017187 0.02732 0.034374
0 0.538281 0.053125 0.018008 0.02309
0 0.936719 0.073958 0.03008 0.048699
0 0.722656 0.069792 0.031014 0.039956
0 0.473438 0.064583 0.017835 0.025128
0 0.351562 0.073958 0.019574 0.023676
0 0.559375 0.085417 0.034307 0.042134
0 0.692969 0.107292 0.023319 0.029672
0 0.339062 0.108333 0.022685 0.025414
0 0.205469 0.109375 0.018442 0.024589
0 0.480469 0.110417 0.018008 0.02309
0 0.251563 0.120833 0.02077 0.027051
0 0.670312 0.130208 0.031552 0.040772
0 0.803906 0.135417 0.026195 0.032242
0 0.400781 0.159375 0.018561 0.025359
0 0.028125 0.167708 0.023026 0.028919
0 0.7125 0.194792 0.022479 0.030881
0 0.966406 0.201042 0.028005 0.034371
0 0.895312 0.201042 0.021701 0.028014
0 0.370312 0.219792 0.032264 0.043854
0 0.84375 0.216667 0.021796 0.030069
0 0.35 0.219792 0.021119 0.029767
0 0.803125 0.240625 0.025873 0.035926
0 0.710156 0.251042 0.028964 0.036785
0 0.457813 0.255208 0.019733 0.025046
0 0.896094 0.2625 0.018331 0.025253
0 0.750781 0.284375 0.027035 0.034038
0 0.930469 0.283333 0.018827 0.023629
0 0.48125 0.316667 0.028706 0.038097
0 0.421875 0.321875 0.033694 0.042908
0 0.18125 0.342708 0.041893 0.062662
0 0.519531 0.327083 0.018876 0.02557
0 0.68125 0.338542 0.027826 0.033764
0 0.23125 0.348958 0.022656 0.031302
0 0.848437 0.346875 0.021105 0.028403
0 0.28125 0.36875 0.027467 0.038364
0 0.779687 0.377083 0.025718 0.036075
0 0.600781 0.395833 0.03491 0.0427
0 0.78125 0.401042 0.019012 0.028214
0 0.59375 0.419792 0.024564 0.030774
0 0.752344 0.41875 0.018561 0.025359
0 0.55625 0.420833 0.022883 0.028677
0 0.692969 0.444792 0.029269 0.03763
0 0.017188 0.445833 0.019574 0.023676
0 0.758594 0.459375 0.023161 0.029971
0 0.705469 0.460417 0.023026 0.028919
0 0.875781 0.473958 0.029827 0.04287
0 0.289062 0.478125 0.022883 0.028677
0 0.203125 0.486458 0.020479 0.026286
0 0.515625 0.501042 0.026389 0.034301
0 0.917969 0.509375 0.028743 0.04079
0 0.328125 0.519792 0.020422 0.025409
0 0.811719 0.532292 0.026297 0.034785
0 0.55625 0.53125 0.02095 0.027383
0 0.836719 0.535417 0.019178 0.025168
0 0.895312 0.542708 0.026757 0.035038
0 0.063281 0.546875 0.029181 0.032843
0 0.019531 0.560417 0.022912 0.031456
0 0.167187 0.579167 0.018442 0.024589
0 0.7375 0.589583 0.02929 0.034497
0 0.052344 0.608333 0.03124 0.040168
0 0.322656 0.60625 0.01892 0.026267
0 0.971094 0.617708 0.021727 0.028969
0 0.073438 0.625 0.025685 0.036465
0 0.977344 0.628125 0.018773 0.023107
0 0.598437 0.64375 0.018008 0.02309
0 0.085156 0.654167 0.034217 0.039603
0 0.563281 0.652083 0.023503 0.033898
0 0.833594 0.659375 0.021264 0.026134
0 0.752344 0.678125 0.032508 0.044928
0 0.966406 0.667708 0.018561 0.025359
0 0.489844 0.690625 0.036367 0.051684
0 0.105469 0.70625 0.021314 0.02663
0 0.791406 0.714583 0.028005 0.034371
0 0.217188 0.75 0.039219 0.044654
0 0.3125 0.751042 0.032756 0.03999
0 0.19375 0.755208 0.033022 0.040982
0 0.142187 0.757292 0.018561 0.025359
0 0.389062 0.769792 0.030866 0.040746
0 0.123438 0.777083 0.022828 0.027821
0 0.442188 0.792708 0.031928 0.039999
0 0.585938 0.792708 0.030704 0.035247
0 0.626563 0.813542 0.022876 0.031243
0 0.319531 0.826042 0.021339 0.026862
0 0.491406 0.830208 0.025243 0.032454
0 0.421094 0.842708 0.022937 0.028155
0 0.182031 0.855208 0.022625 0.029341
0 0.678906 0.871875 0.033847 0.043679
0 0.59375 0.869792 0.0184 0.026183
0 0.565625 0.882292 0.028411 0.044269
0 0.934375 0.877083 0.018827 0.023629
0 0.088281 0.88125 0.022758 0.030751
0 0.603906 0.888542 0.018756 0.022285
0 0.526563 0.920833 0.021405 0.027443
0 0.835938 0.932292 0.024136 0.031823
0 0.74375 0.9375 0.027289 0.038142
0 0.152344 0.94375 0.030137 0.037693
0 0.124219 0.958333 0.01902 0.024748
0 0.455469 0.967708 0.029891 0.040668
0 0.682813 0.969792 0.023786 0.032659
0 0.241406 0.989265 0.021819 0.02147