0 0.026562 0.021875 0.037634 0.042542
0 0.825781 0.021875 0.028773 0.036623
0 0.210938 0.0375 0.03549 0.042344
0 0.132812 0.046875 0.027027 0.036869
0 0.498437 0.065625 0.02577 0.03231
0 0.875 0.082292 0.028853 0.03738
0 0.107813 0.078125 0.018876 0.02557
0 0.620313 0.079167 0.021894 0.026105
0 0.514062 0.092708 0.033855 0.047031
0 0.771094 0.098958 0.018939 0.024442
0 0.09375 0.1 0.019627 0.024405
0 0.717969 0.10625 0.020341 0.025073
0 0.490625 0.129167 0.029917 0.042964
0 0.867969 0.127083 0.028262 0.03619
0 0.55 0.130208 0.026195 0.032242
0 0.442188 0.133333 0.027936 0.034874
0 0.458594 0.138542 0.01971 0.025332
0 0.683594 0.160417 0.02237 0.031064
0 0.967187 0.171875 0.027563 0.031327
0 0.264844 0.170833 0.021479 0.027243
0 0.55625 0.179167 0.026138 0.033924
0 0.451562 0.179167 0.024336 0.03118
0 0.664062 0.177083 0.022447 0.02875
0 0.225781 0.184375 0.01882 0.024173
0 0.985156 0.197917 0.021796 0.030069
0 0.666406 0.201042 0.019733 0.025046
0 0.095312 0.204167 0.018939 0.024442
0 0.353906 0.21875 0.020676 0.026744
0 0.367188 0.227083 0.024225 0.030977
0 0.720313 0.236458 0.019574 0.023676
0 0.342969 0.236458 0.018773 0.023107
0 0.433594 0.248958 0.021479 0.027243
0 0.621875 0.248958 0.022558 0.029051
0 0.971094 0.25625 0.020328 0.024087
0 0.05625 0.260417 0.025273 0.030852
0 0.058594 0.277083 0.023491 0.027306
0 0.432031 0.276042 0.019574 0.023676
0 0.267969 0.280208 0.019574 0.023676
0 0.617969 0.284375 0.017658 0.024165
0 0.713281 0.288542 0.019531 0.027421
0 0.49375 0.289583 0.018008 0.02309
0 0.84375 0.298958 0.022758 0.030751
0 0.148438 0.308333 0.028104 0.041215
0 0.514844 0.298958 0.017658 0.024165
0 0.629687 0.301042 0.01902 0.024748
0 0.248438 0.332292 0.019638 0.024534
0 0.528906 0.341667 0.017759 0.024215
0 0.139844 0.344792 0.022017 0.028277
0 0.282031 0.344792 0.017438 0.024063
0 0.114844 0.35 0.022418 0.029062
0 0.592969 0.376042 0.018921 0.024472
0 0.795312 0.382292 0.019925 0.025905
0 0.446094 0.388542 0.027324 0.034285
0 0.571094 0.394792 0.01882 0.024173
0 0.814844 0.404167 0.027761 0.038563
0 0.4 0.415625 0.022766 0.03074
0 0.392969 0.414583 0.019627 0.024405
0 0.7 0.423958 0.022731 0.029504
0 0.250781 0.427083 0.021314 0.02663
0 0.132031 0.455208 0.034193 0.044544
0 0.839844 0.455208 0.018756 0.022285
0 0.303125 0.460417 0.018773 0.023107
0 0.410938 0.466667 0.019768 0.025593
0 0.192188 0.476042 0.020328 0.024087
0 0.571094 0.476042 0.020566 0.026042
0 0.59375 0.48125 0.027465 0.03254
0 0.526563 0.479167 0.018008 0.02309
0 0.097656 0.485417 0.021819 0.028356
0 0.410156 0.489583 0.024652 0.030465
0 0.722656 0.4875 0.017759 0.024215
0 0.564063 0.490625 0.020676 0.026744
0 0.177344 0.49375 0.020479 0.026286
0 0.660156 0.5 0.020328 0.024087
0 0.289844 0.511458 0.018773 0.023107
0 0.390625 0.513542 0.018331 0.025253
0 0.703906 0.517708 0.021161 0.025349
0 0.264844 0.53125 0.021727 0.028969
0 0.697656 0.541667 0.02168 0.028193
0 0.803125 0.54375 0.018161 0.023679
0 0.592187 0.554167 0.020697 0.026524
0 0.36875 0.55625 0.019574 0.023676
0 0.309375 0.560417 0.018756 0.022285
0 0.825781 0.564583 0.020058 0.027568
0 0.123438 0.567708 0.019429 0.026567
0 0.086719 0.576042 0.018773 0.023107
0 0.327344 0.579167 0.021362 0.02664
0 0.294531 0.590625 0.029623 0.036902
0 0.528906 0.592708 0.019429 0.026567
0 0.207031 0.609375 0.022111 0.027748
0 0.524219 0.611458 0.018876 0.02557
0 0.589063 0.617708 0.019992 0.026974
0 0.785937 0.622917 0.022729 0.02728
0 0.511719 0.622917 0.018096 0.024127
0 0.594531 0.623958 0.018756 0.022285
0 0.599219 0.630208 0.018939 0.024442
0 0.1875 0.635417 0.018756 0.022285
0 0.602344 0.636458 0.018756 0.022285
0 0.19375 0.640625 0.018999 0.02628
0 0.292187 0.648958 0.034513 0.036336
0 0.328906 0.641667 0.018827 0.023629
0 0.304688 0.657292 0.019415 0.028306
0 0.475781 0.661458 0.019638 0.024534
0 0.669531 0.663542 0.02077 0.027051
0 0.454688 0.666667 0.020537 0.027934
0 0.091406 0.667708 0.020328 0.024087
0 0.389844 0.66875 0.018008 0.02309
0 0.58125 0.672917 0.018773 0.023107
0 0.415625 0.69375 0.039319 0.054574
0 0.6625 0.680208 0.01971 0.025332
0 0.550781 0.696875 0.043963 0.054512
0 0.479687 0.683333 0.018331 0.025253
0 0.942969 0.6875 0.021989 0.028877
0 0.433594 0.686458 0.018561 0.025359
0 0.392188 0.689583 0.018773 0.023107
0 0.594531 0.692708 0.018561 0.025359
0 0.585156 0.697917 0.020551 0.027917
0 0.772656 0.701042 0.025208 0.034751
0 0.503906 0.703125 0.019714 0.027305
0 0.169531 0.710417 0.023489 0.025902
0 0.514844 0.714583 0.021243 0.027194
0 0.104688 0.715625 0.019683 0.026728
0 0.657031 0.714583 0.01882 0.024173
0 0.842187 0.71875 0.019925 0.025905
0 0.164844 0.719792 0.018773 0.023107
0 0.153125 0.721875 0.01971 0.025332
0 0.200781 0.722917 0.017759 0.024215
0 0.411719 0.728125 0.025348 0.03196
0 0.171875 0.723958 0.018827 0.023629
0 0.578906 0.726042 0.021687 0.030594
0 0.521094 0.727083 0.025032 0.027341
0 0.171094 0.730208 0.021161 0.025349
0 0.45 0.738542 0.018354 0.025228
0 0.530469 0.746875 0.024508 0.031695
0 0.511719 0.744792 0.018773 0.023107
0 0.519531 0.75 0.018331 0.025253
0 0.2875 0.757292 0.019574 0.023676
0 0.440625 0.759375 0.020537 0.027934
0 0.747656 0.763542 0.022979 0.034747
0 0.177344 0.7625 0.018921 0.024472
0 0.505469 0.773958 0.03547 0.049432
0 0.794531 0.767708 0.027468 0.032673
0 0.071875 0.76875 0.022883 0.028677
0 0.475 0.773958 0.019574 0.023676
0 0.546875 0.794792 0.018442 0.024589
0 0.490625 0.795833 0.018756 0.022285
0 0.244531 0.798958 0.019638 0.024534
0 0.772656 0.810417 0.020147 0.028452
0 0.760938 0.816667 0.031516 0.037146
0 0.555469 0.816667 0.018939 0.024442
0 0.701562 0.838542 0.019429 0.026567
0 0.625781 0.847917 0.032117 0.040962
0 0.439063 0.842708 0.01971 0.025332
0 0.863281 0.859375 0.033733 0.047631
0 0.317188 0.848958 0.019627 0.024405
0 0.078906 0.871875 0.024837 0.032478
0 0.18125 0.86875 0.020046 0.026244
0 0.017969 0.886458 0.025343 0.032814
0 0.305469 0.8875 0.01882 0.024173
0 0.928906 0.888542 0.018442 0.024589
0 0.230469 0.894792 0.025124 0.02956
0 0.314844 0.897917 0.020328 0.024087
0 0.321875 0.920833 0.021887 0.025097
0 0.405469 0.921875 0.023521 0.026804
0 0.1125 0.926042 0.023325 0.031295
0 0.34375 0.927083 0.019574 0.023676
0 0.278906 0.927083 0.018008 0.02309
0 0.417187 0.935417 0.018773 0.023107
0 0.610938 0.944792 0.019574 0.023676
0 0.0625 0.953125 0.028043 0.037016
0 0.503906 0.948958 0.021198 0.026257
0 0.417969 0.952083 0.026734 0.029536
0 0.907813 0.9625 0.026057 0.030133
0 0.603125 0.971875 0.017759 0.024215
0 0.1125 0.98125 0.023597 0.02855
0 0.392188 0.978125 0.019792 0.025321
0 0.58125 0.982292 0.019792 0.025321
0 0.777344 0.984375 0.021796 0.030069