0 0.879687 0.025 0.018354 0.025228
0 0.93125 0.069792 0.019925 0.025905
0 0.41875 0.091667 0.023319 0.029672
0 0.257031 0.15 0.01902 0.024748
0 0.452344 0.154167 0.025211 0.033309
0 0.993507 0.167708 0.012987 0.023679
0 0.047656 0.196875 0.01882 0.024173
0 0.570312 0.216667 0.021894 0.026105
0 0.271875 0.260417 0.026779 0.031865
0 0.730469 0.260417 0.021239 0.025868
0 0.652344 0.272917 0.017759 0.024215
0 0.042969 0.279167 0.021542 0.027554
0 0.436719 0.279167 0.021819 0.028356
0 0.625781 0.35 0.024467 0.034451
0 0.334375 0.361458 0.020046 0.026244
0 0.348438 0.373958 0.019925 0.025905
0 0.655469 0.394792 0.021198 0.026257
0 0.072656 0.4375 0.022227 0.031837
0 0.18125 0.4375 0.023028 0.030998
0 0.685937 0.478125 0.019909 0.025929
0 0.498437 0.490625 0.023452 0.03577
0 0.773438 0.508333 0.026621 0.033198
0 0.749219 0.529167 0.025507 0.03125
0 0.297656 0.545833 0.021989 0.028877
0 0.213281 0.557292 0.021796 0.030069
0 0.578906 0.584375 0.024975 0.031796
0 0.121094 0.627083 0.025124 0.02956
0 0.567187 0.630208 0.018561 0.025359
0 0.723437 0.646875 0.021131 0.02449
0 0.096875 0.688542 0.02714 0.033665
0 0.116406 0.692708 0.025243 0.032454
0 0.821094 0.689583 0.0184 0.026183
0 0.104688 0.713542 0.019574 0.023676
0 0.023437 0.725 0.026524 0.033859
0 0.81875 0.772917 0.018756 0.022285
0 0.096875 0.898958 0.024652 0.030465
0 0.95 0.915625 0.020231 0.026656
0 0.4125 0.933333 0.023952 0.034149
0 0.196875 0.938542 0.020416 0.025301
0 0.815625 0.942708 0.022995 0.03066
0 0.954688 0.947917 0.022828 0.027821
0 0.190625 0.948958 0.019925 0.025905
0 0.260937 0.967708 0.019925 0.025905
0 0.528906 0.980208 0.022128 0.030307