0 0.044531 0.088542 0.018827 0.023629
0 0.308594 0.098958 0.021231 0.025776
0 0.250781 0.109375 0.018939 0.024442
0 0.442969 0.163542 0.021131 0.02449
0 0.0625 0.166667 0.020134 0.027719
0 0.578906 0.21875 0.026105 0.0312
0 0.23125 0.241667 0.019574 0.023676
0 0.398438 0.255208 0.02486 0.031
0 0.854688 0.255208 0.019909 0.025929
0 0.3 0.334375 0.02317 0.029214
0 0.045312 0.361458 0.019733 0.025046
0 0.916406 0.36875 0.025477 0.035
0 0.125781 0.36875 0.019638 0.024534
0 0.875 0.383333 0.020537 0.027934
0 0.2625 0.392708 0.02854 0.036758
0 0.110937 0.39375 0.022971 0.028458
0 0.444531 0.396875 0.026519 0.033867
0 0.703906 0.396875 0.024332 0.031292
0 0.975781 0.44375 0.019057 0.027229
0 0.514844 0.452083 0.023103 0.02886
0 0.940625 0.55 0.01971 0.025332
0 0.202344 0.563542 0.018939 0.024442
0 0.908594 0.64375 0.021105 0.028403
0 0.342969 0.682292 0.022227 0.031837
0 0.846875 0.686458 0.023103 0.02886
0 0.764062 0.735417 0.02695 0.036245
0 0.135937 0.801042 0.026 0.030914
0 0.650781 0.803125 0.020395 0.028324
0 0.253125 0.835417 0.023103 0.02886
0 0.466406 0.886458 0.020566 0.026042
0 0.514062 0.886458 0.019534 0.022292
0 0.989668 0.905208 0.020664 0.031994
0 0.589063 0.904167 0.018773 0.023107
0 0.494531 0.979167 0.018008 0.02309
0 0.963281 0.982292 0.022209 0.029294