0 0.898438 0.014529 0.024359 0.029058
0 0.657031 0.021875 0.021796 0.030069
0 0.23125 0.044792 0.026048 0.031808
0 0.13125 0.053125 0.023538 0.032216
0 0.378906 0.055208 0.021198 0.026257
0 0.51875 0.067708 0.019429 0.026567
0 0.354687 0.117708 0.02393 0.031906
0 0.773438 0.140625 0.02018 0.026907
0 0.603125 0.166667 0.020676 0.026744
0 0.460156 0.209375 0.023438 0.03125
0 0.327344 0.220833 0.020422 0.025409
0 0.780469 0.364583 0.024847 0.031127
0 0.966406 0.372917 0.021999 0.028864
0 0.346094 0.390625 0.019574 0.023676
0 0.710156 0.451042 0.021314 0.02663
0 0.617188 0.451042 0.020676 0.026744
0 0.530469 0.488542 0.025042 0.032134
0 0.496094 0.555208 0.021618 0.02791
0 0.928906 0.584375 0.021243 0.027194
0 0.869531 0.697917 0.018939 0.024442
0 0.239063 0.755208 0.020676 0.026744
0 0.260937 0.769792 0.019925 0.025905
0 0.211719 0.798958 0.021804 0.02852
0 0.324219 0.805208 0.025511 0.032143
0 0.135937 0.827083 0.022447 0.02875
0 0.633594 0.853125 0.024584 0.031012
0 0.866406 0.886458 0.021479 0.027243
0 0.75 0.903125 0.019792 0.025321
0 0.580469 0.916667 0.024496 0.029918
0 0.546875 0.917708 0.023878 0.029636
0 0.753906 0.934375 0.019627 0.024405
0 0.324219 0.952083 0.021701 0.028014
0 0.532813 0.955208 0.019733 0.025046
0 0.38125 0.979167 0.020676 0.026744