0 0.580469 0.048958 0.036554 0.048003
0 0.500781 0.053125 0.026228 0.036624
0 0.307812 0.079167 0.020566 0.026042
0 0.052344 0.103125 0.021314 0.02663
0 0.38125 0.1125 0.019792 0.025321
0 0.6125 0.141667 0.030057 0.037262
0 0.261719 0.152083 0.027216 0.039051
0 0.292187 0.170833 0.019909 0.025929
0 0.934375 0.172917 0.019792 0.025321
0 0.675 0.180208 0.020537 0.027934
0 0.625781 0.182292 0.018784 0.026311
0 0.717187 0.186458 0.019558 0.02407
0 0.364063 0.192708 0.024182 0.034926
0 0.415625 0.2 0.023988 0.030346
0 0.467969 0.203125 0.027826 0.033764
0 0.689844 0.251042 0.029863 0.034842
0 0.061719 0.260417 0.019542 0.02313
0 0.648438 0.270833 0.029967 0.041352
0 0.48125 0.288542 0.018939 0.024442
0 0.655469 0.294792 0.017658 0.024165
0 0.03125 0.310417 0.02674 0.030964
0 0.071875 0.329167 0.026608 0.034667
0 0.946875 0.357292 0.023778 0.030992
0 0.323437 0.36875 0.036212 0.0499
0 0.305469 0.375 0.021978 0.027245
0 0.842187 0.390625 0.02981 0.039124
0 0.679688 0.39375 0.027784 0.040062
0 0.614062 0.403125 0.017835 0.025128
0 0.475781 0.410417 0.019531 0.026042
0 0.61875 0.485417 0.018008 0.02309
0 0.636719 0.490625 0.020697 0.026524
0 0.259375 0.508333 0.029083 0.033854
0 0.672656 0.507292 0.021542 0.027554
0 0.467969 0.513542 0.021339 0.026862
0 0.3375 0.516667 0.018008 0.02309
0 0.304688 0.529167 0.03174 0.045385
0 0.145313 0.54375 0.019627 0.024405
0 0.880469 0.55625 0.021479 0.027243
0 0.626563 0.563542 0.020719 0.032409
0 0.064844 0.6125 0.025781 0.032981
0 0.700781 0.616667 0.021727 0.028969
0 0.464844 0.623958 0.023654 0.029634
0 0.015625 0.626042 0.019057 0.027229
0 0.661719 0.630208 0.022017 0.028277
0 0.392188 0.6375 0.018921 0.024472
0 0.710156 0.667708 0.031066 0.045426
0 0.732031 0.678125 0.024496 0.029918
0 0.35 0.68125 0.029183 0.034247
0 0.521875 0.703125 0.029634 0.041391
0 0.113281 0.71875 0.039987 0.038001
0 0.800781 0.726042 0.028993 0.039474
0 0.414062 0.732292 0.021302 0.02814
0 0.5125 0.739583 0.019119 0.025492
0 0.807031 0.758333 0.031328 0.042708
0 0.010156 0.761458 0.019574 0.023676
0 0.755469 0.763542 0.022758 0.030751
0 0.582031 0.769792 0.023771 0.032677
0 0.692187 0.807292 0.018939 0.024442
0 0.513281 0.815625 0.023103 0.02886
0 0.70625 0.855208 0.020046 0.026244
0 0.298438 0.876042 0.020566 0.026042
0 0.071094 0.891667 0.027444 0.031564
0 0.492969 0.920833 0.019768 0.025593
0 0.88125 0.947917 0.029657 0.037707
0 0.185938 0.953125 0.032094 0.034637
0 0.642969 0.953125 0.019574 0.023676
0 0.736719 0.989211 0.019627 0.021578
0 0.545312 0.990337 0.019558 0.019327