0 0.402344 0.020833 0.019531 0.026042
0 0.692187 0.035417 0.019627 0.024405
0 0.045312 0.092708 0.019909 0.025929
0 0.614062 0.115625 0.019558 0.02407
0 0.146875 0.154167 0.022758 0.026784
0 0.357031 0.189583 0.020811 0.029482
0 0.246094 0.207292 0.021961 0.03167
0 0.666406 0.219792 0.022758 0.030751
0 0.311719 0.25 0.024982 0.033615
0 0.252344 0.260417 0.021362 0.02664
0 0.432031 0.325 0.019119 0.025492
0 0.075781 0.340625 0.025149 0.032864
0 0.699219 0.365625 0.02143 0.027648
0 0.860938 0.439583 0.020676 0.026744
0 0.224219 0.464583 0.022128 0.030307
0 0.682813 0.466667 0.020566 0.026042
0 0.8625 0.501042 0.01971 0.025332
0 0.798438 0.532292 0.022883 0.028677
0 0.103125 0.576042 0.019909 0.025929
0 0.653125 0.580208 0.020537 0.027934
0 0.160938 0.60625 0.027533 0.030248
0 0.807031 0.617708 0.018773 0.023107
0 0.50625 0.651042 0.019925 0.025905
0 0.108594 0.661458 0.025048 0.026775
0 0.092188 0.663542 0.02269 0.029686
0 0.11875 0.669792 0.019574 0.023676
0 0.252344 0.669792 0.019638 0.024534
0 0.910156 0.676042 0.021796 0.02989
0 0.6 0.679167 0.019909 0.025929
0 0.147656 0.690625 0.022553 0.032021
0 0.085156 0.696875 0.018939 0.024442
0 0.278906 0.7125 0.021701 0.028014
0 0.042188 0.728125 0.023796 0.029832
0 0.146094 0.78125 0.02715 0.048243
0 0.188281 0.778125 0.021259 0.029733
0 0.621875 0.782292 0.023026 0.028919
0 0.022656 0.784375 0.021542 0.027554
0 0.304688 0.791667 0.0197 0.025227
0 0.208594 0.808333 0.021479 0.027243
0 0.2875 0.808333 0.020566 0.026042
0 0.2375 0.852083 0.020537 0.027934
0 0.333594 0.859375 0.02168 0.028193
0 0.850781 0.8625 0.019178 0.025168
0 0.910937 0.873958 0.026705 0.033543
0 0.035156 0.902083 0.021161 0.025349
0 0.092969 0.914583 0.021978 0.027245
0 0.0625 0.933333 0.026357 0.033939
0 0.11875 0.939583 0.020537 0.027934
0 0.575 0.941667 0.021761 0.031624
0 0.177344 0.953125 0.020416 0.025301
0 0.16875 0.963542 0.019574 0.023676
0 0.699219 0.978125 0.018991 0.026389
0 0.380469 0.986389 0.02479 0.027222