0 0.144531 0.014583 0.021314 0.02663
0 0.196875 0.0375 0.019733 0.025046
0 0.045312 0.127083 0.022815 0.027608
0 0.157812 0.190625 0.022937 0.028155
0 0.251563 0.367708 0.019574 0.023676
0 0.032031 0.401042 0.024356 0.028133
0 0.272656 0.421875 0.023462 0.02919
0 0.403125 0.447917 0.020537 0.027934
0 0.860156 0.447917 0.019543 0.023126
0 0.006103 0.458333 0.012206 0.023679
0 0.880469 0.490625 0.021727 0.028969
0 0.616406 0.513542 0.023781 0.034173
0 0.145313 0.526042 0.020697 0.026524
0 0.90625 0.530208 0.023964 0.032621
0 0.825 0.535417 0.024256 0.025931
0 0.692187 0.545833 0.019893 0.027596
0 0.75 0.565625 0.026308 0.031809
0 0.248438 0.586458 0.022828 0.027821
0 0.223438 0.594792 0.022937 0.028155
0 0.342187 0.625 0.018756 0.022285
0 0.727344 0.6625 0.024533 0.03271
0 0.196875 0.689583 0.026245 0.031768
0 0.064844 0.703125 0.019574 0.023676
0 0.454688 0.742708 0.019574 0.023676
0 0.482031 0.771875 0.021618 0.02791
0 0.778125 0.778125 0.024076 0.032101
0 0.586719 0.816667 0.021161 0.025349
0 0.114062 0.844792 0.017759 0.024215
0 0.914062 0.888542 0.019429 0.026567
0 0.352344 0.929167 0.019638 0.024534
0 0.297656 0.945833 0.021362 0.02664
0 0.042188 0.954167 0.023778 0.030992
0 0.251563 0.980208 0.02168 0.028193
0 0.81875 0.98125 0.022911 0.031609