0 0.636719 0.013542 0.022047 0.026945
0 0.858594 0.014583 0.020551 0.027917
0 0.035156 0.0625 0.022731 0.02736
0 0.567187 0.180208 0.027003 0.034726
0 0.400781 0.183333 0.020422 0.025409
0 0.497656 0.20625 0.018939 0.024442
0 0.69375 0.254167 0.029857 0.041618
0 0.408594 0.254167 0.021339 0.026862
0 0.9 0.313542 0.020416 0.025301
0 0.763281 0.31875 0.020432 0.028638
0 0.182812 0.335417 0.018823 0.029183
0 0.335156 0.344792 0.018773 0.023107
0 0.884375 0.372917 0.024359 0.033115
0 0.2875 0.402083 0.025149 0.035616
0 0.238281 0.40625 0.019574 0.023676
0 0.61875 0.423958 0.020058 0.027568
0 0.638281 0.440625 0.024928 0.036255
0 0.049219 0.465625 0.018773 0.023107
0 0.520312 0.471875 0.01733 0.02503
0 0.363281 0.505208 0.024309 0.027699
0 0.258594 0.523958 0.018442 0.024589
0 0.578906 0.545833 0.025149 0.035616
0 0.079687 0.60625 0.024847 0.031127
0 0.558594 0.611458 0.019574 0.023676
0 0.189844 0.619792 0.020371 0.024457
0 0.31875 0.64375 0.019574 0.023676
0 0.813281 0.730208 0.021542 0.027554
0 0.884375 0.741667 0.025161 0.030661
0 0.7375 0.789583 0.018008 0.02309
0 0.59375 0.835417 0.020537 0.027934
0 0.096094 0.840625 0.021819 0.028356
0 0.383594 0.855208 0.017721 0.025103
0 0.901563 0.859375 0.018939 0.024442
0 0.867188 0.877083 0.023922 0.031467
0 0.565625 0.888542 0.02095 0.027383