0 0.008373 0.042708 0.016746 0.026567
0 0.063281 0.159375 0.018827 0.023629
0 0.236719 0.176042 0.020422 0.025409
0 0.51875 0.211458 0.021819 0.028356
0 0.449219 0.240625 0.019925 0.025905
0 0.424219 0.246875 0.018561 0.025359
0 0.839844 0.264583 0.020328 0.024087
0 0.225 0.279167 0.028014 0.042547
0 0.24375 0.298958 0.021259 0.029733
0 0.607812 0.316667 0.02537 0.032683
0 0.307031 0.321875 0.030967 0.038367
0 0.434375 0.33125 0.018406 0.026178
0 0.307031 0.39375 0.024897 0.032298
0 0.810937 0.4 0.022883 0.028677
0 0.361719 0.417708 0.019574 0.023676
0 0.472656 0.429167 0.018084 0.031255
0 0.341406 0.447917 0.019574 0.023676
0 0.567187 0.451042 0.018561 0.025359
0 0.608594 0.465625 0.019792 0.025321
0 0.45625 0.507292 0.020528 0.029524
0 0.827344 0.511458 0.024847 0.031127
0 0.035937 0.519792 0.017759 0.024215
0 0.467187 0.522917 0.021894 0.026105
0 0.472656 0.561458 0.021542 0.027554
0 0.307812 0.561458 0.018442 0.024589
0 0.301563 0.609375 0.031371 0.043768
0 0.377344 0.615625 0.041705 0.044024
0 0.439844 0.625 0.02018 0.026907
0 0.575781 0.640625 0.02975 0.042487
0 0.446875 0.635417 0.023718 0.029015
0 0.55625 0.640625 0.039174 0.034669
0 0.852344 0.670833 0.03014 0.03652
0 0.288281 0.676042 0.031467 0.039019
0 0.575 0.68125 0.019012 0.028214
0 0.803906 0.696875 0.020528 0.029524
0 0.56875 0.769792 0.025069 0.027655
0 0.65 0.813542 0.022254 0.02805
0 0.810937 0.827083 0.022094 0.027539
0 0.575781 0.835417 0.021788 0.030078
0 0.614844 0.852083 0.021112 0.025088
0 0.367188 0.8625 0.018921 0.024472
0 0.750781 0.863542 0.020371 0.024457
0 0.34375 0.878125 0.022309 0.032747
0 0.701562 0.953125 0.019925 0.025905
0 0.135156 0.958333 0.022815 0.027608
0 0.04375 0.960417 0.019429 0.026567
0 0.879687 0.969792 0.024705 0.035376
0 0.654687 0.983333 0.018008 0.02309
0 0.796875 0.991285 0.018939 0.017429
0 0.505469 0.991285 0.018939 0.017429