0 0.228906 0.103125 0.028136 0.032317
0 0.807813 0.1125 0.021894 0.026105
0 0.989638 0.120833 0.020724 0.027326
0 0.385156 0.235417 0.023456 0.028163
0 0.464844 0.276042 0.023489 0.025902
0 0.721875 0.297917 0.019543 0.023126
0 0.967969 0.333333 0.018827 0.023629
0 0.953906 0.488542 0.018756 0.022285
0 0.510938 0.517708 0.024033 0.032854
0 0.814844 0.5375 0.017835 0.025128
0 0.448437 0.604167 0.018769 0.023116
0 0.466406 0.63125 0.022265 0.030253
0 0.340625 0.647917 0.020566 0.026042
0 0.636719 0.69375 0.018442 0.024589
0 0.665625 0.822917 0.022495 0.030475
0 0.839063 0.821875 0.019627 0.024405
0 0.325781 0.895833 0.021131 0.02449
0 0.745313 0.921875 0.019574 0.023676
0 0.779687 0.923958 0.019792 0.025321
0 0.305469 0.926042 0.021701 0.028014
0 0.638281 0.928125 0.021443 0.029582
0 0.704688 0.95 0.019792 0.025321