0 0.419531 0.021875 0.019574 0.023676
0 0.9 0.048958 0.017317 0.024011
0 0.5625 0.060417 0.017757 0.026099
0 0.0375 0.086458 0.018939 0.024442
0 0.898438 0.126042 0.018442 0.024589
0 0.933594 0.141667 0.019574 0.023676
0 0.835938 0.161458 0.018442 0.024589
0 0.553125 0.185417 0.020866 0.030437
0 0.402344 0.1875 0.021314 0.02663
0 0.870313 0.208333 0.02203 0.026707
0 0.007827 0.217708 0.015654 0.024457
0 0.635156 0.282292 0.019792 0.025321
0 0.970313 0.285417 0.017757 0.026099
0 0.008592 0.339583 0.017185 0.030501
0 0.249219 0.345833 0.019925 0.025905
0 0.0875 0.388542 0.01902 0.024748
0 0.966406 0.436458 0.019558 0.02407
0 0.075 0.459375 0.022017 0.028277
0 0.161719 0.480208 0.019733 0.025046
0 0.864844 0.5 0.019627 0.024405
0 0.029687 0.507292 0.018331 0.025253
0 0.588281 0.510417 0.019925 0.025905
0 0.9875 0.535417 0.019119 0.025492
0 0.021094 0.56875 0.019832 0.026443
0 0.044531 0.577083 0.020676 0.026744
0 0.101562 0.611458 0.02537 0.032683
0 0.088281 0.620833 0.028951 0.029615
0 0.072656 0.642708 0.01998 0.028483
0 0.017969 0.671875 0.025836 0.027678
0 0.299219 0.677083 0.01948 0.030303
0 0.060156 0.679167 0.019683 0.026728
0 0.686719 0.684375 0.018367 0.028175
0 0.200781 0.690625 0.01902 0.024748
0 0.914062 0.723958 0.018096 0.024127
0 0.607812 0.730208 0.018331 0.025253
0 0.080469 0.736458 0.01959 0.031263
0 0.05625 0.747917 0.021116 0.030583
0 0.407031 0.876042 0.019972 0.028419
0 0.249219 0.90625 0.020231 0.026656
0 0.140625 0.944792 0.021648 0.029332
0 0.295312 0.978125 0.021131 0.02449