0 0.559375 0.010239 0.022971 0.020479
0 0.23125 0.022917 0.026195 0.032242
0 0.459375 0.108333 0.0201 0.026364
0 0.775781 0.120833 0.024459 0.028776
0 0.591406 0.16875 0.023948 0.029945
0 0.33125 0.184375 0.021116 0.030583
0 0.769531 0.192708 0.023234 0.02937
0 0.483594 0.196875 0.024496 0.029918
0 0.567969 0.301042 0.023063 0.030344
0 0.172656 0.31875 0.024223 0.023755
0 0.803125 0.323958 0.020566 0.026042
0 0.732812 0.347917 0.022017 0.028277
0 0.6375 0.352083 0.023144 0.03231
0 0.964844 0.354167 0.020058 0.027568
0 0.8625 0.3875 0.023592 0.030549
0 0.584375 0.430208 0.023878 0.029636
0 0.767188 0.434375 0.023268 0.032258
0 0.239063 0.459375 0.022911 0.031609
0 0.864844 0.466667 0.025243 0.032454
0 0.453906 0.485417 0.021819 0.028356
0 0.786719 0.59375 0.024467 0.034451
0 0.830469 0.633333 0.021188 0.030341
0 0.121875 0.678125 0.026705 0.033543
0 0.925781 0.7125 0.027797 0.032539
0 0.628125 0.711458 0.019476 0.030306
0 0.334375 0.758333 0.023227 0.029506
0 0.4625 0.764583 0.023778 0.030992
0 0.567969 0.933333 0.021876 0.022301