0 0.539062 0.044792 0.022911 0.031609
0 0.457031 0.10625 0.023758 0.031125
0 0.11875 0.114583 0.022356 0.031944
0 0.590625 0.185417 0.023325 0.031295
0 0.074219 0.194792 0.019627 0.024405
0 0.814844 0.201042 0.022325 0.028159
0 0.339062 0.205208 0.024976 0.033622
0 0.265625 0.209375 0.026195 0.032242
0 0.692187 0.278125 0.026026 0.036828
0 0.470313 0.289583 0.024384 0.02969
0 0.25625 0.316667 0.024136 0.031823
0 0.305469 0.329167 0.026828 0.03127
0 0.495312 0.330208 0.024533 0.03271
0 0.521094 0.33125 0.025552 0.033182
0 0.639844 0.351042 0.021542 0.029952
0 0.571094 0.397917 0.029307 0.034742
0 0.186719 0.446875 0.021259 0.029733
0 0.0375 0.489583 0.023707 0.030548
0 0.100781 0.501042 0.021796 0.02989
0 0.242969 0.516667 0.027525 0.035305
0 0.049219 0.534375 0.024336 0.03118
0 0.009897 0.582292 0.019795 0.032621
0 0.353125 0.597917 0.024516 0.030178
0 0.535937 0.604167 0.022758 0.030751
0 0.871094 0.642708 0.022776 0.032111
0 0.557031 0.640625 0.021479 0.027243
0 0.58125 0.648958 0.021259 0.029733
0 0.663281 0.664583 0.026123 0.035908
0 0.802344 0.663542 0.021259 0.028345
0 0.620313 0.680208 0.023461 0.030231
0 0.146094 0.75 0.021999 0.028864
0 0.521875 0.767708 0.024476 0.034441
0 0.116406 0.916667 0.032935 0.038968
0 0.378906 0.9125 0.025086 0.031874
0 0.754687 0.922917 0.020058 0.027568
0 0.746094 0.938542 0.018161 0.023679
0 0.328906 0.986193 0.023144 0.027613