0 0.184375 0.026042 0.020046 0.026244
0 0.065625 0.05 0.020566 0.026042
0 0.709375 0.055208 0.018442 0.024589
0 0.58125 0.195833 0.020676 0.026744
0 0.139844 0.196875 0.021314 0.02663
0 0.011251 0.235417 0.022502 0.035248
0 0.195312 0.316667 0.018756 0.022285
0 0.925781 0.45 0.021314 0.02663
0 0.814063 0.517708 0.019531 0.026042
0 0.139844 0.5375 0.01882 0.024173
0 0.85 0.604167 0.026071 0.036362
0 0.310156 0.682292 0.018161 0.023679
0 0.086719 0.697917 0.022861 0.027439
0 0.791406 0.753125 0.022226 0.031538
0 0.321875 0.803125 0.018561 0.025359
0 0.2125 0.810417 0.026257 0.037065
0 0.405469 0.841667 0.017759 0.024215
0 0.296875 0.864583 0.02095 0.027383
0 0.421094 0.867708 0.020341 0.025073
0 0.653125 0.913542 0.020046 0.026244
0 0.877344 0.984375 0.020566 0.026042
0 0.142969 0.990365 0.020566 0.019271