0 0.917969 0.023958 0.024847 0.031127
0 0.622656 0.054167 0.021479 0.027243
0 0.2 0.130208 0.029907 0.040647
0 0.047656 0.166667 0.021131 0.02449
0 0.610938 0.184375 0.023654 0.029634
0 0.644531 0.184375 0.021804 0.02852
0 0.332813 0.259375 0.02688 0.033904
0 0.934375 0.310417 0.023493 0.032412
0 0.172656 0.313542 0.024652 0.030465
0 0.35 0.4125 0.029233 0.033659
0 0.565625 0.48125 0.023385 0.032449
0 0.0875 0.51875 0.024608 0.032281
0 0.421094 0.578125 0.019574 0.023676
0 0.245312 0.68125 0.04488 0.04317
0 0.896875 0.698958 0.023368 0.030196
0 0.150781 0.708333 0.02901 0.035581
0 0.923438 0.739583 0.023557 0.030821
0 0.722656 0.810417 0.02168 0.028193
0 0.414844 0.832292 0.025685 0.036465
0 0.275 0.869792 0.021701 0.028014
0 0.342187 0.897917 0.023493 0.032412
0 0.673438 0.927083 0.023538 0.032216
0 0.9875 0.95 0.020736 0.028573
0 0.147656 0.958333 0.021819 0.028356
0 0.110156 0.979167 0.023438 0.03125
0 0.557813 0.982292 0.023476 0.030208
0 0.079687 0.984722 0.022356 0.030555