0 0.109375 0.015378 0.029951 0.030756
0 0.348438 0.030208 0.030402 0.038426
0 0.265625 0.053125 0.027593 0.0349
0 0.908594 0.077083 0.025209 0.035656
0 0.3125 0.113542 0.029621 0.035381
0 0.138281 0.125 0.02648 0.033546
0 0.520312 0.136458 0.026931 0.034831
0 0.182812 0.152083 0.027761 0.038563
0 0.741406 0.148958 0.019627 0.024405
0 0.585156 0.184375 0.031916 0.046522
0 0.486719 0.214583 0.030383 0.037827
0 0.819531 0.217708 0.029951 0.037751
0 0.729688 0.217708 0.021796 0.02989
0 0.125 0.229167 0.024508 0.031695
0 0.013281 0.261458 0.02168 0.028193
0 0.517969 0.270833 0.021339 0.026862
0 0.698438 0.30625 0.026251 0.035002
0 0.914844 0.315625 0.020046 0.026244
0 0.926562 0.321875 0.020537 0.027934
0 0.03125 0.330208 0.02882 0.040536
0 0.274219 0.363542 0.029796 0.038479
0 0.314844 0.416667 0.035136 0.043969
0 0.252344 0.426042 0.028781 0.039246
0 0.325781 0.440625 0.024516 0.030178
0 0.586719 0.461458 0.02101 0.028935
0 0.901563 0.469792 0.028371 0.034763
0 0.560156 0.509375 0.029881 0.033204
0 0.288281 0.511458 0.019627 0.024405
0 0.774219 0.517708 0.026862 0.034014
0 0.573438 0.547917 0.033201 0.037881
0 0.276562 0.571875 0.028598 0.038303
0 0.116406 0.573958 0.035284 0.039922
0 0.589063 0.594792 0.021339 0.026862
0 0.439844 0.615625 0.035894 0.047018
0 0.294531 0.6875 0.030666 0.04642
0 0.680469 0.698958 0.03055 0.037138
0 0.553906 0.708333 0.036042 0.044927
0 0.535937 0.732292 0.033862 0.042809
0 0.117969 0.738542 0.027149 0.037383
0 0.132031 0.738542 0.019574 0.023676
0 0.189844 0.753125 0.046379 0.05271
0 0.971094 0.761458 0.028262 0.03619
0 0.042188 0.764583 0.021796 0.02989
0 0.011257 0.773958 0.022515 0.038367
0 0.082812 0.777083 0.022558 0.029051
0 0.502344 0.80625 0.028188 0.036368
0 0.189844 0.830208 0.024995 0.032943
0 0.210156 0.878125 0.03083 0.038882
0 0.336719 0.886458 0.032804 0.04854
0 0.642969 0.905208 0.021788 0.030078
0 0.223438 0.928125 0.021894 0.026105
0 0.328125 0.948958 0.019178 0.025168
0 0.875 0.985417 0.018773 0.023107