0 0.219531 0.027083 0.02198 0.027324
0 0.060937 0.05625 0.020046 0.026244
0 0.289844 0.072917 0.021239 0.025868
0 0.015625 0.105208 0.023654 0.029634
0 0.01875 0.123958 0.019925 0.025905
0 0.778906 0.285417 0.017759 0.024215
0 0.060156 0.315625 0.025348 0.03196
0 0.542188 0.33125 0.022937 0.028155
0 0.530469 0.392708 0.028416 0.038813
0 0.840625 0.4375 0.028628 0.03817
0 0.889062 0.446875 0.019925 0.025905
0 0.505469 0.484375 0.024847 0.031127
0 0.897656 0.508333 0.018048 0.02325
0 0.15 0.521875 0.023511 0.028281
0 0.253906 0.539583 0.022094 0.027539
0 0.313281 0.567708 0.01882 0.024173
0 0.579688 0.59375 0.022729 0.02728
0 0.089844 0.64375 0.020697 0.026524
0 0.032031 0.667708 0.018921 0.024472
0 0.227344 0.676042 0.027597 0.033767
0 0.839844 0.692708 0.017759 0.024215
0 0.803906 0.730208 0.024804 0.032617
0 0.405469 0.78125 0.021788 0.030078
0 0.699219 0.94375 0.021243 0.027194