0 0.829688 0.051042 0.026637 0.037182
0 0.514844 0.064583 0.025219 0.029986
0 0.807813 0.084375 0.022777 0.026557
0 0.827344 0.188542 0.022006 0.030167
0 0.616406 0.254167 0.022995 0.032052
0 0.008167 0.340625 0.016334 0.029834
0 0.402344 0.354167 0.020416 0.025301
0 0.580469 0.364583 0.021618 0.02791
0 0.397656 0.446875 0.021131 0.02449
0 0.946875 0.461458 0.021161 0.025349
0 0.330469 0.5125 0.019574 0.023676
0 0.803906 0.679167 0.018827 0.023629
0 0.049219 0.75625 0.018048 0.02325
0 0.280469 0.803125 0.018827 0.023629
0 0.685156 0.804167 0.018442 0.024589
0 0.920312 0.810417 0.022097 0.031526
0 0.949219 0.8125 0.021405 0.027443
0 0.534375 0.944792 0.022781 0.032106
0 0.453906 0.954167 0.019531 0.026042