0 0.188281 0.041667 0.021239 0.025868
0 0.979688 0.108333 0.027016 0.037416
0 0.184375 0.145833 0.029657 0.037707
0 0.403906 0.153125 0.018939 0.024442
0 0.457031 0.186458 0.025161 0.030661
0 0.794531 0.241667 0.025032 0.033377
0 0.559375 0.251042 0.019992 0.026974
0 0.807031 0.283333 0.020328 0.024087
0 0.729688 0.385417 0.026918 0.037888
0 0.080469 0.426042 0.026848 0.034118
0 0.827344 0.454167 0.01882 0.024173
0 0.367969 0.480208 0.024381 0.03447
0 0.757812 0.480208 0.019574 0.023676
0 0.936719 0.505208 0.024242 0.035869
0 0.085156 0.522917 0.027678 0.033246
0 0.953125 0.576042 0.034107 0.044296
0 0.928906 0.745833 0.018561 0.025359
0 0.767969 0.838542 0.026124 0.031426
0 0.921094 0.867708 0.023771 0.032677
0 0.695312 0.9 0.018756 0.022285