0 0.715625 0.012518 0.020341 0.025037
0 0.122656 0.039583 0.018442 0.024589
0 0.49375 0.139583 0.024586 0.037932
0 0.808594 0.183333 0.02203 0.026707
0 0.385156 0.279167 0.019638 0.024534
0 0.933594 0.283333 0.018773 0.023107
0 0.829688 0.329167 0.018008 0.02309
0 0.845313 0.397917 0.019531 0.027421
0 0.835938 0.40625 0.018052 0.026078
0 0.327344 0.46875 0.03174 0.045385
0 0.564844 0.464583 0.019768 0.025593
0 0.55625 0.470833 0.022193 0.03277
0 0.567969 0.471875 0.01998 0.028483
0 0.664844 0.527083 0.021098 0.023144
0 0.696875 0.529167 0.020058 0.027568
0 0.796875 0.53125 0.022578 0.031994
0 0.953906 0.569792 0.021239 0.025868
0 0.828125 0.583333 0.030282 0.038327
0 0.377344 0.633333 0.02143 0.027648
0 0.653125 0.657292 0.038645 0.052681
0 0.403906 0.678125 0.018161 0.023679
0 0.696094 0.692708 0.024627 0.030507
0 0.952344 0.716667 0.02569 0.03355
0 0.385937 0.75625 0.01892 0.026267
0 0.80625 0.760417 0.023319 0.029672
0 0.652344 0.798958 0.019792 0.025321
0 0.065625 0.805208 0.018939 0.024442
0 0.548438 0.819792 0.028613 0.049124
0 0.599219 0.811458 0.017438 0.024063
0 0.396875 0.822917 0.021116 0.030583
0 0.442969 0.836458 0.020422 0.025409
0 0.058594 0.857292 0.018939 0.024442
0 0.616406 0.863542 0.021161 0.025349
0 0.985156 0.910417 0.018939 0.024442
0 0.559375 0.919792 0.02306 0.029195
0 0.628125 0.947917 0.020416 0.025301
0 0.444531 0.951042 0.02143 0.027648
0 0.607031 0.966667 0.019119 0.025492
0 0.219531 0.96875 0.017438 0.024063