0 0.717969 0.019792 0.02143 0.027648
0 0.5 0.065625 0.0211 0.027734
0 0.445312 0.158333 0.01882 0.024173
0 0.365625 0.179167 0.018756 0.022285
0 0.655469 0.196875 0.033716 0.040398
0 0.236719 0.211458 0.025348 0.03196
0 0.642969 0.215625 0.021198 0.026257
0 0.241406 0.222917 0.021264 0.026134
0 0.25 0.2375 0.018756 0.022285
0 0.2625 0.246875 0.030094 0.037982
0 0.299219 0.257292 0.020635 0.029352
0 0.650781 0.277083 0.024039 0.030661
0 0.235937 0.282292 0.026686 0.031536
0 0.160938 0.297917 0.021198 0.026257
0 0.332813 0.3 0.018756 0.022285
0 0.624219 0.304167 0.021546 0.027548
0 0.019531 0.323958 0.022111 0.027748
0 0.322656 0.328125 0.021161 0.025349
0 0.119531 0.332292 0.018756 0.022285
0 0.680469 0.336458 0.025188 0.032253
0 0.56875 0.388542 0.022152 0.027355
0 0.977344 0.408333 0.02032 0.023137
0 0.373437 0.423958 0.029846 0.038835
0 0.657031 0.422917 0.019401 0.028319
0 0.578906 0.435417 0.035711 0.039612
0 0.569531 0.459375 0.019574 0.023676
0 0.385156 0.471875 0.018773 0.023107
0 0.892969 0.494792 0.018773 0.023107
0 0.366406 0.511458 0.021314 0.02663
0 0.184375 0.532292 0.022111 0.027748
0 0.149219 0.535417 0.026667 0.029051
0 0.588281 0.55 0.031861 0.041408
0 0.232031 0.58125 0.027597 0.033767
0 0.692187 0.590625 0.01971 0.025332
0 0.626563 0.617708 0.019574 0.023676
0 0.546094 0.632292 0.018756 0.022285
0 0.146875 0.638542 0.0197 0.025227
0 0.492188 0.639583 0.018773 0.023107
0 0.034375 0.679167 0.021198 0.026257
0 0.553906 0.678125 0.019638 0.024534
0 0.246875 0.695833 0.026753 0.035531
0 0.791406 0.723958 0.01998 0.028483
0 0.530469 0.758333 0.023654 0.029634
0 0.5 0.803125 0.020676 0.026744
0 0.254688 0.817708 0.029803 0.03559
0 0.501563 0.820833 0.018756 0.022285
0 0.19375 0.830208 0.027816 0.03591
0 0.417187 0.835417 0.02579 0.028178
0 0.490625 0.867708 0.01971 0.025332
0 0.135156 0.902083 0.026779 0.031865
0 0.975 0.987634 0.019446 0.024731