0 0.433594 0.020833 0.031092 0.03625
0 0.684375 0.052083 0.023503 0.033898
0 0.979688 0.103125 0.024136 0.031823
0 0.616406 0.14375 0.022128 0.030307
0 0.792969 0.238542 0.021816 0.032581
0 0.853125 0.272917 0.023026 0.028919
0 0.107813 0.28125 0.026421 0.033117
0 0.039062 0.29375 0.021161 0.025349
0 0.800781 0.294792 0.02095 0.027383
0 0.496875 0.30625 0.023964 0.032621
0 0.344531 0.314583 0.019627 0.024405
0 0.975 0.339583 0.020416 0.025301
0 0.884375 0.346875 0.023867 0.032182
0 0.973437 0.348958 0.022781 0.032106
0 0.603125 0.359375 0.022911 0.031609
0 0.214062 0.4125 0.023432 0.030501
0 0.19375 0.454167 0.025918 0.029193
0 0.452344 0.453125 0.01971 0.025332
0 0.675 0.480208 0.025095 0.028633
0 0.496094 0.484375 0.030751 0.034619
0 0.703906 0.509375 0.023456 0.028163
0 0.76875 0.51875 0.023781 0.034173
0 0.384375 0.527083 0.026613 0.03321
0 0.888281 0.5375 0.028476 0.037251
0 0.253906 0.56875 0.020328 0.024087
0 0.477344 0.583333 0.02674 0.043835
0 0.878906 0.584375 0.021796 0.02989
0 0.165625 0.588542 0.021978 0.027245
0 0.535156 0.640625 0.024928 0.036255
0 0.780469 0.636458 0.02306 0.029195
0 0.471875 0.657292 0.020422 0.025409
0 0.042188 0.673958 0.02426 0.027326
0 0.671875 0.69375 0.022883 0.028677
0 0.028125 0.747917 0.019733 0.025046
0 0.522656 0.751042 0.02486 0.031
0 0.10625 0.754167 0.027936 0.034874
0 0.110156 0.769792 0.026 0.030914
0 0.385937 0.771875 0.020479 0.026286
0 0.209375 0.867708 0.018561 0.025359
0 0.032813 0.892708 0.027987 0.041048
0 0.842969 0.890625 0.023484 0.032424
0 0.699219 0.93125 0.025081 0.035435
0 0.924219 0.935417 0.022226 0.031538