0 0.832031 0.018603 0.027093 0.037206
0 0.139063 0.041667 0.033905 0.042967
0 0.492188 0.057292 0.025022 0.026377
0 0.836719 0.078125 0.019925 0.025905
0 0.424219 0.095833 0.019542 0.02313
0 0.253125 0.111458 0.041588 0.051938
0 0.239063 0.147917 0.019542 0.02313
0 0.532031 0.15 0.017982 0.022269
0 0.664062 0.161458 0.036711 0.044324
0 0.855469 0.1625 0.028521 0.035325
0 0.38125 0.161458 0.019531 0.022917
0 0.413281 0.190625 0.041132 0.053075
0 0.6875 0.194792 0.031533 0.044823
0 0.471875 0.194792 0.01902 0.024748
0 0.166406 0.202083 0.021323 0.026425
0 0.357812 0.207292 0.026008 0.033043
0 0.459375 0.226042 0.033717 0.044694
0 0.217188 0.223958 0.029228 0.035147
0 0.774219 0.259375 0.030853 0.051471
0 0.552344 0.257292 0.024232 0.035439
0 0.13125 0.261458 0.02989 0.035805
0 0.838281 0.263542 0.028598 0.034664
0 0.753125 0.266667 0.019638 0.024534
0 0.659375 0.278125 0.033401 0.0456
0 0.051562 0.280208 0.027149 0.037383
0 0.751563 0.282292 0.028381 0.036815
0 0.1625 0.295833 0.022929 0.030009
0 0.407813 0.316667 0.052036 0.066118
0 0.825781 0.304167 0.02124 0.030344
0 0.234375 0.305208 0.022707 0.026328
0 0.224219 0.307292 0.021112 0.025088
0 0.276562 0.3125 0.023462 0.02542
0 0.380469 0.315625 0.021131 0.02449
0 0.867969 0.321875 0.024383 0.028296
0 0.698438 0.339583 0.033166 0.042026
0 0.178125 0.354167 0.031366 0.040844
0 0.176563 0.382292 0.03051 0.048996
0 0.892969 0.388542 0.027632 0.041895
0 0.730469 0.402083 0.030207 0.051214
0 0.91875 0.420833 0.026681 0.038686
0 0.879687 0.420833 0.021243 0.027194
0 0.685937 0.427083 0.026862 0.034014
0 0.726562 0.435417 0.020529 0.025786
0 0.269531 0.445833 0.020354 0.031269
0 0.729688 0.45625 0.02736 0.045842
0 0.121094 0.448958 0.019627 0.024405
0 0.261719 0.448958 0.018769 0.023116
0 0.313281 0.452083 0.019543 0.023126
0 0.878125 0.461458 0.022911 0.031609
0 0.205469 0.461458 0.023491 0.027306
0 0.689063 0.480208 0.019925 0.025905
0 0.372656 0.504167 0.029242 0.03636
0 0.817187 0.559375 0.021885 0.028544
0 0.810156 0.576042 0.021202 0.026349
0 0.95625 0.580208 0.0223 0.028345
0 0.192969 0.592708 0.025088 0.031317
0 0.383594 0.613542 0.050046 0.063602
0 0.853906 0.607292 0.032996 0.049372
0 0.303125 0.605208 0.025548 0.037392
0 0.111719 0.60625 0.026643 0.033424
0 0.235937 0.60625 0.027729 0.032708
0 0.153125 0.619792 0.023758 0.031125
0 0.792969 0.626042 0.019792 0.025321
0 0.723437 0.634375 0.029056 0.032911
0 0.4 0.646875 0.022226 0.031538
0 0.698438 0.652083 0.033617 0.039074
0 0.145313 0.648958 0.019627 0.024405
0 0.171094 0.658333 0.019446 0.026546
0 0.657031 0.665625 0.018773 0.023107
0 0.85 0.675 0.025288 0.039699
0 0.510938 0.673958 0.022111 0.027748
0 0.592969 0.671875 0.017438 0.024063
0 0.398438 0.705208 0.041612 0.045562
0 0.195312 0.698958 0.022756 0.02825
0 0.219531 0.696875 0.01902 0.024748
0 0.509375 0.713542 0.02376 0.035586
0 0.447656 0.715625 0.021508 0.03051
0 0.348438 0.715625 0.018816 0.028149
0 0.854688 0.7375 0.033632 0.039663
0 0.439063 0.745833 0.041125 0.046446
0 0.514844 0.75 0.035723 0.044977
0 0.091406 0.757292 0.029304 0.036612
0 0.552344 0.757292 0.021701 0.028014
0 0.219531 0.7625 0.021131 0.02449
0 0.432812 0.770833 0.018052 0.026078
0 0.29375 0.775 0.018773 0.023107
0 0.370312 0.786458 0.026488 0.036993
0 0.225781 0.792708 0.026757 0.035038
0 0.466406 0.790625 0.021479 0.027243
0 0.689844 0.79375 0.027349 0.034246
0 0.405469 0.802083 0.021542 0.027554
0 0.870313 0.810417 0.026275 0.033933
0 0.278125 0.821875 0.028038 0.036198
0 0.769531 0.820833 0.020697 0.026524
0 0.025781 0.832292 0.022729 0.02728
0 0.758594 0.858333 0.044668 0.060772
0 0.669531 0.855208 0.029916 0.040304
0 0.934375 0.85625 0.026709 0.037161
0 0.440625 0.863542 0.026297 0.034785
0 0.082031 0.864583 0.019556 0.027142
0 0.550781 0.86875 0.025905 0.033963
0 0.980469 0.866667 0.021648 0.029332
0 0.236719 0.889583 0.027349 0.034246
0 0.940625 0.891667 0.021648 0.029332
0 0.552344 0.922917 0.023906 0.033448
0 0.367188 0.938542 0.034217 0.039603
0 0.894531 0.948958 0.024416 0.036121
0 0.552344 0.952083 0.027491 0.033647
0 0.091406 0.9625 0.026048 0.031808
0 0.603125 0.969792 0.035714 0.042876
0 0.542188 0.96875 0.023232 0.0323
0 0.195312 0.972917 0.022393 0.030491