0 0.3 0.008002 0.019574 0.016005
0 0.10625 0.046875 0.019574 0.023676
0 0.655469 0.057292 0.018161 0.023679
0 0.771094 0.059375 0.018331 0.025253
0 0.689063 0.072917 0.020479 0.026286
0 0.361719 0.102083 0.018048 0.02325
0 0.704688 0.158333 0.019534 0.022292
0 0.539062 0.192708 0.021105 0.028403
0 0.507812 0.195833 0.018939 0.024442
0 0.983594 0.20625 0.021542 0.027554
0 0.758594 0.235417 0.02143 0.027648
0 0.805469 0.236458 0.021131 0.02449
0 0.201563 0.2625 0.019531 0.027421
0 0.233594 0.2875 0.021095 0.022299
0 0.85 0.31875 0.018773 0.023107
0 0.974219 0.329167 0.02143 0.027648
0 0.785156 0.346875 0.02426 0.027326
0 0.910156 0.364583 0.017982 0.022269
0 0.232813 0.372917 0.022861 0.027439
0 0.601562 0.378125 0.023319 0.029672
0 0.4625 0.391667 0.018756 0.022285
0 0.710938 0.396875 0.023161 0.029971
0 0.375781 0.409375 0.021104 0.024098
0 0.784375 0.436458 0.019909 0.025929
0 0.1375 0.482292 0.02101 0.028935
0 0.085156 0.515625 0.018827 0.023629
0 0.686719 0.527083 0.021946 0.026299
0 0.426563 0.538542 0.020479 0.026286
0 0.823438 0.542708 0.019592 0.025156
0 0.163281 0.542708 0.019633 0.024542
0 0.685156 0.548958 0.018008 0.02309
0 0.848437 0.579167 0.019543 0.023126
0 0.949219 0.59375 0.018773 0.023107
0 0.341406 0.607292 0.020517 0.029536
0 0.421094 0.735417 0.021362 0.02664
0 0.253125 0.740625 0.021131 0.02449
0 0.303125 0.753125 0.019792 0.025321
0 0.567969 0.767708 0.019792 0.025321
0 0.264062 0.786458 0.022731 0.029504
0 0.388281 0.803125 0.018876 0.02557
0 0.132031 0.871875 0.01882 0.024173
0 0.45625 0.903125 0.019768 0.025593
0 0.357031 0.957292 0.023103 0.02886
0 0.820312 0.967708 0.019925 0.025905