0 0.305469 0.010595 0.018827 0.021189
0 0.067187 0.011458 0.018756 0.022285
0 0.372656 0.027083 0.019909 0.025929
0 0.332813 0.086458 0.024982 0.033615
0 0.948438 0.152083 0.020058 0.027568
0 0.502344 0.178125 0.024383 0.028296
0 0.645312 0.18125 0.023097 0.028871
0 0.471094 0.205208 0.021362 0.02664
0 0.792188 0.205208 0.018048 0.02325
0 0.005865 0.219792 0.01173 0.023107
0 0.171875 0.321875 0.022815 0.027608
0 0.127344 0.336458 0.023319 0.029672
0 0.086719 0.360417 0.022996 0.028271
0 0.59375 0.363542 0.019733 0.025046
0 0.107031 0.392708 0.02486 0.031
0 0.765625 0.43125 0.019909 0.025929
0 0.317188 0.464583 0.019627 0.024405
0 0.239063 0.496875 0.023878 0.029636
0 0.132031 0.50625 0.024223 0.025111
0 0.539844 0.509375 0.023432 0.030501
0 0.114062 0.509375 0.02588 0.029593
0 0.341406 0.509375 0.019531 0.027421
0 0.236719 0.514583 0.018827 0.023629
0 0.078125 0.520833 0.021362 0.02664
0 0.377344 0.532292 0.022067 0.026726
0 0.25 0.535417 0.019638 0.024534
0 0.734375 0.541667 0.018354 0.025228
0 0.375 0.601042 0.021323 0.026425
0 0.314844 0.642708 0.023715 0.033958
0 0.257031 0.660417 0.020479 0.026286
0 0.457813 0.69375 0.019925 0.025905
0 0.158594 0.696875 0.018756 0.022285
0 0.5625 0.696875 0.021923 0.025492
0 0.254688 0.708333 0.019693 0.024852
0 0.205469 0.717708 0.020328 0.024087
0 0.457813 0.719792 0.019909 0.025929
0 0.013281 0.782292 0.023103 0.02886
0 0.225781 0.788542 0.019792 0.025321
0 0.285938 0.794792 0.019574 0.023676
0 0.265625 0.801042 0.019531 0.022917
0 0.370312 0.803125 0.028044 0.034063
0 0.46875 0.803125 0.018331 0.025253
0 0.236719 0.842708 0.024878 0.035954
0 0.948438 0.842708 0.021999 0.028864
0 0.607031 0.854167 0.031425 0.037004
0 0.397656 0.928125 0.019792 0.025321
0 0.196094 0.958333 0.022788 0.029292
0 0.629687 0.988163 0.024341 0.023673