0 0.647656 0.009852 0.02018 0.019704
0 0.629687 0.012719 0.025047 0.025438
0 0.033594 0.014583 0.020566 0.026042
0 0.314844 0.035417 0.026608 0.034667
0 0.232031 0.065625 0.0201 0.026364
0 0.647656 0.06875 0.021999 0.028864
0 0.09375 0.071875 0.021946 0.026299
0 0.410938 0.071875 0.019531 0.026042
0 0.989062 0.080208 0.020046 0.026244
0 0.635938 0.089583 0.021999 0.028864
0 0.0625 0.089583 0.019531 0.027421
0 0.160938 0.110417 0.021239 0.025868
0 0.498437 0.119792 0.025273 0.030852
0 0.514062 0.126042 0.017317 0.024011
0 0.083594 0.145833 0.023447 0.026119
0 0.427344 0.189583 0.018876 0.02557
0 0.177344 0.197917 0.021247 0.027272
0 0.764062 0.207292 0.017759 0.024215
0 0.923438 0.228125 0.019638 0.024534
0 0.063281 0.236458 0.020479 0.026286
0 0.985156 0.26875 0.018773 0.023107
0 0.958594 0.326042 0.024623 0.030229
0 0.238281 0.33125 0.019574 0.023676
0 0.880469 0.332292 0.017438 0.024063
0 0.607812 0.338542 0.019925 0.025905
0 0.012935 0.345833 0.02587 0.032876
0 0.64375 0.342708 0.018561 0.025359
0 0.598437 0.345833 0.016702 0.023976
0 0.2125 0.361458 0.023607 0.028741
0 0.713281 0.379167 0.025905 0.033963
0 0.792188 0.401042 0.017438 0.024063
0 0.385937 0.422917 0.026273 0.033081
0 0.88125 0.421875 0.020676 0.026744
0 0.41875 0.428125 0.023026 0.028919
0 0.734375 0.440625 0.021247 0.027272
0 0.047656 0.44375 0.0223 0.028345
0 0.403125 0.458333 0.026048 0.031808
0 0.479687 0.457292 0.020537 0.027934
0 0.475781 0.457292 0.016714 0.025008
0 0.905469 0.485417 0.028215 0.035868
0 0.946094 0.501042 0.019638 0.024534
0 0.607812 0.50625 0.019531 0.027421
0 0.358594 0.508333 0.023521 0.026804
0 0.68125 0.533333 0.026041 0.030394
0 0.011719 0.55 0.020416 0.025301
0 0.341406 0.552083 0.018773 0.023107
0 0.098437 0.565625 0.019574 0.023676
0 0.474219 0.602083 0.019638 0.024534
0 0.026562 0.607292 0.017438 0.024063
0 0.401562 0.625 0.031516 0.037146
0 0.499219 0.648958 0.021038 0.029672
0 0.152344 0.657292 0.021243 0.027194
0 0.195312 0.678125 0.018939 0.024442
0 0.23125 0.68125 0.017438 0.024063
0 0.780469 0.69375 0.021701 0.028014
0 0.249219 0.705208 0.021302 0.02814
0 0.526563 0.707292 0.01902 0.024748
0 0.69375 0.709375 0.022111 0.027748
0 0.327344 0.720833 0.018561 0.025359
0 0.466406 0.723958 0.025071 0.030312
0 0.260156 0.729167 0.025335 0.030579
0 0.354687 0.74375 0.027678 0.033246
0 0.740625 0.761458 0.019573 0.024204
0 0.138281 0.777083 0.020866 0.030437
0 0.697656 0.815625 0.018442 0.024589
0 0.483594 0.828125 0.035377 0.04116
0 0.00885 0.823958 0.017701 0.026862
0 0.160938 0.853125 0.022111 0.027748
0 0.675 0.863542 0.021887 0.025097
0 0.707031 0.872917 0.024533 0.03271
0 0.6125 0.890625 0.020288 0.027694
0 0.789844 0.889583 0.019627 0.024405
0 0.567187 0.896875 0.019429 0.026567
0 0.190625 0.902083 0.020676 0.026744
0 0.25625 0.904167 0.018008 0.02309
0 0.646875 0.911458 0.02537 0.030289
0 0.304688 0.933333 0.024039 0.030661
0 0.110937 0.938542 0.020938 0.027401
0 0.232813 0.9375 0.021887 0.025097
0 0.203906 0.940625 0.021819 0.028356
0 0.139844 0.953125 0.019683 0.026728
0 0.432812 0.959375 0.020627 0.027503
0 0.301563 0.979167 0.022918 0.028188
0 0.153125 0.984017 0.025814 0.031967