0 0.982812 0.029167 0.023385 0.032449
0 0.678125 0.040625 0.023432 0.030501
0 0.84375 0.053125 0.020537 0.027934
0 0.785937 0.063542 0.027672 0.036151
0 0.952344 0.098958 0.02426 0.027326
0 0.884375 0.142708 0.019925 0.025905
0 0.3125 0.165625 0.029506 0.037314
0 0.710156 0.192708 0.021362 0.02664
0 0.121875 0.19375 0.019909 0.025929
0 0.366406 0.258333 0.018939 0.024442
0 0.271094 0.261458 0.021243 0.027194
0 0.617188 0.303125 0.027672 0.036151
0 0.092969 0.3125 0.025348 0.03196
0 0.603125 0.310417 0.019925 0.025905
0 0.3375 0.33125 0.028748 0.036349
0 0.336719 0.372917 0.022758 0.030751
0 0.217969 0.373958 0.021339 0.026862
0 0.849219 0.378125 0.021161 0.025349
0 0.953125 0.392708 0.021267 0.029091
0 0.723437 0.396875 0.023771 0.032677
0 0.957031 0.4 0.020341 0.025073
0 0.374219 0.434375 0.019638 0.024534
0 0.413281 0.44375 0.021648 0.029332
0 0.011526 0.447917 0.023051 0.028178
0 0.101562 0.451042 0.019925 0.025905
0 0.338281 0.471875 0.021479 0.027243
0 0.45 0.471875 0.022128 0.030307
0 0.153906 0.483333 0.022169 0.033669
0 0.054688 0.496875 0.026 0.030914
0 0.270313 0.515625 0.022707 0.026328
0 0.283594 0.517708 0.026663 0.030571
0 0.296875 0.5375 0.023223 0.035653
0 0.0625 0.564583 0.029061 0.031417
0 0.026562 0.570833 0.031205 0.040495
0 0.422656 0.582292 0.024897 0.032298
0 0.475781 0.583333 0.028038 0.036198
0 0.119531 0.586458 0.028378 0.036954
0 0.373437 0.608333 0.021978 0.027245
0 0.969531 0.614583 0.021314 0.02663
0 0.974219 0.639583 0.025161 0.033548
0 0.988576 0.66875 0.022847 0.034498
0 0.8 0.680208 0.023964 0.032621
0 0.339844 0.684375 0.025424 0.031337
0 0.500781 0.696875 0.026898 0.033194
0 0.600781 0.711458 0.030538 0.057479
0 0.065625 0.713542 0.022721 0.025884
0 0.720313 0.726042 0.023952 0.034149
0 0.667188 0.738542 0.025881 0.033405
0 0.086719 0.75 0.021727 0.028969
0 0.694531 0.777083 0.027373 0.029352
0 0.749219 0.779167 0.024496 0.029918
0 0.1875 0.857292 0.028371 0.034763
0 0.679688 0.857292 0.02393 0.031906
0 0.717969 0.870833 0.024326 0.027335
0 0.047656 0.933333 0.021542 0.027554
0 0.195312 0.952083 0.025826 0.029329
0 0.269531 0.96875 0.02542 0.030594