0 0.688281 0.057292 0.028038 0.036198
0 0.282031 0.101042 0.019638 0.024534
0 0.675 0.133333 0.019925 0.025905
0 0.18125 0.155208 0.026376 0.032785
0 0.670312 0.175 0.018161 0.023679
0 0.679688 0.194792 0.019574 0.023676
0 0.463281 0.198958 0.018048 0.02325
0 0.88125 0.286458 0.021701 0.028014
0 0.71875 0.319792 0.026124 0.031426
0 0.045312 0.330208 0.022937 0.028155
0 0.940625 0.371875 0.023878 0.029636
0 0.260937 0.413542 0.025543 0.032425
0 0.510938 0.415625 0.022186 0.028591
0 0.6625 0.414583 0.019909 0.025929
0 0.158594 0.573958 0.0223 0.028345
0 0.366406 0.577083 0.024897 0.032298
0 0.321094 0.7125 0.021999 0.028864
0 0.171875 0.740625 0.019558 0.02407
0 0.369531 0.759375 0.02957 0.040471
0 0.021875 0.777083 0.020058 0.027568
0 0.007876 0.801042 0.015752 0.026042
0 0.489063 0.827083 0.022781 0.032106
0 0.326562 0.876042 0.022828 0.027821
0 0.466406 0.911458 0.021819 0.028356
0 0.935937 0.93125 0.017438 0.024063
0 0.822656 0.964583 0.020866 0.030437
0 0.152344 0.98125 0.024436 0.029089