0 0.953125 0.010181 0.022128 0.020362
0 0.658594 0.147917 0.022006 0.030167
0 0.092188 0.247917 0.023878 0.029636
0 0.486719 0.305208 0.042371 0.068317
0 0.015625 0.308333 0.024736 0.034375
0 0.711719 0.405208 0.021239 0.025868
0 0.425781 0.441667 0.027056 0.034291
0 0.351562 0.479167 0.026933 0.037088
0 0.599219 0.55625 0.021239 0.025868
0 0.121094 0.6125 0.018008 0.02309
0 0.523438 0.680208 0.023556 0.02766
0 0.785156 0.703125 0.018442 0.024589
0 0.45625 0.720833 0.020058 0.027568
0 0.796094 0.765625 0.021362 0.02664
0 0.122656 0.892708 0.018331 0.025253