0 0.657813 0.035417 0.023227 0.029506
0 0.716406 0.048958 0.026064 0.033611
0 0.298438 0.058333 0.018773 0.023107
0 0.398438 0.069792 0.020566 0.026042
0 0.940625 0.076042 0.023161 0.029971
0 0.516406 0.2375 0.032144 0.034922
0 0.078125 0.246875 0.026657 0.03595
0 0.523438 0.258333 0.020328 0.024087
0 0.386719 0.297917 0.020328 0.024087
0 0.115625 0.360417 0.025938 0.031646
0 0.647656 0.428125 0.027588 0.038618
0 0.791406 0.436458 0.019574 0.023676
0 0.535937 0.447917 0.027468 0.034971
0 0.608594 0.491667 0.027816 0.035248
0 0.267188 0.494792 0.023293 0.029834
0 0.282031 0.501042 0.021339 0.026862
0 0.378906 0.509375 0.024733 0.030499
0 0.569531 0.523958 0.025058 0.034018
0 0.31875 0.65 0.028938 0.031386
0 0.820312 0.704167 0.018756 0.022285
0 0.9625 0.720833 0.022945 0.029561
0 0.724219 0.775 0.017759 0.024215
0 0.685156 0.830208 0.018827 0.023629
0 0.615625 0.853125 0.032191 0.05373
0 0.546875 0.864583 0.019909 0.025929
0 0.982812 0.88125 0.029653 0.046658
0 0.698438 0.984226 0.02936 0.031548