0 0.203125 0.05 0.018756 0.022285
0 0.503906 0.063542 0.019638 0.024534
0 0.442969 0.086458 0.021479 0.027243
0 0.305469 0.117708 0.026273 0.033081
0 0.733594 0.126042 0.020566 0.026042
0 0.975781 0.141667 0.024623 0.030229
0 0.320312 0.18125 0.019531 0.027421
0 0.248438 0.2 0.021894 0.026105
0 0.449219 0.209375 0.024436 0.029089
0 0.916406 0.225 0.021701 0.028014
0 0.152344 0.241667 0.0288 0.036755
0 0.982031 0.276042 0.021819 0.028356
0 0.659375 0.304167 0.02486 0.031
0 0.478125 0.314583 0.022828 0.027821
0 0.234375 0.328125 0.018561 0.025359
0 0.903906 0.330208 0.021618 0.02791
0 0.910937 0.342708 0.019574 0.023676
0 0.154688 0.365625 0.025348 0.03196
0 0.63125 0.383333 0.019733 0.025046
0 0.796094 0.384375 0.022766 0.03074
0 0.233594 0.391667 0.024291 0.029293
0 0.59375 0.391667 0.020537 0.027934
0 0.535937 0.416667 0.019693 0.028264
0 0.75625 0.425 0.023476 0.030208
0 0.089844 0.429167 0.024496 0.029918
0 0.991975 0.429167 0.016049 0.025349
0 0.252344 0.430208 0.018939 0.024442
0 0.877344 0.482292 0.021161 0.025349
0 0.053906 0.492708 0.020566 0.026042
0 0.589063 0.511458 0.020134 0.027719
0 0.469531 0.539583 0.020328 0.024087
0 0.772656 0.576042 0.021479 0.027243
0 0.478906 0.595833 0.021989 0.028877
0 0.760156 0.598958 0.026195 0.032242
0 0.1375 0.626042 0.018561 0.025359
0 0.7 0.628125 0.020134 0.027719
0 0.749219 0.682292 0.021038 0.029672
0 0.310937 0.708333 0.023103 0.02886
0 0.424219 0.713542 0.021804 0.02852
0 0.783594 0.764583 0.020328 0.024087
0 0.158594 0.78125 0.023821 0.030088
0 0.21875 0.814583 0.025219 0.029986
0 0.441406 0.857292 0.021989 0.028877
0 0.221094 0.865625 0.021339 0.026862
0 0.251563 0.876042 0.0197 0.025227
0 0.991766 0.88125 0.016468 0.028864
0 0.435156 0.9 0.018939 0.024442
0 0.939063 0.904167 0.020676 0.026744
0 0.182031 0.917708 0.024679 0.030191
0 0.663281 0.928125 0.018691 0.025445