0 0.7375 0.013221 0.026281 0.026442
0 0.74375 0.041667 0.020811 0.029482
0 0.377344 0.053125 0.021761 0.031624
0 0.173437 0.054167 0.022254 0.02805
0 0.275781 0.05625 0.022776 0.032111
0 0.882031 0.061458 0.026313 0.038008
0 0.751563 0.0625 0.019909 0.025929
0 0.911719 0.072917 0.031952 0.046375
0 0.961719 0.065625 0.025129 0.029733
0 0.682031 0.067708 0.021259 0.028345
0 0.876563 0.076042 0.026901 0.032323
0 0.951562 0.090625 0.020676 0.026744
0 0.280469 0.117708 0.021645 0.030804
0 0.496875 0.123958 0.030016 0.034562
0 0.834375 0.132292 0.02393 0.031906
0 0.396094 0.146875 0.021701 0.028014
0 0.407031 0.148958 0.019178 0.025168
0 0.633594 0.152083 0.017438 0.024063
0 0.827344 0.163542 0.041524 0.043175
0 0.528125 0.164583 0.023234 0.02937
0 0.455469 0.170833 0.028131 0.038808
0 0.332031 0.180208 0.023511 0.028281
0 0.488281 0.1875 0.026593 0.033416
0 0.566406 0.184375 0.01902 0.024748
0 0.539844 0.204167 0.023476 0.030208
0 0.509375 0.2125 0.023452 0.03577
0 0.373437 0.217708 0.021479 0.027243
0 0.81875 0.221875 0.023161 0.029971
0 0.422656 0.223958 0.021119 0.029767
0 0.838281 0.24375 0.023671 0.034999
0 0.486719 0.248958 0.022226 0.031538
0 0.717187 0.258333 0.018331 0.025253
0 0.363281 0.284375 0.02143 0.027648
0 0.438281 0.284375 0.020566 0.026042
0 0.569531 0.285417 0.021161 0.025349
0 0.483594 0.289583 0.02743 0.02908
0 0.530469 0.304167 0.024496 0.029918
0 0.145313 0.316667 0.023718 0.029015
0 0.576562 0.316667 0.023556 0.02766
0 0.315625 0.33125 0.023503 0.033898
0 0.582031 0.328125 0.021796 0.02989
0 0.466406 0.344792 0.018161 0.023679
0 0.357031 0.354167 0.023796 0.029832
0 0.311719 0.352083 0.022883 0.028677
0 0.510938 0.372917 0.024476 0.034441
0 0.222656 0.413542 0.025273 0.030852
0 0.791406 0.419792 0.029061 0.031417
0 0.361719 0.426042 0.025345 0.030561
0 0.438281 0.435417 0.029014 0.040468
0 0.392969 0.433333 0.021819 0.028356
0 0.159375 0.45 0.030016 0.034562
0 0.472656 0.45 0.021105 0.028403
0 0.369531 0.458333 0.020736 0.028573
0 0.394531 0.471875 0.023227 0.029506
0 0.190625 0.478125 0.023565 0.027875
0 0.057813 0.485417 0.020416 0.025301
0 0.238281 0.5 0.019574 0.023676
0 0.334375 0.516667 0.046397 0.056228
0 0.454688 0.515625 0.023462 0.02919
0 0.300781 0.529167 0.029142 0.033362
0 0.399219 0.526042 0.020697 0.026524
0 0.616406 0.535417 0.020441 0.025129
0 0.563281 0.538542 0.020314 0.022296
0 0.470313 0.540625 0.01894 0.025253
0 0.278906 0.547917 0.025348 0.03196
0 0.497656 0.554167 0.018442 0.024589
0 0.199219 0.561458 0.023948 0.029945
0 0.505469 0.567708 0.025997 0.038442
0 0.764844 0.572917 0.025348 0.03196
0 0.958594 0.570833 0.018331 0.025253
0 0.214844 0.572917 0.022325 0.028159
0 0.607812 0.576042 0.023557 0.030821
0 0.817969 0.576042 0.020566 0.026042
0 0.353125 0.580208 0.023661 0.032628
0 0.501563 0.594792 0.023245 0.030258
0 0.769531 0.594792 0.021479 0.027243
0 0.828125 0.598958 0.020566 0.026042
0 0.909375 0.60625 0.024335 0.037813
0 0.195312 0.608333 0.024635 0.033885
0 0.792969 0.604167 0.020328 0.024087
0 0.929688 0.610417 0.020231 0.026656
0 0.867188 0.617708 0.021894 0.026105
0 0.178125 0.626042 0.023607 0.028741
0 0.216406 0.634375 0.024039 0.030661
0 0.964063 0.641667 0.023293 0.029834
0 0.75 0.673958 0.023476 0.030208
0 0.90625 0.684375 0.02018 0.036493
0 0.167969 0.688542 0.032069 0.036561
0 0.524219 0.689583 0.021243 0.027194
0 0.960938 0.704167 0.023786 0.032659
0 0.308594 0.704167 0.02095 0.027383
0 0.579688 0.709375 0.023597 0.02855
0 0.739062 0.708333 0.01882 0.024173
0 0.358594 0.709375 0.018008 0.02309
0 0.41875 0.715625 0.019792 0.025321
0 0.977344 0.728125 0.021618 0.02791
0 0.921875 0.732292 0.022781 0.032106
0 0.821875 0.742708 0.019733 0.025046
0 0.427344 0.770833 0.023511 0.028281
0 0.2875 0.78125 0.021701 0.028014
0 0.877344 0.78125 0.019543 0.023126
0 0.336719 0.785417 0.021788 0.030078
0 0.649219 0.788542 0.025129 0.029733
0 0.382031 0.789583 0.022937 0.028155
0 0.532813 0.796875 0.019683 0.026728
0 0.830469 0.802083 0.030634 0.033242
0 0.666406 0.801042 0.026569 0.028181
0 0.376563 0.816667 0.021689 0.030701
0 0.394531 0.81875 0.024588 0.035168
0 0.507812 0.817708 0.023778 0.030992
0 0.984375 0.83125 0.022937 0.028155
0 0.897656 0.832292 0.018161 0.023679
0 0.421094 0.8375 0.024224 0.033196
0 0.926562 0.845833 0.023476 0.030208
0 0.403125 0.864583 0.02197 0.032388
0 0.835156 0.871875 0.019638 0.024534
0 0.482031 0.915625 0.018561 0.025359
0 0.321094 0.919792 0.02095 0.027383
0 0.878906 0.919792 0.020566 0.026042
0 0.169531 0.935417 0.02365 0.028234
0 0.609375 0.95 0.023461 0.030231
0 0.230469 0.951042 0.021701 0.028014
0 0.615625 0.963542 0.023319 0.029672
0 0.846094 0.971875 0.025343 0.032814
0 0.325781 0.973958 0.021989 0.028877
0 0.803125 0.977083 0.019893 0.027596