0 0.092969 0.018401 0.038144 0.036803
0 0.420312 0.010618 0.023161 0.021236
0 0.713281 0.01392 0.028247 0.02784
0 0.885938 0.023958 0.019543 0.023126
0 0.046875 0.044792 0.022729 0.02728
0 0.153125 0.055208 0.028651 0.034173
0 0.036719 0.080208 0.018008 0.02309
0 0.213281 0.086458 0.020676 0.026744
0 0.220312 0.121875 0.021727 0.028969
0 0.972656 0.123958 0.021393 0.027703
0 0.6375 0.136458 0.021949 0.026392
0 0.115625 0.163542 0.02143 0.027648
0 0.035937 0.184375 0.019792 0.025321
0 0.98125 0.189583 0.01971 0.025332
0 0.914844 0.202083 0.024707 0.033327
0 0.152344 0.209375 0.021479 0.027243
0 0.183594 0.220833 0.019119 0.025492
0 0.038281 0.222917 0.019925 0.025905
0 0.514062 0.226042 0.023438 0.03125
0 0.159375 0.230208 0.020328 0.024087
0 0.184375 0.248958 0.023432 0.030501
0 0.678906 0.25 0.018561 0.025359
0 0.504687 0.25625 0.020416 0.025301
0 0.557031 0.265625 0.021542 0.027554
0 0.122656 0.265625 0.019792 0.025321
0 0.625 0.270833 0.026665 0.036981
0 0.442969 0.269792 0.023607 0.028741
0 0.260156 0.272917 0.021648 0.029332
0 0.314844 0.283333 0.025424 0.031337
0 0.066406 0.283333 0.021999 0.028864
0 0.610156 0.301042 0.019627 0.024405
0 0.832812 0.309375 0.019429 0.026567
0 0.58125 0.316667 0.023293 0.029834
0 0.56875 0.322917 0.019909 0.025929
0 0.455469 0.338542 0.022393 0.030491
0 0.59375 0.346875 0.020676 0.026744
0 0.789062 0.352083 0.021978 0.027245
0 0.95625 0.353125 0.019733 0.025046
0 0.682813 0.361458 0.020676 0.026744
0 0.889062 0.370833 0.020801 0.028133
0 0.746875 0.373958 0.019925 0.025905
0 0.620313 0.389583 0.019792 0.025321
0 0.913281 0.401042 0.022242 0.030281
0 0.507031 0.410417 0.018876 0.02557
0 0.200781 0.433333 0.025424 0.031337
0 0.55625 0.434375 0.019909 0.025929
0 0.757031 0.460417 0.021542 0.027554
0 0.025 0.470833 0.022883 0.028677
0 0.09375 0.473958 0.020046 0.026244
0 0.413281 0.479167 0.018939 0.024442
0 0.5875 0.488542 0.029435 0.036442
0 0.346875 0.494792 0.022152 0.027355
0 0.292969 0.511458 0.019574 0.023676
0 0.753125 0.515625 0.022815 0.027608
0 0.25 0.515625 0.019909 0.025929
0 0.053906 0.521875 0.021946 0.026299
0 0.189844 0.521875 0.02198 0.027324
0 0.296094 0.521875 0.022768 0.026762
0 0.460156 0.546875 0.02563 0.031709
0 0.029687 0.545833 0.018773 0.023107
0 0.139844 0.570833 0.018876 0.02557
0 0.532813 0.575 0.018756 0.022285
0 0.653906 0.576042 0.01882 0.024173
0 0.040625 0.585417 0.025697 0.036623
0 0.365625 0.589583 0.020371 0.024457
0 0.740625 0.6 0.018773 0.023107
0 0.788281 0.623958 0.021314 0.02663
0 0.213281 0.636458 0.021701 0.028014
0 0.264062 0.6375 0.023293 0.029834
0 0.607812 0.635417 0.020537 0.027934
0 0.961719 0.653125 0.022027 0.030978
0 0.160938 0.657292 0.026923 0.0371
0 0.129688 0.670833 0.027666 0.040774
0 0.395313 0.669792 0.022937 0.028155
0 0.01094 0.682292 0.021881 0.025097
0 0.280469 0.686458 0.021122 0.026093
0 0.725 0.685417 0.019574 0.023676
0 0.661719 0.69375 0.021259 0.028345
0 0.135156 0.704167 0.021161 0.025349
0 0.903125 0.713542 0.023319 0.029672
0 0.628125 0.719792 0.019733 0.025046
0 0.194531 0.728125 0.018939 0.024442
0 0.680469 0.758333 0.02464 0.031651
0 0.3125 0.769792 0.019627 0.024405
0 0.221875 0.782292 0.024377 0.029518
0 0.803906 0.791667 0.021999 0.028864
0 0.688281 0.813542 0.019638 0.024534
0 0.85 0.832292 0.023964 0.032621
0 0.740625 0.838542 0.019574 0.023676
0 0.067969 0.857292 0.021804 0.02852
0 0.672656 0.873958 0.021339 0.026862
0 0.338281 0.901042 0.021479 0.027243
0 0.478906 0.905208 0.01882 0.024173
0 0.779687 0.910417 0.023778 0.030992
0 0.096094 0.928125 0.021999 0.028864
0 0.373437 0.928125 0.02306 0.029195
0 0.632812 0.926042 0.019909 0.025929
0 0.179688 0.933333 0.021239 0.025868
0 0.130469 0.933333 0.017759 0.024215
0 0.038281 0.944792 0.023232 0.0323
0 0.254688 0.947917 0.020938 0.027401
0 0.342969 0.95625 0.021701 0.028014
0 0.900781 0.969792 0.018773 0.023107
0 0.678906 0.987182 0.021819 0.025636
0 0.8125 0.989393 0.019574 0.021213