0 0.503125 0.026042 0.026279 0.035676
0 0.894531 0.048958 0.021645 0.030804
0 0.971094 0.070833 0.025042 0.032134
0 0.602344 0.098958 0.025086 0.031874
0 0.595313 0.120833 0.022996 0.028271
0 0.31875 0.192708 0.019543 0.023126
0 0.889062 0.197917 0.023232 0.0323
0 0.660937 0.26875 0.019683 0.026728
0 0.289844 0.310417 0.028387 0.035348
0 0.707812 0.35625 0.019638 0.024534
0 0.878125 0.366667 0.023097 0.028871
0 0.1625 0.384375 0.025816 0.038103
0 0.986719 0.429167 0.021239 0.025868
0 0.564844 0.433333 0.021667 0.027913
0 0.690625 0.471875 0.023592 0.030549
0 0.811719 0.502083 0.018048 0.02325
0 0.716406 0.522917 0.027854 0.033377
0 0.480469 0.535417 0.026028 0.039718
0 0.591406 0.530208 0.023444 0.025108
0 0.398438 0.555208 0.023293 0.029834
0 0.209375 0.572917 0.022937 0.028155
0 0.470313 0.591667 0.018773 0.023107
0 0.23125 0.608333 0.019558 0.02407
0 0.457813 0.639583 0.0197 0.025227
0 0.707812 0.659375 0.027758 0.032283
0 0.463281 0.680208 0.024383 0.028296
0 0.455469 0.719792 0.021727 0.028969
0 0.6375 0.757292 0.01902 0.024748
0 0.967969 0.821875 0.017835 0.025128
0 0.409375 0.89375 0.019762 0.028269
0 0.714063 0.923958 0.019178 0.025168
0 0.414844 0.940625 0.018008 0.02309
0 0.508594 0.963542 0.018442 0.024589
0 0.584375 0.984375 0.019909 0.025929