0 0.540625 0.021875 0.022111 0.027748
0 0.374219 0.085417 0.025211 0.033309
0 0.275 0.084375 0.018939 0.024442
0 0.915625 0.13125 0.019792 0.025321
0 0.79375 0.155208 0.023592 0.030549
0 0.305469 0.190625 0.028106 0.035108
0 0.477344 0.223958 0.018756 0.022285
0 0.88125 0.273958 0.026346 0.032832
0 0.771875 0.316667 0.023232 0.0323
0 0.353125 0.379167 0.023778 0.030992
0 0.554688 0.45 0.025162 0.036319
0 0.294531 0.511458 0.024863 0.037178
0 0.985938 0.561458 0.026192 0.042858
0 0.7625 0.561458 0.025047 0.032127
0 0.551562 0.582292 0.019909 0.025929
0 0.421875 0.611458 0.020566 0.026042
0 0.629687 0.630208 0.027816 0.035248
0 0.514844 0.696875 0.021819 0.028356
0 0.317969 0.885417 0.023319 0.029672
0 0.729688 0.928125 0.019992 0.026974
0 0.635938 0.967708 0.02443 0.036107