0 0.821875 0.013465 0.023103 0.02693
0 0.721875 0.036458 0.023293 0.029834
0 0.357812 0.045833 0.02397 0.033798
0 0.785937 0.060417 0.018773 0.023107
0 0.5125 0.094792 0.023456 0.028163
0 0.529687 0.092708 0.018939 0.024442
0 0.930469 0.098958 0.021198 0.026257
0 0.323437 0.098958 0.019627 0.024405
0 0.644531 0.10625 0.020566 0.026042
0 0.378125 0.122917 0.020341 0.025073
0 0.51875 0.129167 0.021887 0.025097
0 0.1875 0.140625 0.026089 0.035063
0 0.569531 0.14375 0.022929 0.030009
0 0.322656 0.153125 0.026893 0.038633
0 0.485938 0.154167 0.021902 0.027122
0 0.822656 0.15625 0.021915 0.02956
0 0.228125 0.178125 0.019733 0.025046
0 0.192969 0.1875 0.026848 0.034118
0 0.505469 0.2 0.019638 0.024534
0 0.311719 0.221875 0.0223 0.028345
0 0.16875 0.233333 0.023718 0.029015
0 0.070312 0.242708 0.026011 0.035464
0 0.163281 0.259375 0.026637 0.037182
0 0.284375 0.260417 0.021267 0.029091
0 0.7875 0.265625 0.019574 0.023676
0 0.395313 0.26875 0.025273 0.030852
0 0.247656 0.275 0.020529 0.025786
0 0.789062 0.2875 0.019574 0.023676
0 0.521875 0.322917 0.018331 0.025253
0 0.26875 0.329167 0.024084 0.035848
0 0.847656 0.327083 0.022017 0.028277
0 0.382031 0.334375 0.025781 0.032981
0 0.257812 0.353125 0.021202 0.026349
0 0.534375 0.359375 0.023541 0.034468
0 0.15 0.361458 0.018939 0.024442
0 0.704688 0.363542 0.022613 0.03015
0 0.289062 0.375 0.028186 0.036371
0 0.192188 0.38125 0.018124 0.023544
0 0.786719 0.388542 0.020341 0.025073
0 0.932031 0.396875 0.021542 0.027554
0 0.401562 0.397917 0.022828 0.027821
0 0.877344 0.404167 0.021239 0.025868
0 0.017188 0.407292 0.025056 0.029313
0 0.884375 0.411458 0.019992 0.026974
0 0.198437 0.420833 0.026592 0.03782
0 0.966406 0.419792 0.024928 0.036255
0 0.380469 0.439583 0.018876 0.02557
0 0.948438 0.441667 0.021796 0.030069
0 0.990387 0.447917 0.019226 0.027821
0 0.991729 0.486458 0.016541 0.024748
0 0.067969 0.504167 0.029772 0.036357
0 0.307031 0.514583 0.018773 0.023107
0 0.529687 0.516667 0.019909 0.025929
0 0.748437 0.526042 0.019558 0.02407
0 0.682031 0.538542 0.018756 0.022285
0 0.316406 0.552083 0.020341 0.025073
0 0.204687 0.559375 0.030967 0.038367
0 0.978125 0.571875 0.019909 0.025929
0 0.304688 0.579167 0.019638 0.024534
0 0.778906 0.580208 0.021362 0.02664
0 0.440625 0.595833 0.03265 0.040546
0 0.898438 0.591667 0.0201 0.026364
0 0.497656 0.621875 0.021819 0.028356
0 0.279687 0.635417 0.020422 0.025409
0 0.110156 0.646875 0.023565 0.027875
0 0.832812 0.648958 0.018939 0.024442
0 0.49375 0.658333 0.0201 0.026364
0 0.292187 0.663542 0.021243 0.027194
0 0.738281 0.663542 0.018051 0.025047
0 0.196094 0.680208 0.02834 0.035716
0 0.019531 0.68125 0.023607 0.028741
0 0.303906 0.727083 0.025161 0.030661
0 0.339844 0.763542 0.021339 0.026862
0 0.666406 0.76875 0.018991 0.026389
0 0.497656 0.773958 0.021339 0.026862
0 0.240625 0.789583 0.026779 0.031865
0 0.14375 0.797917 0.025008 0.027148
0 0.541406 0.816667 0.027444 0.031564
0 0.124219 0.819792 0.019574 0.023676
0 0.532031 0.828125 0.021161 0.025349
0 0.909375 0.830208 0.020046 0.026244
0 0.39375 0.85625 0.019925 0.025905
0 0.596875 0.88125 0.019733 0.025046
0 0.260156 0.902083 0.019909 0.025929
0 0.009714 0.9125 0.019427 0.027913
0 0.597656 0.938542 0.025208 0.034751
0 0.450781 0.955208 0.021796 0.030069
0 0.300781 0.972917 0.020566 0.026042
0 0.753125 0.979167 0.020801 0.028133
0 0.155469 0.985267 0.021119 0.029467