0 0.323437 0.013542 0.01971 0.025332
0 0.533594 0.020833 0.021935 0.025224
0 0.511719 0.0375 0.020371 0.024457
0 0.575781 0.067708 0.021362 0.02664
0 0.146875 0.077083 0.021122 0.026093
0 0.505469 0.079167 0.021339 0.026862
0 0.135937 0.108333 0.023533 0.029266
0 0.3 0.125 0.025953 0.032857
0 0.058594 0.134375 0.024632 0.033338
0 0.721094 0.136458 0.018773 0.023107
0 0.278906 0.144792 0.025511 0.032143
0 0.546875 0.141667 0.0201 0.026364
0 0.33125 0.145833 0.023583 0.030562
0 0.354687 0.148958 0.022128 0.030307
0 0.541406 0.155208 0.018756 0.022285
0 0.041406 0.190625 0.02203 0.026707
0 0.307812 0.197917 0.018756 0.022285
0 0.597656 0.2 0.019627 0.024405
0 0.014844 0.209375 0.024837 0.032478
0 0.650781 0.207292 0.018773 0.023107
0 0.202344 0.215625 0.030642 0.035839
0 0.446094 0.216667 0.02168 0.028193
0 0.701562 0.219792 0.020566 0.026042
0 0.347656 0.238542 0.028835 0.042958
0 0.199219 0.234375 0.020676 0.026744
0 0.059375 0.239583 0.023964 0.032621
0 0.014063 0.241667 0.019445 0.029302
0 0.497656 0.24375 0.021618 0.02791
0 0.202344 0.251042 0.027142 0.034874
0 0.807031 0.257292 0.021479 0.027243
0 0.105469 0.264583 0.025348 0.03196
0 0.064844 0.26875 0.024652 0.030465
0 0.208594 0.26875 0.021314 0.02663
0 0.5 0.271875 0.019992 0.026974
0 0.300781 0.276042 0.024847 0.031127
0 0.953906 0.272917 0.021999 0.028864
0 0.266406 0.280208 0.021989 0.028877
0 0.278906 0.278125 0.018756 0.022285
0 0.413281 0.280208 0.020341 0.025073
0 0.070312 0.292708 0.022883 0.028677
0 0.125 0.295833 0.023232 0.0323
0 0.310937 0.297917 0.035286 0.034835
0 0.939063 0.323958 0.020328 0.024087
0 0.541406 0.330208 0.018999 0.02628
0 0.217969 0.345833 0.033648 0.030313
0 0.282031 0.354167 0.024011 0.034285
0 0.186719 0.360417 0.022464 0.028723
0 0.26875 0.3625 0.026105 0.0312
0 0.553906 0.365625 0.0211 0.027734
0 0.795312 0.376042 0.023227 0.029506
0 0.564063 0.382292 0.02288 0.032835
0 0.101562 0.396875 0.022731 0.029504
0 0.282031 0.420833 0.021819 0.028356
0 0.323437 0.435417 0.022911 0.031609
0 0.032031 0.453125 0.024467 0.034451
0 0.461719 0.464583 0.023511 0.028281
0 0.142969 0.470833 0.019574 0.023676
0 0.053906 0.484375 0.022254 0.02805
0 0.779687 0.483333 0.018773 0.023107
0 0.422656 0.533333 0.020328 0.024087
0 0.571875 0.54375 0.019792 0.025321
0 0.838281 0.544792 0.021479 0.027243
0 0.236719 0.582292 0.024897 0.032298
0 0.25 0.60625 0.023908 0.03091
0 0.365625 0.607292 0.019574 0.023676
0 0.059375 0.6125 0.01882 0.024173
0 0.380469 0.629167 0.024652 0.030465
0 0.226562 0.64375 0.018756 0.022285
0 0.069531 0.660417 0.021161 0.025349
0 0.258594 0.66875 0.021339 0.026862
0 0.516406 0.669792 0.021314 0.02663
0 0.26875 0.669792 0.01882 0.024173
0 0.3 0.672917 0.023432 0.030501
0 0.5875 0.68125 0.019733 0.025046
0 0.371094 0.6875 0.024348 0.028789
0 0.73125 0.698958 0.01971 0.025332
0 0.559375 0.709375 0.020627 0.027503
0 0.577344 0.728125 0.024483 0.035321
0 0.210156 0.739583 0.02537 0.032683
0 0.800781 0.738542 0.018161 0.023679
0 0.149219 0.741667 0.020288 0.027694
0 0.384375 0.744792 0.025161 0.030661
0 0.595313 0.74375 0.019909 0.025929
0 0.575781 0.748958 0.018773 0.023107
0 0.314844 0.784375 0.020341 0.025073
0 0.764844 0.8 0.018939 0.024442
0 0.242969 0.809375 0.021314 0.02663
0 0.328125 0.841667 0.023103 0.02886
0 0.854688 0.845833 0.020537 0.027934
0 0.966406 0.857292 0.021314 0.02663
0 0.724219 0.86875 0.018876 0.02557
0 0.370312 0.880208 0.026621 0.033198
0 0.68125 0.88125 0.022111 0.027748
0 0.407813 0.901042 0.022828 0.027821
0 0.267188 0.9 0.018773 0.023107
0 0.324219 0.905208 0.018773 0.023107
0 0.044531 0.909375 0.020566 0.026042
0 0.064062 0.930208 0.023319 0.029672
0 0.473438 0.942708 0.026593 0.033416
0 0.910156 0.958333 0.018876 0.02557
0 0.721875 0.9625 0.018008 0.02309
0 0.5875 0.983333 0.022128 0.030307
0 0.442969 0.986458 0.021239 0.025868
0 0.457031 0.985417 0.018008 0.02309