0 0.336719 0.019792 0.027678 0.033246
0 0.333594 0.045833 0.020058 0.027568
0 0.184375 0.064583 0.021362 0.02664
0 0.936719 0.084375 0.026643 0.033424
0 0.071094 0.086458 0.02479 0.031527
0 0.15 0.090625 0.019574 0.023676
0 0.673438 0.116667 0.027028 0.034532
0 0.028125 0.11875 0.026768 0.035024
0 0.848437 0.122917 0.026299 0.033348
0 0.646094 0.130208 0.025243 0.032454
0 0.574219 0.133333 0.025853 0.032508
0 0.795312 0.14375 0.022911 0.031609
0 0.817187 0.154167 0.021207 0.029356
0 0.33125 0.173958 0.019543 0.023126
0 0.591406 0.182292 0.020371 0.024457
0 0.466406 0.1875 0.018331 0.025253
0 0.152344 0.209375 0.028186 0.036371
0 0.598437 0.213542 0.023964 0.032621
0 0.125781 0.232292 0.026251 0.035002
0 0.578906 0.24375 0.020328 0.024087
0 0.213281 0.259375 0.036972 0.045863
0 0.021094 0.25625 0.025543 0.032425
0 0.83125 0.253125 0.019543 0.023126
0 0.333594 0.257292 0.018124 0.023544
0 0.419531 0.271875 0.026283 0.033839
0 0.274219 0.276042 0.031247 0.039903
0 0.714844 0.289583 0.022971 0.028458
0 0.689063 0.307292 0.019627 0.024405
0 0.516406 0.34375 0.021479 0.027243
0 0.829688 0.35625 0.018773 0.023107
0 0.2875 0.358333 0.019925 0.025905
0 0.446094 0.359375 0.019531 0.026042
0 0.689063 0.367708 0.021701 0.028014
0 0.735156 0.371875 0.02032 0.023137
0 0.114844 0.379167 0.019119 0.025492
0 0.441406 0.3875 0.03403 0.038232
0 0.367188 0.388542 0.02434 0.033657
0 0.317188 0.4625 0.031498 0.039933
0 0.638281 0.459375 0.027639 0.034712
0 0.108594 0.4625 0.028225 0.038322
0 0.922656 0.45625 0.018331 0.025253
0 0.421094 0.459375 0.018773 0.023107
0 0.359375 0.464583 0.025283 0.033934
0 0.486719 0.498958 0.03094 0.041737
0 0.9625 0.515625 0.021894 0.026105
0 0.482812 0.520833 0.022775 0.03754
0 0.547656 0.5375 0.031071 0.037922
0 0.479687 0.535417 0.018801 0.024039
0 0.763281 0.557292 0.021264 0.026134
0 0.26875 0.598958 0.026299 0.033348
0 0.203125 0.602083 0.030137 0.037693
0 0.671875 0.60625 0.020537 0.027934
0 0.642969 0.648958 0.02139 0.029072
0 0.292969 0.655208 0.018442 0.024589
0 0.741406 0.672917 0.029006 0.033575
0 0.771094 0.669792 0.025219 0.029986
0 0.313281 0.701042 0.017438 0.024063
0 0.642969 0.720833 0.028577 0.036218
0 0.522656 0.746875 0.02867 0.035498
0 0.6 0.7625 0.021726 0.031709
0 0.073438 0.773958 0.027035 0.034038
0 0.136719 0.78125 0.024794 0.030839
0 0.83125 0.79375 0.028021 0.035684
0 0.144531 0.813542 0.02799 0.035397
0 0.822656 0.820833 0.028371 0.034763
0 0.520312 0.81875 0.02365 0.028234
0 0.933594 0.826042 0.019531 0.026042
0 0.914062 0.838542 0.032474 0.037819
0 0.357812 0.834375 0.020627 0.027503
0 0.398438 0.860417 0.02306 0.029195
0 0.957812 0.883333 0.035532 0.046044
0 0.870313 0.942708 0.018939 0.024442
0 0.126562 0.9625 0.029344 0.044094
0 0.257812 0.95625 0.027603 0.031194
0 0.011383 0.958333 0.022766 0.029986
0 0.228125 0.979167 0.019531 0.027421
0 0.234375 0.989723 0.018939 0.020554