0 0.195312 0.013401 0.02365 0.026802
0 0.291406 0.014583 0.019638 0.024534
0 0.361719 0.017708 0.0223 0.028345
0 0.628125 0.0375 0.024679 0.030191
0 0.825 0.039583 0.023259 0.032779
0 0.784375 0.047917 0.02461 0.03379
0 0.429688 0.094792 0.023293 0.029834
0 0.303125 0.104167 0.026299 0.033348
0 0.3625 0.1 0.018029 0.025068
0 0.726562 0.10625 0.020537 0.027934
0 0.564844 0.11875 0.029082 0.037672
0 0.690625 0.132292 0.02461 0.03379
0 0.39375 0.136458 0.022047 0.026945
0 0.424219 0.154167 0.035688 0.044552
0 0.624219 0.167708 0.018991 0.026389
0 0.333594 0.18125 0.02749 0.031005
0 0.580469 0.188542 0.021161 0.025349
0 0.81875 0.192708 0.019992 0.026974
0 0.561719 0.214583 0.021161 0.025349
0 0.192969 0.220833 0.021796 0.02989
0 0.421875 0.220833 0.018773 0.023107
0 0.044531 0.228125 0.025513 0.033411
0 0.085938 0.229167 0.023456 0.028163
0 0.610156 0.24375 0.034546 0.05023
0 0.352344 0.240625 0.026637 0.037182
0 0.100781 0.257292 0.027289 0.038142
0 0.385937 0.253125 0.023234 0.02937
0 0.574219 0.270833 0.021819 0.028356
0 0.721094 0.280208 0.022016 0.03239
0 0.588281 0.294792 0.028181 0.039371
0 0.632812 0.290625 0.018976 0.027221
0 0.664062 0.301042 0.031003 0.040085
0 0.127344 0.301042 0.023535 0.029328
0 0.417187 0.303125 0.018354 0.027152
0 0.449219 0.304167 0.018756 0.022285
0 0.407813 0.305208 0.01802 0.023067
0 0.100781 0.311458 0.022815 0.027608
0 0.870313 0.311458 0.021198 0.026257
0 0.430469 0.316667 0.028771 0.035224
0 0.829688 0.314583 0.022226 0.031538
0 0.482031 0.314583 0.025022 0.026377
0 0.353125 0.31875 0.018756 0.022285
0 0.458594 0.326042 0.023457 0.035435
0 0.925 0.35 0.023232 0.0323
0 0.347656 0.353125 0.024588 0.035168
0 0.83125 0.360417 0.025235 0.036655
0 0.345313 0.370833 0.021479 0.027243
0 0.329688 0.384375 0.018161 0.023679
0 0.589844 0.394792 0.027501 0.038752
0 0.247656 0.415625 0.025209 0.035656
0 0.759375 0.423958 0.022937 0.028155
0 0.921875 0.433333 0.02276 0.031984
0 0.255469 0.436458 0.017759 0.024215
0 0.851562 0.441667 0.019792 0.025321
0 0.521094 0.44375 0.022111 0.027748
0 0.474219 0.445833 0.023456 0.028163
0 0.572656 0.460417 0.024995 0.032943
0 0.267969 0.473958 0.031048 0.043851
0 0.925781 0.496875 0.025386 0.038041
0 0.745313 0.510417 0.02198 0.027324
0 0.329688 0.55625 0.024024 0.034748
0 0.792969 0.561458 0.031918 0.044657
0 0.950781 0.555208 0.021116 0.030583
0 0.236719 0.575 0.030173 0.043156
0 0.130469 0.577083 0.028181 0.039371
0 0.139844 0.592708 0.024496 0.029918
0 0.578125 0.602083 0.019638 0.024534
0 0.64375 0.615625 0.017301 0.024027
0 0.698438 0.628125 0.028871 0.043211
0 0.745313 0.625 0.022759 0.032415
0 0.498437 0.625 0.023476 0.030208
0 0.465625 0.670833 0.035443 0.040529
0 0.153125 0.672917 0.023476 0.030208
0 0.653125 0.678125 0.018976 0.027221
0 0.202344 0.692708 0.018161 0.023679
0 0.729688 0.702083 0.027358 0.043283
0 0.853125 0.705208 0.023325 0.031295
0 0.185938 0.707292 0.019543 0.023126
0 0.017969 0.720833 0.029535 0.03938
0 0.2125 0.727083 0.019792 0.025321
0 0.757031 0.73125 0.02426 0.027326
0 0.575 0.73125 0.019925 0.025905
0 0.188281 0.742708 0.021198 0.026257
0 0.278125 0.753125 0.020328 0.024087
0 0.224219 0.760417 0.026389 0.034301
0 0.5125 0.778125 0.018827 0.023629
0 0.195312 0.784375 0.023063 0.030344
0 0.460156 0.789583 0.020479 0.026286
0 0.909375 0.847917 0.019762 0.028269
0 0.717969 0.851042 0.023778 0.030992
0 0.045312 0.861458 0.020395 0.028324
0 0.310937 0.879167 0.025938 0.031646
0 0.214062 0.879167 0.02046 0.030306
0 0.953906 0.878125 0.020566 0.026042
0 0.682813 0.889583 0.023103 0.02886
0 0.713281 0.909375 0.021701 0.028014
0 0.217969 0.915625 0.027387 0.036261
0 0.617188 0.914583 0.023293 0.029834
0 0.914062 0.925 0.019909 0.025929
0 0.272656 0.942708 0.018442 0.024589
0 0.261719 0.948958 0.021119 0.029767
0 0.525781 0.953125 0.025513 0.033411
0 0.4625 0.959375 0.02393 0.031906
0 0.023438 0.970833 0.02648 0.033546
0 0.504687 0.96875 0.017438 0.024063
0 0.321094 0.984375 0.020045 0.029423
0 0.642188 0.984375 0.020801 0.028133