0 0.24375 0.008943 0.022861 0.017886
0 0.624219 0.011001 0.018331 0.022001
0 0.435937 0.014583 0.021247 0.027272
0 0.870313 0.015625 0.021161 0.025349
0 0.635156 0.017708 0.018939 0.024442
0 0.835938 0.022917 0.026642 0.029619
0 0.71875 0.0375 0.024188 0.03293
0 0.409375 0.042708 0.019543 0.023126
0 0.575 0.044792 0.022971 0.028458
0 0.470313 0.064583 0.01971 0.025332
0 0.852344 0.088542 0.021479 0.027243
0 0.369531 0.090625 0.021339 0.026862
0 0.275 0.102083 0.01902 0.024748
0 0.11875 0.10625 0.01902 0.024748
0 0.073438 0.1625 0.023931 0.031351
0 0.110937 0.173958 0.02606 0.030638
0 0.577344 0.171875 0.026705 0.030084
0 0.6375 0.182292 0.023583 0.030562
0 0.0125 0.192708 0.020537 0.027934
0 0.765625 0.214583 0.026124 0.031426
0 0.834375 0.227083 0.020537 0.027934
0 0.71875 0.229167 0.018805 0.027121
0 0.602344 0.24375 0.022216 0.029845
0 0.741406 0.253125 0.021239 0.025868
0 0.5625 0.258333 0.019925 0.025905
0 0.564844 0.272917 0.021479 0.027243
0 0.121875 0.295833 0.026221 0.032529
0 0.078125 0.298958 0.026105 0.0312
0 0.189844 0.305208 0.025709 0.032024
0 0.647656 0.304167 0.019178 0.025168
0 0.167187 0.323958 0.026637 0.034626
0 0.829688 0.328125 0.019992 0.026974
0 0.521875 0.335417 0.018773 0.023107
0 0.665625 0.336458 0.020566 0.026042
0 0.13125 0.342708 0.019574 0.023676
0 0.504687 0.353125 0.026159 0.03105
0 0.725 0.3625 0.018161 0.023679
0 0.125781 0.377083 0.02475 0.031228
0 0.746875 0.390625 0.027563 0.031327
0 0.025 0.402083 0.023183 0.031878
0 0.104688 0.403125 0.019792 0.025321
0 0.667969 0.416667 0.021362 0.02664
0 0.727344 0.45 0.02464 0.031651
0 0.790625 0.488542 0.020537 0.027934
0 0.497656 0.501042 0.021323 0.026425
0 0.974219 0.510417 0.021542 0.029952
0 0.832812 0.522917 0.023232 0.0323
0 0.124219 0.546875 0.027753 0.034375
0 0.86875 0.552083 0.023103 0.02886
0 0.225 0.566667 0.02648 0.033546
0 0.746875 0.564583 0.019909 0.025929
0 0.629687 0.569792 0.020046 0.026244
0 0.632812 0.602083 0.026421 0.033117
0 0.03125 0.608333 0.019792 0.025321
0 0.301563 0.630208 0.023556 0.02766
0 0.575781 0.689583 0.01882 0.024173
0 0.357031 0.697917 0.018939 0.024442
0 0.632812 0.755208 0.02018 0.026907
0 0.302344 0.878125 0.018773 0.023107
0 0.807031 0.915625 0.021339 0.026862
0 0.93125 0.919792 0.02292 0.033794
0 0.875781 0.921875 0.023232 0.0323
0 0.848437 0.969792 0.025513 0.033411
0 0.955469 0.98385 0.02838 0.0323