0 0.082812 0.013062 0.021648 0.026124
0 0.807813 0.032292 0.018561 0.025359
0 0.582812 0.044792 0.029228 0.035147
0 0.776563 0.044792 0.025323 0.037101
0 0.625 0.083333 0.031379 0.0349
0 0.890625 0.11875 0.022245 0.037572
0 0.642969 0.134375 0.022558 0.029051
0 0.705469 0.184375 0.025323 0.037101
0 0.147656 0.214583 0.02929 0.034497
0 0.526563 0.217708 0.029341 0.038778
0 0.330469 0.229167 0.027978 0.037304
0 0.414844 0.253125 0.018161 0.023679
0 0.658594 0.253125 0.019733 0.025046
0 0.977344 0.270833 0.021443 0.029582
0 0.913281 0.294792 0.022996 0.028271
0 0.680469 0.30625 0.024452 0.02879
0 0.864062 0.327083 0.022979 0.034747
0 0.725781 0.344792 0.018991 0.026389
0 0.174219 0.360417 0.021247 0.027272
0 0.705469 0.365625 0.023103 0.02886
0 0.888281 0.434375 0.025235 0.036655
0 0.357031 0.452083 0.019792 0.025321
0 0.660937 0.472917 0.025598 0.035529
0 0.453125 0.485417 0.022254 0.031093
0 0.080469 0.49375 0.021542 0.027554
0 0.971094 0.503125 0.019065 0.031282
0 0.390625 0.509375 0.027426 0.030596
0 0.296875 0.511458 0.024899 0.034055
0 0.632031 0.523958 0.025062 0.035457
0 0.783594 0.535417 0.01971 0.025332
0 0.448437 0.551042 0.027671 0.037831
0 0.763281 0.544792 0.020231 0.026656
0 0.821094 0.573958 0.026997 0.041222
0 0.638281 0.571875 0.023244 0.031704
0 0.557813 0.594792 0.019792 0.025321
0 0.399219 0.594792 0.017982 0.022269
0 0.647656 0.601042 0.019429 0.026567
0 0.242969 0.639583 0.018442 0.024589
0 0.794531 0.655208 0.02516 0.035307
0 0.489063 0.660417 0.028378 0.034945
0 0.263281 0.676042 0.02198 0.027324
0 0.03125 0.684375 0.021648 0.029332
0 0.432812 0.719792 0.027755 0.032382
0 0.971094 0.722917 0.021727 0.028969
0 0.642969 0.732292 0.024309 0.031325
0 0.466406 0.75625 0.023287 0.034879
0 0.694531 0.753125 0.023097 0.028871
0 0.910937 0.75 0.020341 0.025073
0 0.732031 0.767708 0.024736 0.030494
0 0.475781 0.777083 0.020566 0.026042
0 0.205469 0.785417 0.020697 0.026524
0 0.163281 0.803125 0.026592 0.03782
0 0.082812 0.827083 0.024334 0.032184
0 0.09375 0.860417 0.025002 0.031555
0 0.573438 0.934375 0.031002 0.037091
0 0.910937 0.985417 0.024383 0.028296