0 0.704688 0.012363 0.026376 0.024726
0 0.113281 0.019792 0.024359 0.033115
0 0.585938 0.01875 0.026711 0.032509
0 0.4 0.03125 0.018161 0.023679
0 0.990584 0.055208 0.018831 0.031896
0 0.645312 0.05625 0.023319 0.029672
0 0.844531 0.072917 0.025208 0.034751
0 0.316406 0.086458 0.018773 0.023107
0 0.203125 0.101042 0.020566 0.026042
0 0.807813 0.105208 0.020676 0.026744
0 0.280469 0.126042 0.021243 0.027194
0 0.407031 0.133333 0.025243 0.032454
0 0.558594 0.135417 0.02545 0.035034
0 0.859375 0.175 0.019925 0.025905
0 0.3625 0.176042 0.02095 0.027383
0 0.842969 0.191667 0.024847 0.031127
0 0.689844 0.201042 0.02499 0.034586
0 0.54375 0.203125 0.023778 0.030992
0 0.788281 0.208333 0.021701 0.028014
0 0.796094 0.211458 0.021563 0.029929
0 0.592187 0.213542 0.022828 0.027821
0 0.378125 0.223958 0.030016 0.034562
0 0.4875 0.21875 0.019574 0.023676
0 0.510938 0.241667 0.031315 0.038956
0 0.885156 0.233333 0.018008 0.02309
0 0.934375 0.251042 0.025383 0.036527
0 0.839844 0.267708 0.021618 0.02791
0 0.369531 0.275 0.028545 0.036751
0 0.914062 0.294792 0.023493 0.032412
0 0.18125 0.3 0.020416 0.025301
0 0.342187 0.311458 0.023055 0.030355
0 0.533594 0.33125 0.027597 0.033767
0 0.979688 0.333333 0.020676 0.026744
0 0.254688 0.335417 0.018756 0.022285
0 0.2375 0.339583 0.018773 0.023107
0 0.949219 0.370833 0.02274 0.033763
0 0.485156 0.391667 0.018876 0.02557
0 0.282031 0.397917 0.018876 0.02557
0 0.490625 0.441667 0.0197 0.025227
0 0.930469 0.445833 0.024975 0.031796
0 0.74375 0.453125 0.02411 0.035966
0 0.696875 0.453125 0.024136 0.031823
0 0.447656 0.458333 0.024492 0.034303
0 0.283594 0.455208 0.020697 0.026524
0 0.708594 0.475 0.021542 0.027554
0 0.210938 0.48125 0.026124 0.031426
0 0.259375 0.482292 0.021198 0.026257
0 0.307031 0.486458 0.026791 0.034443
0 0.097656 0.516667 0.019638 0.024534
0 0.235156 0.525 0.028635 0.036202
0 0.217969 0.53125 0.024338 0.027553
0 0.475 0.548958 0.025938 0.031646
0 0.452344 0.554167 0.022209 0.029294
0 0.227344 0.591667 0.021727 0.028969
0 0.797656 0.597917 0.026681 0.038686
0 0.100781 0.59375 0.019574 0.023676
0 0.646094 0.6 0.019627 0.024405
0 0.546094 0.619792 0.021038 0.029672
0 0.024219 0.626042 0.026686 0.031536
0 0.873437 0.630208 0.026 0.030914
0 0.853125 0.676042 0.024136 0.031823
0 0.759375 0.692708 0.019925 0.025905
0 0.85625 0.697917 0.023432 0.030501
0 0.573438 0.7 0.018773 0.023107
0 0.989062 0.734375 0.019893 0.027596
0 0.078125 0.740625 0.021546 0.027548
0 0.850781 0.759375 0.02274 0.033763
0 0.810156 0.788542 0.024847 0.031127
0 0.125781 0.791667 0.02749 0.031005
0 0.341406 0.792708 0.020058 0.027568
0 0.025 0.802083 0.027056 0.034291
0 0.791406 0.816667 0.025084 0.031877
0 0.055469 0.84375 0.024383 0.028296
0 0.6875 0.851042 0.021302 0.02814
0 0.607031 0.872917 0.021542 0.027554
0 0.146094 0.872917 0.021259 0.028345
0 0.436719 0.876042 0.019574 0.023676
0 0.110937 0.9 0.028005 0.034371
0 0.498437 0.980208 0.026453 0.037035
0 0.314063 0.981535 0.025997 0.036929
0 0.480469 0.987625 0.022758 0.02475
0 0.909375 0.988176 0.021885 0.023647
0 0.728906 0.991249 0.018442 0.017503