0 0.592187 0.010466 0.022729 0.020932
0 0.570312 0.009423 0.018773 0.018845
0 0.69375 0.014583 0.021243 0.027194
0 0.78125 0.022917 0.019574 0.023676
0 0.396094 0.023958 0.019638 0.024534
0 0.472656 0.026042 0.024652 0.030465
0 0.870313 0.03125 0.022758 0.028319
0 0.490625 0.032292 0.019627 0.024405
0 0.642969 0.034375 0.020566 0.026042
0 0.90625 0.0375 0.022883 0.028677
0 0.499219 0.041667 0.022254 0.02805
0 0.677344 0.047917 0.025088 0.031317
0 0.359375 0.054167 0.030278 0.043589
0 0.058594 0.052083 0.025657 0.034055
0 0.457031 0.05 0.021339 0.026862
0 0.583594 0.05 0.019638 0.024534
0 0.139844 0.069792 0.034992 0.047966
0 0.578125 0.058333 0.021479 0.027243
0 0.694531 0.057292 0.018773 0.023107
0 0.641406 0.06875 0.018442 0.024589
0 0.742188 0.076042 0.022883 0.028677
0 0.510156 0.079167 0.020341 0.025073
0 0.89375 0.089583 0.022729 0.02728
0 0.503906 0.105208 0.043753 0.051073
0 0.532813 0.115625 0.021339 0.026862
0 0.011417 0.123958 0.022835 0.03568
0 0.138281 0.128125 0.021978 0.027245
0 0.46875 0.127083 0.019119 0.025492
0 0.164844 0.13125 0.019574 0.023676
0 0.547656 0.1375 0.020736 0.028573
0 0.475781 0.140625 0.025032 0.033377
0 0.530469 0.15 0.041933 0.050935
0 0.820312 0.155208 0.019429 0.026567
0 0.928906 0.155208 0.019531 0.026042
0 0.30625 0.171875 0.029145 0.035766
0 0.671875 0.16875 0.019429 0.026567
0 0.86875 0.173958 0.020801 0.028133
0 0.938281 0.180208 0.019531 0.026042
0 0.614062 0.18125 0.018827 0.023629
0 0.515625 0.203125 0.019558 0.02407
0 0.770312 0.205208 0.018561 0.025359
0 0.609375 0.209375 0.018999 0.02628
0 0.748437 0.213542 0.022764 0.031881
0 0.771094 0.221875 0.02976 0.040807
0 0.255469 0.240625 0.05123 0.064384
0 0.603125 0.239583 0.018331 0.025253
0 0.663281 0.253125 0.030827 0.038244
0 0.367969 0.254167 0.030965 0.042966
0 0.177344 0.248958 0.021542 0.027554
0 0.571875 0.259375 0.023796 0.029832
0 0.727344 0.264583 0.018561 0.025359
0 0.307812 0.272917 0.018773 0.023107
0 0.766406 0.285417 0.030593 0.038324
0 0.54375 0.280208 0.019543 0.023126
0 0.690625 0.290625 0.019792 0.025321
0 0.853125 0.3 0.019792 0.025321
0 0.435156 0.3 0.018008 0.02309
0 0.816406 0.30625 0.02087 0.028194
0 0.311719 0.310417 0.018008 0.02309
0 0.089063 0.317708 0.019683 0.026728
0 0.65 0.316667 0.018029 0.025068
0 0.4625 0.317708 0.01902 0.024748
0 0.577344 0.353125 0.03845 0.065715
0 0.839063 0.35 0.018876 0.02557
0 0.828125 0.352083 0.018161 0.023679
0 0.055469 0.355208 0.018939 0.024442
0 0.201563 0.371875 0.02101 0.028935
0 0.546875 0.380208 0.022254 0.02805
0 0.624219 0.380208 0.018561 0.025359
0 0.365625 0.383333 0.021645 0.030804
0 0.410938 0.389583 0.023597 0.02855
0 0.821875 0.392708 0.019178 0.025168
0 0.626563 0.397917 0.01802 0.023067
0 0.742969 0.402083 0.021542 0.027554
0 0.699219 0.416667 0.041247 0.051899
0 0.455469 0.407292 0.018124 0.023544
0 0.558594 0.432292 0.058395 0.054633
0 0.142969 0.4375 0.037045 0.05659
0 0.594531 0.423958 0.019638 0.024534
0 0.611719 0.422917 0.017438 0.024063
0 0.81875 0.429167 0.019429 0.026567
0 0.077344 0.439583 0.030737 0.044029
0 0.375781 0.434375 0.018939 0.024442
0 0.604688 0.440625 0.020566 0.027421
0 0.709375 0.441667 0.019627 0.024405
0 0.392188 0.444792 0.019792 0.025321
0 0.834375 0.455208 0.029635 0.045228
0 0.328906 0.448958 0.02356 0.030315
0 0.215625 0.454167 0.027196 0.036515
0 0.389844 0.452083 0.019574 0.023676
0 0.189844 0.461458 0.017982 0.022269
0 0.288281 0.477083 0.026104 0.038818
0 0.032031 0.470833 0.019638 0.024534
0 0.808594 0.476042 0.020566 0.026042
0 0.65 0.478125 0.018161 0.023679
0 0.071094 0.48125 0.025048 0.026775
0 0.328906 0.497917 0.034781 0.050052
0 0.7125 0.4875 0.018773 0.023107
0 0.070312 0.491667 0.02438 0.028302
0 0.88125 0.5 0.028598 0.034664
0 0.405469 0.502083 0.021999 0.028864
0 0.914844 0.516667 0.031268 0.039382
0 0.464844 0.517708 0.026275 0.033933
0 0.34375 0.522917 0.024931 0.040846
0 0.036719 0.521875 0.023447 0.026119
0 0.641406 0.528125 0.028926 0.037667
0 0.900781 0.527083 0.027942 0.033438
0 0.794531 0.529167 0.018331 0.025253
0 0.78125 0.5375 0.018756 0.022285
0 0.635156 0.541667 0.018867 0.026122
0 0.766406 0.55 0.03378 0.045527
0 0.942187 0.55 0.022828 0.027253
0 0.267969 0.56875 0.039944 0.061698
0 0.7875 0.55625 0.022883 0.028677
0 0.753906 0.561458 0.018827 0.023629
0 0.330469 0.567708 0.02583 0.032635
0 0.425781 0.566667 0.021339 0.026862
0 0.419531 0.580208 0.021314 0.02663
0 0.4125 0.582292 0.021339 0.026862
0 0.184375 0.5875 0.026739 0.03349
0 0.444531 0.592708 0.019574 0.023676
0 0.460938 0.594792 0.019633 0.024542
0 0.439063 0.596875 0.019925 0.025905
0 0.452344 0.594792 0.018756 0.022285
0 0.466406 0.597917 0.018773 0.023107
0 0.526563 0.607292 0.02475 0.031228
0 0.503125 0.614583 0.030002 0.039477
0 0.779687 0.617708 0.01971 0.025332
0 0.516406 0.63125 0.020147 0.028452
0 0.271094 0.647917 0.040521 0.052762
0 0.208594 0.651042 0.034524 0.051236
0 0.507031 0.658333 0.056899 0.079408
0 0.234375 0.644792 0.022758 0.028319
0 0.492188 0.646875 0.017317 0.024011
0 0.320312 0.648958 0.01902 0.024748
0 0.305469 0.655208 0.019627 0.024405
0 0.239844 0.657292 0.018921 0.024472
0 0.753125 0.660417 0.019768 0.025593
0 0.484375 0.665625 0.020352 0.025177
0 0.832812 0.671875 0.019534 0.022292
0 0.603906 0.672917 0.017982 0.022269
0 0.821094 0.675 0.019893 0.027596
0 0.489844 0.673958 0.018769 0.023116
0 0.25 0.676042 0.018939 0.024442
0 0.515625 0.68125 0.022768 0.026762
0 0.79375 0.6875 0.028233 0.038312
0 0.483594 0.691667 0.025727 0.034918
0 0.509375 0.689583 0.016702 0.023976
0 0.496875 0.696875 0.029916 0.034108
0 0.15625 0.695833 0.018161 0.023679
0 0.441406 0.698958 0.020661 0.028728
0 0.555469 0.697917 0.020697 0.026524
0 0.502344 0.702083 0.018048 0.02325
0 0.648438 0.7125 0.019119 0.025492
0 0.690625 0.720833 0.018773 0.023107
0 0.151562 0.720833 0.018756 0.022285
0 0.639062 0.725 0.021198 0.026257
0 0.511719 0.729167 0.022731 0.02736
0 0.46875 0.742708 0.039757 0.049014
0 0.423438 0.735417 0.01802 0.023067
0 0.060937 0.763542 0.041436 0.064849
0 0.196094 0.761458 0.018161 0.023679
0 0.822656 0.7625 0.020341 0.025073
0 0.694531 0.773958 0.018773 0.023107
0 0.522656 0.775 0.018008 0.02309
0 0.258594 0.786458 0.02692 0.036212
0 0.064844 0.794792 0.023781 0.028969
0 0.413281 0.80625 0.024899 0.034055
0 0.1875 0.8 0.018756 0.022285
0 0.690625 0.820833 0.020537 0.027934
0 0.132812 0.821875 0.025825 0.026682
0 0.115625 0.821875 0.019543 0.023126
0 0.124219 0.829167 0.018008 0.02309
0 0.214844 0.83125 0.018827 0.023629
0 0.396094 0.840625 0.035623 0.042553
0 0.782813 0.833333 0.0201 0.026364
0 0.85 0.841667 0.020046 0.026244
0 0.16875 0.844792 0.023026 0.028919
0 0.535156 0.842708 0.021161 0.025349
0 0.017969 0.859375 0.028062 0.036021
0 0.827344 0.858333 0.020454 0.02833
0 0.196094 0.861458 0.025054 0.032952
0 0.18125 0.866667 0.027279 0.037581
0 0.408594 0.867708 0.021112 0.025088
0 0.342969 0.877083 0.024326 0.027335
0 0.809375 0.890625 0.041658 0.05442
0 0.311719 0.88125 0.018442 0.024589
0 0.411719 0.895833 0.022731 0.029504
0 0.164844 0.896875 0.018442 0.024589
0 0.703125 0.90625 0.021302 0.02814
0 0.44375 0.9125 0.024341 0.028597
0 0.696094 0.921875 0.018008 0.02309
0 0.286719 0.922917 0.018442 0.024589
0 0.69375 0.93125 0.019733 0.025046
0 0.299219 0.932292 0.018756 0.022285
0 0.476562 0.932292 0.018442 0.024589
0 0.819531 0.94375 0.027616 0.043474
0 0.116406 0.941667 0.019534 0.022292
0 0.423438 0.944792 0.019627 0.024405
0 0.175 0.95 0.022815 0.027608
0 0.760156 0.96875 0.023212 0.038776
0 0.736719 0.9625 0.017759 0.024215
0 0.669531 0.964583 0.021701 0.028014
0 0.690625 0.970833 0.018773 0.023107
0 0.703906 0.972917 0.022143 0.027371
0 0.275781 0.972917 0.020341 0.025073
0 0.196094 0.984375 0.022828 0.027821
0 0.775781 0.9875 0.018008 0.02309