0 0.682813 0.038542 0.020416 0.025301
0 0.41875 0.066667 0.023232 0.0323
0 0.9125 0.097917 0.023325 0.031295
0 0.526563 0.101042 0.027091 0.032554
0 0.690625 0.202083 0.019627 0.024405
0 0.900781 0.214583 0.029056 0.032911
0 0.120313 0.2375 0.029863 0.034842
0 0.661719 0.275 0.028246 0.040293
0 0.039844 0.28125 0.025472 0.034539
0 0.417969 0.304167 0.026401 0.039949
0 0.572656 0.320833 0.02475 0.031228
0 0.044531 0.326042 0.025953 0.032857
0 0.360938 0.359375 0.021894 0.026105
0 0.858594 0.38125 0.019627 0.024405
0 0.491406 0.396875 0.027256 0.037017
0 0.642188 0.410417 0.034069 0.041421
0 0.860156 0.459375 0.025472 0.034539
0 0.264062 0.498958 0.027648 0.034893
0 0.560156 0.520833 0.020697 0.026524
0 0.591406 0.526042 0.018561 0.025359
0 0.966406 0.534375 0.024531 0.036972
0 0.507812 0.538542 0.029307 0.034742
0 0.213281 0.577083 0.021819 0.028356
0 0.428125 0.590625 0.023339 0.03403
0 0.909375 0.6125 0.0201 0.026364
0 0.791406 0.669792 0.024736 0.034375
0 0.11875 0.682292 0.029385 0.03693
0 0.590625 0.686458 0.020134 0.027719
0 0.777344 0.7 0.020328 0.024087
0 0.870313 0.719792 0.025552 0.033182
0 0.73125 0.734375 0.019574 0.023676
0 0.778125 0.780208 0.019429 0.026567
0 0.697656 0.784375 0.019638 0.024534
0 0.94375 0.817708 0.020046 0.026244
0 0.536719 0.904167 0.028303 0.032876
0 0.755469 0.930208 0.025899 0.036038
0 0.973437 0.9375 0.03903 0.042942
0 0.964844 0.98125 0.025047 0.032127
0 0.439844 0.984375 0.024736 0.030494