0 0.871094 0.008175 0.018756 0.016351
0 0.607031 0.015625 0.018939 0.024442
0 0.066406 0.101042 0.021161 0.025349
0 0.841406 0.146875 0.021999 0.028864
0 0.93125 0.179167 0.023139 0.033697
0 0.522656 0.188542 0.02143 0.027648
0 0.521094 0.201042 0.019574 0.023676
0 0.08125 0.234375 0.025795 0.036718
0 0.209375 0.28125 0.019627 0.024405
0 0.095312 0.3125 0.019638 0.024534
0 0.782813 0.38125 0.019733 0.025046
0 0.501563 0.430208 0.025938 0.031646
0 0.319531 0.575 0.027467 0.038364
0 0.5375 0.608333 0.025079 0.040668
0 0.335156 0.671875 0.021362 0.02664
0 0.301563 0.685417 0.024976 0.033622
0 0.884375 0.694792 0.032391 0.044643
0 0.925781 0.695833 0.025282 0.034542
0 0.701562 0.717708 0.023987 0.031479
0 0.710938 0.738542 0.018921 0.024472
0 0.283594 0.74375 0.019531 0.026042
0 0.513281 0.748958 0.023063 0.030344
0 0.778906 0.785417 0.027753 0.032981
0 0.088281 0.828125 0.020551 0.027917
0 0.394531 0.847917 0.021479 0.027243
0 0.078906 0.888542 0.026071 0.036362
0 0.8 0.941667 0.021049 0.031547