0 0.580469 0.029167 0.024586 0.035763
0 0.672656 0.055208 0.022128 0.030307
0 0.227344 0.092708 0.02721 0.033031
0 0.45625 0.091667 0.01971 0.025332
0 0.49375 0.103125 0.022729 0.02728
0 0.072656 0.129167 0.024416 0.036121
0 0.602344 0.139583 0.0197 0.025227
0 0.220312 0.184375 0.017759 0.024215
0 0.935156 0.19375 0.023103 0.02886
0 0.682813 0.20625 0.019762 0.028269
0 0.667969 0.2375 0.021796 0.02989
0 0.1625 0.244792 0.026843 0.034125
0 0.320312 0.263542 0.026571 0.034874
0 0.625781 0.321875 0.024847 0.031127
0 0.135937 0.370833 0.026124 0.031426
0 0.248438 0.3875 0.026135 0.040294
0 0.659375 0.403125 0.027003 0.034726
0 0.250781 0.40625 0.024679 0.030191
0 0.832031 0.459375 0.022418 0.029062
0 0.595313 0.503125 0.019574 0.023676
0 0.41875 0.588542 0.019543 0.023126
0 0.436719 0.642708 0.019531 0.026042
0 0.457813 0.647917 0.019909 0.025929
0 0.573438 0.672917 0.024043 0.032841
0 0.644531 0.68125 0.024982 0.033615
0 0.027344 0.7125 0.02545 0.035034
0 0.324219 0.740625 0.020456 0.028611
0 0.464844 0.764583 0.021796 0.030069
0 0.2 0.905208 0.019446 0.026546